13770
13399
27786
13471
2112
27717
28630
4633
28483
24689
20555
13694
2899
20834
8045
22563
5406
11123
18591
23541
24794
21527
30520
13437
20519
23345
13392
19721
24438
5118
14678
2366
28757
8777
12863
7066
23424
22899
11337
13462
9287
32425
21288
9162
24809
7013
20833
3563
2153
31522
14038
15069
13324
21364
16254
7429
21356
30388
29863
9479
14884
16506
21145
3685
17904
22580
6546
27039
28262
11403
10521
18991
10828
6454
24762
1995
31915
29511
26322
8838
21835
1140
2257
2275
6115
928
11755
16106
5258
5283
1119
20455
3391
20890
8082
1266
26973
1643
10699
2999
27136
23166
20797
14084
1178
30109
27372
30896
17148
25294
26213
7614
890
25923
15645
29118
9972
10818
4728
11608
17423
27025
31799
13417
13324
21029
10258
4566
9132
17533
9626
23196
26880
9985
4335
3547
20656
31309
30961
27652
15890
26655
8000
22560
27327
23194
25238
2965
1068
8786
1754
29087
22493
16110
6894
15055
15381
15642
7460
31468
16445
1223
29256
11675
28677
8638
2894
2496
22294
6958
5921
9230
24461
23909
12194
2888
22449
22024
32187
21792
18527
30168
25162
2588
24525
19667
1867
2046
22617
26726
17328
31821
24980
6598
14185
32240
18499
30857
4130
22937
10457
25962
24046
29023
20400
22672
951
11056
14496
13761
28591
4128
30167
17141
3379
14300
28137
7499
29325
10577
21061
27997
16911
11514
30634
5266
23152
16333
1259
8451
30524
20028
7684
14499
12529
25856
11799
10268
3702
4864
14762
2512
22576
23801
564
20424
30679
5297
12295
16091
27146
31374
17110
4191
3559
269
6672
26595
5727
1015
5169
21450
13372
11266
29616
24549
26304
32394
20780
26060
1652
1898
28401
24866
8791
15393
17990
23513
17919
14405
23889
18145
12497
13338
22875
3219
14873
27005
26345
2810
19802
1235
24157
19471
13642
20499
20355
16562
12735
15606
26530
190
2404
15195
7774
29995
10533
28856
26158
10115
11562
18417
22012
21700
26982
27655
23625
23196
24520
24985
9716
4950
18792
28642
32547
8254
30150
27353
28656
16371
15069
17717
24994
8506
14576
13819
15705
24201
18449
4009
28126
21378
6406
4974
28665
30936
1958
32122
6889
27779
17048
14670
30368
11029
16634
31675
21746
2290
8114
10464
23871
31273
24892
24378
1572
23112
26724
20528
23476
16828
16723
20727
24293
22828
8871
22440
2839
19582
7862
2528
32701
30269
16292
28647
26153
22451
1465
2607
23804
20497
20930
27196
25027
1392
19787
16288
21521
30590
16974
25741
2381
19079
12462
17720
13786
11671
20705
10628
13881
8898
17746
16477
22553
30479
21597
27377
13260
24070
13959
6519
5469
20946
22123
12260
18778
31285
29773
18485
16511
6195
5965
5447
14688
28544
1137
17658
11554
20820
4524
3053
16492
8759
28217
11203
23132
4320
12212
11084
14190
14671
12132
10485
4916
24652
16955
1608
5634
7377
3185
4306
1814
1013
6298
27449
12435
22185
13426
24719
29767
14695
27413
24010
13079
21630
22020
19581
23146
11695
27836
32517
18285
3695
15872
13246
10910
14965
2910
29325
24422
27583
31566
6623
10599
21808
29864
29398
32579
12095
34
4712
3486
21117
20392
25461
15064
31272
12802
21561
17900
18421
18668
7653
29232
26024
14414
13283
9926
27874
2340
27912
24405
30847
8012
5294
20772
25563
31323
11412
22029
3850
6521
2497
7392
30274
5933
19719
16674
24258
25637
28754
17973
32356
1246
10682
19569
13805
7410
5657
1358
29558
3005
22733
8785
17151
5754
24902
27032
7260
8486
29567
18866
2806
17597
32395
12103
14913
20133
21342
689
25716
20956
696
21410
25173
23987
13552
20108
8448
18592
14523
15441
8711
17043
32242
14301
16854
2298
7930
21460
9292
19601
25326
19686
11465
30391
11800
21098
26943
19844
25786
9972
3815
12237
26061
20683
2705
2323
26515
10704
25365
19295
7589
3121
6400
8772
28982
27093
29480
30331
18366
14294
2734
30447
8115
32310
12463
30374
16226
30237
14070
1960
28504
14841
23812
32358
14278
30234
21722
21812
6311
17421
27313
23251
32618
12040
21992
4329
30759
2042
21144
14368
5563
24143
17814
18825
6297
3305
29031
31771
8248
30001
7038
15732
26105
1700
21992
7881
24152
6423
31116
8675
24723
9985
26869
27188
22570
19813
26304
27513
2472
11770
18431
29461
13649
11752
14291
13804
17666
17122
16222
22156
23530
605
19582
13789
5849
17962
8047
26660
15039
3057
19874
30908
22996
7420
12344
29813
28200
12094
15511
6830
13682
5220
25930
14872
15613
16411
27214
32424
30104
29926
23961
6849
7908
24860
6313
11638
16472
418
2608
6608
32592
8543
14481
32398
29529
9637
6530
18757
9511
29972
10024
25604
29639
23960
17224
20472
26645
25573
6079
13908
5602
31793
13045
15740
20523
1414
24793
4378
4294
27453
4932
3278
27095
25409
24283
9333
15358
22013
793
14619
19336
9488
6311
20010
18873
25876
19983
3929
27694
15
13079
28843
14266
16661
5198
16416
16860
7086
32306
22373
19381
5478
31367
622
16336
20000
20403
8536
16063
17502
12945
9618
25148
1415
12501
16555
30369
27534
29001
15019
333
12157
26345
31776
13928
14194
25898
25793
4176
4656
25326
8419
20702
22100
30884
3722
16622
27575
29563
14897
6165
11802
26060
21680
8539
12921
665
12843
18919
12205
23541
3323
29377
11332
31077
753
28331
23726
19419
24657
12394
23411
11907
29527
5549
12373
16684
27696
26343
26391
26588
17714
10732
2319
236
13390
13981
22584
7833
27439
13358
1998
9290
15106
15198
29591
30945
12473
26519
3544
14999
16945
27651
27393
14319
30789
16458
23235
5707
24134
8861
13632
21752
9642
27632
12387
23038
2120
21627
13768
4206
20810
8792
23916
15417
25286
22980
795
9028
5756
26476
5953
2814
18245
9694
20295
28745
32444
8180
975
19720
5905
1696
19887
29026
10555
10041
17209
11187
21066
12383
1125
23234
8154
16308
1008
12332
15148
28633
18682
15961
25291
19164
22131
24406
25284
1185
9350
5152
26024
19147
30646
32740
7826
9529
24366
31233
12771
21617
30112
5399
19964
13807
12339
10051
24070
8549
4792
5289
16298
28991
32512
2385
30992
25963
11406
24922
2027
10032
26163
18616
25760
26088
4268
14176
15227
14302
8168
28281
27806
9117
23772
17126
13222
1123
10495
12926
11655
13089
31494
999
32599
24300
1869
8396
22124
10415
8782
2913
15823
3435
12570
25620
352
1558
25655
5508
24295
16690
757
32305
28105
20144
24343
4687
20686
12557
2386
11353
15558
9691
32051
15804
8677
3487
351
10739
19493
12078
12961
7952
8256
1877
9023
10742
11920
17677
10173
11321
9927
6966
9814
10851
30718
27126
14746
27326
2965
6586
22881
5532
3972
25292
1815
16923
8861
18660
6523
13939
24963
7018
31457
9185
14584
21876
29923
13969
12696
4704
6146
25562
13572
18535
5999
8935
3813
5218
29207
8713
21052
947
8587
25489
755
28349
1345
6535
13761
15498
10901
24094
22346
4556
8394
31089
3666
24170
21047
18372
17436
24556
7789
13030
25810
16502
15069
12090
18370
25153
24367
14516
2517
15912
29930
20
27093
27846
5291
3610
9618
29128
12390
20333
9720
30852
28439
31800
24900
363
28510
12213
25965
5776
31384
15121
6699
22765
19997
12
19058
19550
22943
8881
18270
5611
8166
3451
20414
2692
4489
2105
6979
8802
32641
9013
8483
16230
3500
20566
25960
22708
17817
29988
11541
25603
24126
30534
17118
18488
12552
19525
26881
6251
21523
30880
28523
2201
17475
26605
14365
20934
24955
11213
15756
4116
23377
17552
30185
24938
18772
24803
31555
16262
14284
3086
3781
28744
11846
13027
10535
24265
12492
22539
2537
27180
19444
21050
13282
28090
5512
20157
3367
8156
28593
6382
27935
24297
26993
21728
4722
22567
11125
23569
7841
9228
17540
26542
4485
30640
3102
10797
10172
28920
31927
29930
19754
22342
23610
6088
9204
4286
30814
14307
24224
13093
7060
18665
26826
22987
30488
30052
17943
17940
27612
27352
18736
11629
4417
1189
8536
15740
21790
18899
30661
31063
30660
1909
14969
10945
6309
9468
15542
5337
25414
12742
582
3463
23782
9936
16354
22204
3988
2403
31998
20163
7119
31941
17097
30542
20977
32362
10580
7697
16627
19530
24847
16494
18373
10556
22933
2010
12339
14538
3922
10866
22575
14975
13346
32025
13411
1400
10903
17848
1866
10822
30655
21984
14189
32694
15518
1191
19727
25140
7866
5630
5445
13074
32586
9698
22664
27767
14226
246
24156
8914
26044
29101
24482
22114
5004
30529
735
14698
12288
32250
32169
1896
6392
6090
7194
3782
15227
20978
5829
8834
16761
6862
7638
3080
8260
3923
12333
31246
25030
14005
28612
20868
2978
24905
14445
18534
18960
15655
31514
4945
24407
27164
11131
20577
17083
16738
25366
26847
24785
5268
17184
6466
26037
6445
3533
27728
13005
26391
28075
6445
10721
10625
32494
30605
6271
24473
26201
6121
31218
20876
7228
29822
14234
3433
8798
482
27959
21609
1357
13937
23934
16605
16798
2381
23419
4300
4536
7851
10178
20980
12002
16171
21169
15730
24297
24009
22767
21423
15067
15127
8300
22512
31954
6698
30126
18225
14677
16023
30956
2309
23004
15291
10295
921
23102
19702
27466
5955
25574
13236
16796
11793
14312
13072
13509
19481
15681
7865
15652
9520
7514
18427
31886
29086
5836
27827
4375
7081
5629
20981
19194
11116
27581
28323
21820
7343
459
24114
21241
32415
6080
6545
18591
24401
6471
15349
5283
12351
14851
19470
22239
10505
18847
6198
19965
25949
29544
22450
2176
19430
18021
14475
21906
16180
3036
19502
6374
514
4263
27794
6155
6638
8564
32725
11961
8261
22857
30894
1641
11853
5417
27815
32372
11527
29261
24643
29737
19949
15736
14916
9073
1304
15046
23084
19296
18041
30074
29171
18148
26648
16661
6651
1873
9355
27695
23285
24361
7876
31863
6858
28125
6171
21704
17506
7052
16737
28666
15393
30371
31698
29655
22676
4357
8074
18164
31424
2971
8755
25679
22555
10420
4048
18732
12252
26739
7850
18799
18621
19384
27252
13567
5207
6836
17904
28259
23248
14359
9624
28841
16888
7912
24674
5832
23782
18478
29205
4433
9796
565
9439
20462
17109
21586
6798
90
28840
20065
29010
32391
9541
29847
5805
22783
288
11877
13505
9317
9364
13652
19345
19338
2479
32099
11954
27980
15197
2932
10755
22812
6907
29108
6960
4430
16344
20184
7899
4314
4310
6535
10949
9589
28702
3121
13827
15418
15040
28705
10030
25058
30327
22268
27134
22962
2763
25059
10021
3299
22632
16733
8008
32493
6675
4498
23037
7814
20000
14192
26538
32641
13234
12153
24868
15990
31993
28195
1552
21528
4390
13017
7391
10805
20362
18984
17784
8134
23419
17449
6959
28838
24953
4892
20405
16974
23558
22481
12483
8772
22662
2557
213
16159
16774
6130
21918
10100
32366
15715
31839
29834
11607
29265
28422
19613
12888
23957
14679
21645
16184
13408
10929
1909
13421
12187
11757
28729
22651
17210
26682
24950
25712
9810
29728
3473
25961
12
14001
26312
30108
4885
30159
16876
18889
18742
18913
28604
28165
22702
13348
17733
25760
3832
28317
22766
17485
18531
12659
7270
16820
20903
25798
8939
9194
9955
14126
25785
25120
26631
16704
7799
28120
16111
28525
13396
8752
22894
2576
23913
20353
30096
6097
27286
16659
32629
11578
5392
2043
11935
9468
19933
2943
24205
15700
32534
22510
4246
15308
1755
20316
22193
15782
3383
16052
15743
14486
19636
23757
23466
10706
22373
25682
25806
21915
4438
17172
32756
13591
19951
14559
2267
8982
10320
30280
13461
27098
5885
23752
31762
20996
20921
26398
98
25629
30589
1744
635
6022
8789
13095
32526
17532
30748
18905
25645
73
5638
5623
10956
23222
3115
14401
21483
3801
3531
25197
4624
722
28726
16903
4191
31527
505
17656
8424
12137
25293
20436
11262
566
22835
29341
27294
20459
29570
32530
13002
4830
31817
15598
22042
6006
4748
22059
24173
27563
29939
13834
4998
3979
7297
7310
1230
3971
14118
18329
17227
16654
9916
16071
18033
19317
7598
19217
30942
29999
478
16470
30883
24934
4962
24723
6879
29405
14722
14276
25998
6782
4238
777
2612
14139
22575
9315
12069
25161
28
28501
29605
8848
16798
8473
8628
25561
29939
19417
15306
4524
3892
16394
11177
6174
31392
15844
30169
19053
31398
30937
3802
11219
24435
5447
16987
3518
1193
11053
20017
19807
29264
3780
12962
25857
31367
29808
10167
2320
21504
3293
9413
15138
22661
18371
29877
21944
22710
13508
1904
4640
18430
16872
16043
6704
7158
30904
8867
6436
12577
12261
16816
21904
15949
32568
3367
7321
10567
14176
18690
32304
14901
12836
13201
17728
3606
8831
32137
32654
29469
20709
12244
10826
458
5286
17643
23373
15362
900
7889
28511
32328
18487
26637
26375
15120
20033
16320
10739
18877
13593
14141
18516
17860
3844
8984
22767
22735
13341
4537
23179
10623
5583
28989
32482
27414
11035
15913
9138
9476
18774
31994
8532
20590
2914
5103
26316
1310
10146
19938
20502
11460
6698
29207
28236
27762
25219
14463
28928
1
1893
11707
7188
15288
31921
32652
6755
2196
29460
25260
24714
16654
23025
10078
27118
13379
22766
4036
23721
14523
19954
6533
13703
25153
19891
32016
273
19076
19410
30928
27893
32166
24900
25705
26174
18147
6615
9916
11064
4701
20971
20624
25342
17931
10561
16453
18383
4227
16363
897
10654
5076
179
17147
18769
15683
20741
31713
6310
5103
2411
32307
969
18252
2012
18979
2174
14940
11320
27319
19707
15440
1480
26613
22671
26082
4656
16904
26838
2104
17086
30538
30534
21501
9239
5466
305
24475
25079
18194
12539
22526
3257
26765
19624
31924
13339
10289
28150
2671
22027
17041
24110
30196
10917
188
1826
8612
21471
30539
8565
23344
26937
30273
27449
3875
26677
17972
18163
19834
12185
14426
18010
26405
22169
32412
31446
8262
10003
8083
2299
30161
4574
22497
4702
7656
9725
15056
32582
27798
14164
2730
24026
27817
7284
16113
31601
1666
31332
27907
11701
32714
29688
26324
13331
1792
14525
8646
29061
6708
7690
31823
27030
18373
30968
2546
7907
5065
6075
14652
22117
10093
9073
31748
15196
13404
9875
20115
23254
18741
22340
957
10533
29726
3474
2541
18112
7906
19670
9327
6928
22828
4390
30488
4195
7467
19651
17904
27729
2750
3710
5937
23456
11949
3091
29405
14120
19167
20713
9715
6287
29738
20282
14980
22969
20492
29669
5840
29302
22756
12306
17497
21426
6004
110
27344
21516
1646
18021
15505
10450
8898
13354
25778
6275
2884
15971
30817
23546
16300
26075
21247
10169
3749
18436
9574
32411
10133
26354
23756
4176
14710
10396
16278
20783
7068
19023
11686
11858
20291
24022
16484
11428
28301
2987
15225
18598
25968
26364
1713
30368
21550
19081
5366
28442
25568
19999
7558
26075
23948
21834
4905
2156
13000
2204
25662
19905
2448
10257
16148
26558
7333
24501
8966
12549
29555
14391
24670
23447
15248
14384
31643
14690
9644
5946
12017
28806
11714
28381
5133
1706
10443
25043
6379
18782
5899
10191
11029
13539
31563
9352
14944
13465
18899
4430
14797
1589
22091
3126
31024
7165
16842
22997
22305
3048
24705
27248
8030
9911
25298
2734
28878
7746
22329
14468
12827
15236
318
25471
25094
18001
13769
29442
15715
27998
24165
29416
7583
2612
913
24872
22787
31012
27209
13100
19358
4410
7772
21667
17119
28945
18786
29217
11868
23243
9167
3031
7260
640
25125
11211
19731
19298
12132
4372
31026
29473
19384
17759
9166
30038
11687
3328
21306
8484
29589
25515
11575
13729
184
29779
13833
24131
21359
31278
5621
13167
23532
6872
11762
12246
22644
21222
22289
20177
16191
27431
533
30965
20513
31283
22983
15259
3805
992
7778
1798
22120
31193
17243
11652
218
3333
7882
7911
29023
13873
1808
28625
22661
16914
29775
19236
621
27102
19297
31957
9494
25907
12080
9709
14840
29193
30657
19260
7092
30043
26057
8224
29153
2984
30163
13928
12243
1666
4648
23502
27819
30520
11190
27165
19248
26180
14083
25805
28088
28756
23544
7506
8377
7454
20819
23752
5277
1753
14996
26756
24077
27666
14173
28871
13852
9514
9900
2029
32167
15814
21021
5645
19668
19412
2905
22044
29679
8735
27685
8936
1707
26778
2086
15587
9612
25861
30027
27637
22981
24504
18003
20345
20864
29966
6742
22624
9906
17504
14135
19879
24084
9277
22601
17956
8046
11601
18351
31090
21979
27888
13709
25119
14436
20476
22732
4164
11272
30255
11246
29232
26083
18416
14384
10938
27995
6982
20481
6711
16392
9476
32228
19014
2333
28604
19365
31903
26565
31519
28783
17448
17307
14812
15644
18966
16794
14715
30719
9697
8234
20010
25869
4605
17139
3130
24097
6785
25437
10148
21014
30496
3123
5886
8165
11253
13740
29623
17913
5691
17570
15572
16906
25229
29670
18614
30244
4954
6465
6646
7534
17125
30598
8774
21117
22027
6516
22546
12789
8161
9957
13391
21163
13270
31656
10955
18158
426
25165
2208
5232
32034
30148
20845
32565
9834
21326
25265
12528
13883
32515
28065
6454
25523
15239
20007
5708
1850
4607
9659
29664
7229
7797
13788
21499
21754
3327
27348
10204
181
15482
2658
828
11306
12453
29682
19191
24571
529
25556
17644
10511
18464
28449
4019
26077
26790
7024
31820
15441
8477
13963
3810
22572
3207
5256
9511
27899
2817
7325
20824
12242
22234
11899
18010
904
2059
18912
23869
9088
31187
11467
1955
4675
17439
32273
27697
9786
31676
13167
3562
6830
18866
30560
27581
4882
9851
10579
24358
28902
17595
28206
15031
5641
17822
18505
26630
6067
14588
20192
1971
9300
20927
32688
13986
29543
15484
3456
2805
7747
29008
2626
20344
2960
28406
4306
31089
7313
11027
3460
793
491
18611
8493
17458
2026
25273
7960
32414
23554
13684
705
10140
16129
31507
15315
18484
29323
14567
32712
27773
20738
11241
6909
68
7323
18775
17708
6186
3405
129
22627
6280
17874
2942
16398
30890
11287
17771
18475
15522
27108
8603
5816
22646
25100
12381
18725
30433
433
17443
8004
31560
32004
27481
27674
18362
10830
10335
9661
19499
27188
17545
12608
7459
16633
18578
9564
26781
29579
31525
30171
15726
16262
14257
4953
696
8529
29104
6157
10969
25587
12314
20002
13966
25275
16747
32039
24196
23233
864
26186
15096
5362
20286
13004
13795
3776
4263
26498
12971
12232
7982
12880
24422
16011
23437
25518
3676
4661
1146
4915
8535
5134
25828
25003
28
27069
21612
15765
10735
11529
1085
5800
16083
24904
372
14073
24136
1696
11782
25086
5620
4183
31111
11642
27683
17610
18046
22110
1611
28268
6618
24882
28205
7501
18513
6344
9948
3367
14701
32113
24700
17078
882
3281
11003
4241
22661
18730
15050
25688
5871
28989
8449
4758
316
18604
28303
8455
31445
25804
25404
6654
18127
32662
10281
19681
8729
23814
21131
18273
23753
19817
27901
412
29591
1273
5678
23630
15529
16091
18791
23573
13499
7337
20236
24767
19140
24801
1850
19851
13994
3540
7178
1756
7558
5776
3214
6458
23563
6845
6303
12337
6084
32726
27634
6030
16935
11325
3926
1717
9733
21824
6152
3543
20396
28954
11620
15838
25823
2704
18727
16858
29710
25160
8002
21787
7383
16928
1420
2146
30892
15085
28110
17979
3367
14543
18289
1117
20210
7996
18494
7051
29890
6786
32660
2343
8690
26595
15877
5410
8546
18618
26299
17349
28923
17557
22124
6511
8614
25424
27127
12697
27027
24995
22602
5120
24807
8732
7348
7103
27381
9823
26894
23630
18890
18247
9582
8083
12850
3996
7581
20829
4001
25449
20257
19536
29159
8018
30825
27329
32297
2503
17270
9774
23192
24210
29793
19911
29331
14883
7443
3273
667
27877
22771
5968
8796
25670
427
8982
20190
5107
28889
32024
23813
12096
15773
24556
11817
15129
2636
17079
20803
18379
16070
22797
14820
21769
24378
31410
29035
811
17981
27877
29650
839
19764
25557
27208
24887
11559
10078
20029
14443
8272
3809
31849
31896
6608
684
10057
32328
27611
8838
15212
30798
26405
31821
30800
6172
12598
4303
21347
25640
23249
5800
19413
25500
17907
47
23565
7759
7665
26998
27373
3765
23721
32010
30469
14951
24578
27255
30275
26988
27990
23128
30020
31869
13982
29867
25581
8943
20079
3858
16562
15763
17790
7919
9434
14947
23424
22709
8883
25366
26202
26454
1893
18372
24738
29271
27277
2759
24131
23251
29956
170
15987
11264
26698
8715
10556
26959
2394
20464
25955
1067
25293
7942
31267
22334
23629
275
11807
21551
9576
11506
3066
10148
17194
22128
11601
19199
22321
31010
22602
7015
13982
30245
8938
25178
9408
26816
19478
22403
5011
15948
7247
19257
25438
1411
4151
13637
32395
2230
12511
18517
2617
496
2460
15363
13386
13797
865
9356
13195
9136
8721
11400
16891
29199
29274
13139
20468
21099
14801
1912
12038
2483
1723
1371
17917
1360
6986
15919
16311
15272
15922
6197
3193
11537
2265
13931
20377
28873
28806
12062
11891
16812
14427
9301
29225
1122
25972
32285
22585
24540
8559
19110
6546
115
7015
10698
19058
24465
24688
6640
1507
6164
26902
24984
24384
15632
15108
8685
11376
18037
19831
30171
16148
24393
21307
5635
29182
7510
7521
7913
3213
13631
27958
17397
17473
19920
13173
26374
3538
11955
11852
22537
26464
7142
29383
1129
17018
12653
10498
27899
9791
4280
26576
14636
7144
17049
27324
12971
5571
22317
9844
25125
12858
15380
27587
9176
3191
10541
2196
30789
21718
26614
4933
18613
12845
23162
21069
5483
18715
26172
3201
10922
13802
18458
24032
27704
28982
20810
3025
27513
5688
3478
11941
9471
12558
17851
15391
24331
9000
14445
12390
6432
22460
20377
3717
30168
24054
3238
1464
4880
18614
19551
18073
15656
10712
31692
26227
11844
10634
22987
23502
22814
3375
15048
23932
5489
963
13145
13809
2199
9188
1932
11075
26145
19245
12616
5088
11533
27233
15880
14978
29933
5295
4663
11249
10552
26286
22912
15967
5578
14724
20998
20962
3032
12120
6120
16713
19554
22032
24292
1766
10986
10843
2248
16054
18346
13006
6438
21906
1279
20173
5581
5348
23148
12531
16677
15365
13176
21935
4734
24720
10962
765
25177
30774
29864
29262
528
12684
32741
23318
20320
20208
15279
12822
6655
30515
2004
19151
5043
3951
25205
5967
26105
26774
28829
9923
30797
16877
2595
22643
13719
526
11784
27849
19678
16038
15288
23700
13800
17103
18953
16793
26713
22675
26899
5803
25955
9338
32672
8835
28823
31384
12249
8005
13970
21171
2387
22172
25919
25332
16707
28393
23428
27023
31306
15876
13722
18161
17480
285
25564
16277
8753
25495
4419
2587
8217
7989
28513
31431
18165
13760
285
21057
32217
484
30123
26745
10131
17555
18157
19477
19691
8924
23462
14899
3504
16446
19441
26580
17563
17889
30051
2395
30721
16855
23325
827
24093
259
6028
7752
25849
15336
14411
27218
32086
25250
14887
11609
20440
7710
29866
31772
28849
15650
24443
9957
17092
8595
26614
4000
9720
362
1802
16427
1039
16939
14634
5766
25885
250
31633
11253
4629
16317
21141
25990
27821
2434
2220
12629
6012
28317
15653
26440
27181
29173
25935
26360
21866
24868
8840
27340
11130
11152
20944
25259
27538
5115
7381
10426
30308
24042
25079
28798
2476
22960
29701
4711
29634
4194
13977
5980
19866
24311
32144
14556
6188
13099
27756
633
11555
11460
12492
23743
8281
4249
18999
12658
24964
19352
13155
28635
22342
20993
31923
2758
2125
19120
5803
22807
8651
22116
31565
18464
18903
24904
4696
821
15948
14232
9255
6504
9722
3536
6800
11234
10039
12387
26067
17235
11760
2563
3586
17795
28351
4004
31491
16212
28207
10866
31990
15476
6222
30834
11799
15478
14243
858
12668
25423
2090
15885
27289
6850
5149
12775
27467
12551
6404
2754
29860
6514
16547
15747
5588
14964
21273
22297
29674
12490
16159
23021
30194
6295
6254
2182
14730
25897
11124
9748
8955
14548
16506
12625
25213
18336
1261
272
29694
26382
2221
22871
13373
15529
19267
30541
13190
23303
20043
28344
16302
22327
6601
3191
1509
14341
9037
15197
9269
20544
23059
14927
18571
22737
19911
8059
989
16467
15335
29822
11572
20021
10802
25156
6440
21107
21995
4282
31275
15067
12372
370
15185
7804
5020
13824
3566
23770
4208
19799
23729
3032
18840
28555
20850
19862
25306
4224
25034
20560
30626
27085
12939
27102
5959
2932
17162
25336
24344
29029
26330
5688
25146
470
13890
20630
25573
8495
16725
31887
14893
2146
2486
25775
31090
23880
30825
23613
24249
27658
25209
14270
18063
31727
26271
7999
10671
24317
27692
24578
44
2776
9166
29008
23144
10610
10987
2208
29688
23145
32635
10706
15561
20117
29090
2841
23152
3022
10042
1718
25530
8593
23593
16305
18072
18040
8386
28542
25144
7544
30014
1427
17728
12296
14007
21859
11673
23500
2098
15744
21670
31873
7539
16591
4491
23907
16497
25830
24941
28948
13672
27926
24711
31905
29646
31837
5517
30840
12991
21688
19959
22389
31477
16237
25407
29934
24320
8950
30282
9243
4577
6110
16126
24551
1744
27306
24292
32639
17501
30107
18397
13290
29144
27239
24378
874
17299
9905
23664
32481
9426
13364
2750
565
17298
32590
10290
12059
14999
21755
23053
15013
31508
14955
28273
32238
19761
8563
16416
20119
26164
7155
6837
32687
22954
26222
1042
32679
22534
5474
123
13036
28721
25740
23710
24046
28565
27119
30684
11093
11400
19668
14592
3244
19068
16181
31847
30962
5349
4832
26209
12454
10523
29539
14990
6642
4552
1494
27440
28751
2967
15419
3295
22485
1716
19965
17033
28143
10174
20838
13343
7041
29118
8447
2455
18331
24967
5405
22101
6426
6586
20673
757
20520
5576
17294
30629
11712
19033
16217
17158
31439
19577
27567
23532
9856
17631
10828
5506
10778
27277
29025
23834
3022
9789
7361
32659
18827
28794
12612
3882
16746
25899
10785
8218
18555
24680
30176
25375
18388
99
2261
30310
24376
176
20834
11186
20705
2076
14012
12049
10209
29887
23368
8994
19463
12325
156
7907
213
16071
12925
474
11530
18647
28991
11249
3966
29877
24725
11531
23186
18922
17533
12903
24930
14953
27965
29412
13325
28199
27740
11565
7179
21020
31283
32154
17041
2413
9053
1944
15509
2772
16775
17179
27622
26474
15402
7315
19963
25582
18405
22920
5771
13175
30418
1379
31221
54
3179
6856
71
4527
7882
11064
8990
11351
20224
25544
449
32007
7512
7067
91
12080
10899
17208
12727
5075
18423
24547
3597
12116
27123
32615
25352
31904
14494
23563
194
29208
16648
18126
6985
11658
4226
27500
15487
26026
10143
24669
13459
19485
20777
12374
9682
23260
32173
9878
42
26475
32578
31674
9034
28616
21214
16088
32417
12009
26380
3237
145
29923
35
22162
19503
26496
15419
30267
17614
3449
24259
12515
23736
31491
8412
8865
11513
19371
29148
25074
4129
12078
11517
22444
6357
28084
26077
19255
16469
17403
28564
803
6103
29439
31608
22615
31078
20176
28802
16159
15085
28810
8265
20921
5987
13579
4450
29734
16649
186
4021
23669
21481
1285
11457
1805
9963
23230
5179
27370
27753
9399
11752
720
27398
5646
4374
1676
423
8458
17506
8837
9072
13077
19398
1715
11836
14077
31070
12928
18951
16246
4449
8893
31398
32230
15109
28181
23537
29865
23907
11579
18061
953
8754
19839
10152
22073
24337
12980
7711
16909
4332
20839
24303
15802
22349
21993
28928
25567
6999
14700
13316
9732
5318
29149
10720
2141
27956
8701
16504
11122
27809
32700
25780
6268
16852
1470
21634
19729
21550
18261
29509
23232
12881
13730
21497
15998
24840
10299
26407
25450
28227
4357
10657
26134
22368
32465
29396
26132
21720
28837
1141
19746
5156
30670
7059
29088
6365
10519
21683
31892
2346
21108
23514
3194
21271
19198
13931
22531
2020
15565
31016
22060
6820
23237
3447
11150
10615
32017
3985
15076
7333
14610
4070
6452
22402
22032
30637
9790
358
10983
23922
17701
14539
16712
32426
31810
28850
32003
8290
15638
11380
5413
24403
30213
3451
11350
24494
16754
20207
728
30710
5148
4023
27791
27532
27603
11027
16093
23173
29123
4329
29690
22324
17258
10685
2069
29358
13587
12698
6732
11999
2156
17129
31365
25704
10919
5243
25391
31397
6923
18849
7800
1330
16580
9011
2776
17650
13708
21023
12696
11176
22124
7733
29783
15717
27430
16076
31010
28945
26256
10628
20775
8860
23719
30661
17601
32473
10239
2517
8213
4882
23883
4911
5811
219
27224
25386
13461
29406
29102
13669
11857
430
1709
5246
3492
25248
7697
6174
8104
1341
12538
16413
25057
6827
7024
30617
9697
31409
14408
12203
10891
11944
30381
1033
8924
22748
3995
24448
5284
27411
322
16932
29743
2510
31240
28975
30795
15510
24311
27676
25980
1079
26121
31990
10236
24292
5526
22257
16546
28821
28102
16435
2326
11575
5040
20870
24775
26684
3775
17484
4259
29943
17003
8438
17788
1694
3236
13844
13793
31698
24437
22520
3221
15339
30725
14854
491
14528
5819
9701
11526
3829
13522
1275
6308
617
23286
31339
12569
32545
2601
14904
2221
24457
14522
28522
16530
31665
25862
16185
22102
19532
27337
3529
23398
9640
24126
28968
11556
27464
28356
17010
28035
30682
16675
5194
20828
13222
32012
30721
11177
6623
13507
9963
15589
32429
18832
12002
15958
15390
10736
2028
17560
31413
19882
69
21156
15014
12461
28167
16488
7357
5998
26108
14254
18193
27377
7306
31237
9596
5816
14507
9265
15968
27881
908
4079
17183
26005
26621
18447
548
21186
1446
4915
21527
23904
32710
17042
14953
2606
29254
2910
26353
31433
28340
9536
11937
4868
10628
16763
16162
1120
26641
30358
19448
11354
30054
11065
26651
7286
13112
18201
5262
15630
4748
31124
15301
24042
24156
6923
4614
3328
13486
22012
16276
17568
9181
11579
20161
10603
22110
31131
22069
31108
1249
9770
22049
21326
466
21497
11398
20573
17460
30008
19538
27145
12707
29050
20201
31638
28868
5389
14221
20055
1494
28241
17642
2961
12330
13103
9069
30332
817
9279
31788
19791
8318
22315
4883
26078
32171
13215
19437
25742
27735
2152
9847
32312
14865
24777
22867
9324
2057
22437
15547
19742
2530
29552
4707
21138
19285
26731
26683
18244
30073
13875
27883
32053
28269
25177
575
8596
9185
13015
1670
28686
28293
14754
25238
13620
5394
5179
1612
9859
89
3321
22336
28394
2943
7263
30772
29770
29619
8564
28720
8877
23573
13667
8179
25672
23364
455
31332
26989
19115
22509
13015
964
24638
22348
25770
2032
20349
21325
7979
31005
2992
7258
4852
1116
22594
29817
31360
8678
23443
11816
8017
17615
19190
8739
30324
24647
4866
17487
25395
23263
14613
15404
11656
28315
11783
10436
1742
4340
21756
9669
28620
4766
32285
19898
7631
16955
30468
26186
10198
6111
27009
18196
5409
21353
23562
17339
28586
17795
16528
3231
26217
8684
24852
3086
5649
4259
31008
21751
17394
28121
3318
7121
24633
2203
13305
19355
32371
23431
20848
15763
13959
10820
1822
4603
7794
28859
16994
29261
15398
11955
9953
17004
26038
14912
7292
13852
3504
23398
14784
16903
2700
10911
22337
13290
9212
18371
9881
12552
19454
21216
13084
17303
14135
21518
4257
27706
177
13037
5760
30215
27090
31900
13883
1502
31770
26351
10543
6267
31073
3293
17292
18543
13051
6881
19230
17491
32694
16190
13182
25453
16819
809
13335
10780
21850
12860
10550
22940
22264
29537
16951
22929
890
28308
1375
17345
21884
4292
29577
31565
10856
20969
15851
24438
581
9221
29584
14400
18019
18567
29566
7873
19228
24880
16124
25198
18043
32764
14298
9873
7836
14401
23562
16150
26218
1493
9342
4069
8761
2362
6025
16955
2187
14658
29267
21184
6074
29594
11526
13974
1558
25737
12836
9527
24118
1357
8905
31425
17378
26117
5881
24099
3797
26630
14553
20840
10797
13666
31241
11181
18441
777
25617
21508
1268
495
12675
25319
31630
26580
13435
18900
6719
18280
19058
19177
18867
12337
4552
1980
3327
24559
7620
2113
925
27385
16417
28703
24997
19507
19808
10330
30191
17192
21970
2814
21724
4328
14024
9859
3564
10054
12391
3839
18125
29481
11357
27740
22639
13612
31002
27635
15364
27348
19704
22654
3802
10375
28011
15372
3303
25244
14474
16826
15306
1311
26828
329
32646
2692
5912
31701
2193
10426
10536
9161
10140
16896
17123
7815
27698
30620
18692
24766
354
2875
30940
21268
3141
15460
417
16306
1696
5992
1210
28513
6017
21742
29941
23545
26499
2483
3711
23684
32743
16297
7367
28096
6148
830
12834
30424
182
28436
23347
14029
1850
3835
20615
1457
19694
22088
25938
4781
20932
25491
9121
24155
19696
30432
2891
6969
224
18439
24565
8893
22557
7154
31706
29384
18605
9616
28391
16130
26463
16105
1083
23790
25543
26217
21393
32177
11806
3966
28759
8186
29907
32538
23340
28607
9151
29840
23724
19412
27150
24617
27907
3675
8526
23798
14096
12799
9471
2880
27355
31040
3970
25237
26115
3357
18263
24781
1663
9143
7354
13952
15913
20198
12532
2454
3208
32065
3902
2496
29888
5825
13431
12148
16946
10817
13444
31171
10845
28294
28256
3382
9183
20821
26881
1029
5009
18061
12380
10745
28423
27604
23467
4134
19993
2929
19833
5842
23642
29372
20845
4789
26696
8651
28001
7516
22387
24995
20875
12478
16738
23478
18667
24432
1217
27026
14377
16357
2408
26443
18736
14355
12501
3960
23311
26086
6590
21660
8770
28468
23630
22457
27947
16241
22743
19206
6139
15755
19899
3186
18047
32165
3922
4093
1279
14145
12275
21631
4426
22560
28616
22453
22509
26456
6159
17631
14834
5993
4944
10598
10103
17260
2302
6626
28586
23062
901
23616
18235
7817
24320
9716
22805
17025
21921
965
9970
7355
4694
6959
24062
4367
16757
5941
26010
1377
18815
28945
23945
29681
3894
29995
13942
22135
18712
2037
16163
20461
4257
5527
2266
19202
12487
11421
14174
13064
2260
16880
16533
7257
16526
30128
12981
15661
10452
21391
8149
1926
14286
3676
5120
24598
6381
5292
28691
5343
2195
17250
4104
20618
23489
3989
14475
32321
32121
23382
15064
26428
16722
16969
6115
1844
6937
16833
15031
6743
5124
21876
270
2762
31774
29755
5847
8466
26807
1851
30055
1723
4345
32457
26098
5858
32357
25148
1392
9176
32425
23952
27056
24275
4268
18174
28696
26615
22529
20931
32255
19979
28465
12944
12988
2118
32201
15804
8708
24884
30400
29724
32577
13918
32566
904
2891
9363
29888
4534
8148
21415
22033
12446
5562
4216
30342
9351
20259
18146
17637
18214
25701
29672
21040
32283
20485
6997
12569
7144
16460
7134
25979
15901
1501
7439
29277
24759
27613
19369
29812
2479
30086
25991
11537
1974
28399
16338
12974
4022
13485
28612
21098
2630
17630
27853
15002
32277
22176
29602
15721
5386
27209
8394
127
17449
15267
29988
27535
21681
2772
15791
22356
27188
16670
23245
28111
1704
9762
13831
11407
9671
28902
22390
11611
25134
403
7395
21745
14841
19583
30454
16514
25624
10851
940
13988
1719
7727
20437
1512
6273
1723
1246
11676
10031
12842
16233
21158
16655
6551
22691
31697
6654
19462
29951
24598
25948
12629
27761
19863
13311
26911
18045
24470
20107
24235
1829
17957
28509
4874
18858
615
25131
8566
8173
13728
17650
18845
15565
30070
18411
17554
6798
8507
26830
26981
10617
28720
10246
28446
27469
17171
22772
16946
4524
24118
29749
31917
26903
1369
23672
9759
1973
10684
21542
23394
10601
1552
15936
2754
5859
26807
28603
14264
26822
18889
28489
21981
21404
28108
16766
31169
15460
1301
25456
28432
22650
31222
13222
9810
1026
25204
21963
11693
32263
20310
28123
7472
27663
183
12628
14351
11917
1583
17931
20286
4980
19779
7363
31702
17098
5338
11378
18566
6833
6703
23220
5799
28609
11497
10737
23459
29024
12590
2653
9653
20542
28924
24476
9884
30117
23794
25245
29779
18256
7770
26910
27351
9021
18741
1625
29840
16540
2864
18608
16463
16664
27734
16170
1529
21579
23196
404
23459
21774
17953
19900
11078
7588
15354
22988
14364
27889
2903
13097
31756
16544
26687
11596
4943
17692
30436
4008
4813
11184
21276
662
6614
22224
16907
15141
14738
17194
21214
13822
27949
19446
20681
3285
16385
8978
7580
3034
19119
18604
13989
11299
3046
25288
27497
25465
23295
15851
23120
25623
23411
32195
15830
28859
23274
28140
32029
10834
5737
5653
25432
26720
5034
8115
30222
21717
9818
2723
6470
3329
3822
29854
32118
10699
9194
12664
28336
8058
15989
14189
12310
5580
23139
29478
1035
11182
28254
6083
8645
14582
27665
8828
16450
27925
18447
29495
24036
17198
8619
13930
7786
1096
14280
30798
5091
23324
25718
13781
27355
9388
24842
7814
14601
14127
18423
31202
3957
2000
13851
23161
3529
20981
30970
13858
15810
20308
26368
20021
8380
17198
8515
4991
7126
9179
21793
8566
3352
25284
21948
28506
16924
30241
7116
7758
26005
29575
24469
27343
27441
32438
11170
18477
18749
26657
8112
549
7756
25644
10647
20604
18868
27349
31667
30447
3417
11314
14629
29988
23991
26524
20285
30706
27493
26665
11539
26181
32164
19535
9804
2878
13338
16665
1384
7425
2289
12390
6816
15269
243
8324
30816
9733
15648
20522
12332
28463
10347
19610
19724
1533
30991
7598
13138
27558
9546
23370
8364
16875
18622
21736
1088
10317
32133
22419
13177
8570
29456
19210
14011
19471
18465
6347
25535
13801
2508
123
15848
1861
7939
11915
32565
17703
20473
300
4730
10512
10388
10696
26315
20661
21207
19818
13983
18552
30037
21566
22816
3184
14463
25009
18890
12649
11425
13268
29306
30941
7476
27521
7235
14854
362
9170
3543
19498
12118
32125
24550
18676
16594
28452
26512
22608
13369
19773
6166
513
15717
28645
19173
8152
16679
17028
17498
15871
1722
18052
18872
6110
15282
19507
27685
16332
11102
31571
20191
13673
20918
15134
559
12883
12290
5921
15688
32753
20554
21008
22935
9711
9916
15555
912
2202
29047
6276
20229
10117
26792
14337
9013
17637
19828
22386
22460
12649
7281
24716
10235
5181
23252
15054
32106
32751
19043
21059
23414
27082
31779
9669
26516
20146
23998
15257
26613
17019
27350
11678
10670
5305
13851
23105
14171
30092
31438
9164
24556
11929
26613
17182
16144
30192
888
61
22306
20496
6240
31157
13897
6127
3218
28115
26215
17235
12517
25309
30250
27991
6305
4803
32043
17695
5954
11440
7369
11392
22691
3328
11116
24131
22318
25373
12446
9655
24079
29430
8479
21263
19015
15217
19480
23382
15517
3350
29797
16187
1755
24189
9584
12740
3151
28621
13797
31356
16156
4543
12548
11751
14032
27963
30478
3273
6470
29268
8695
4632
4167
24084
13024
19279
22850
19091
20189
25320
10409
18453
1666
7086
3783
20747
28166
27094
8357
26002
2849
26916
32052
14022
14732
28674
28559
15137
18269
19051
29616
29826
14936
2598
9107
17916
18796
3112
28378
21004
14549
25952
18996
16105
30709
17028
12122
26038
25787
31159
3631
23171
5767
6440
12968
21688
7136
13082
14014
20086
26712
9742
12132
23
2161
27302
29010
26530
23984
1311
26577
7685
8476
2086
19704
19870
336
23253
9514
7053
28211
229
245
12858
16591
11729
16882
7185
21197
21272
7387
9783
15982
18824
20164
20786
594
32644
25347
13257
32097
15454
31859
8217
6046
24067
24906
6452
25350
27223
12247
30825
23039
16056
18185
25198
20813
24233
23902
5943
21563
13685
27786
29840
28855
21743
16090
11154
17173
15908
20414
26517
4956
19512
5426
19972
14791
24091
29114
2328
16258
4691
23086
8829
30969
19694
21203
15074
9343
15114
19658
32549
8029
26292
20936
21593
19546
30890
13382
11063
20149
3405
2240
12388
18975
22764
9729
24690
5470
2619
27232
689
2598
4700
30747
24266
24046
23864
19936
30645
26967
6281
28160
2309
27194
13090
20917
32614
17150
24166
13307
26038
14609
15787
25756
2136
30069
6669
26706
10046
1508
173
11113
9573
22862
12064
2768
14046
216
9327
18479
9508
11576
32474
16291
12078
17572
9572
1168
19224
14099
7012
7405
17271
1961
4056
21965
10451
1849
30726
5820
27436
23460
8104
29618
801
3148
11213
30188
656
4459
22802
26187
1061
28427
27272
10825
17528
28339
22684
6467
10453
24728
22506
7852
30568
31022
1122
27793
29608
15959
5401
29773
6338
7096
30900
7161
21169
14627
19754
19903
21778
20434
1949
32165
13748
32613
1866
20036
11512
2666
21284
12783
3771
14533
18646
8050
20486
5520
27370
21161
7849
9156
28803
19236
1486
29448
16792
12389
29882
32664
6268
4705
24823
13570
20925
4504
18200
20719
9230
17001
22609
2626
10871
2767
26420
19514
17269
28535
16659
27622
26704
15054
40
603
22050
31722
29441
3859
23951
11397
1424
28484
12372
3546
5384
4694
5215
4778
8568
7597
27241
21375
3001
20161
32391
28978
23205
18615
17042
9849
2717
2622
18849
4518
478
17559
27740
10746
31321
15810
18596
25885
30981
25104
9946
23177
4243
26066
32002
19333
12617
32703
2553
29523
443
25156
24
27255
30713
20371
6019
17658
13610
5696
27064
2991
22880
21728
584
26225
20487
18507
29781
16361
9248
20065
31856
30357
24728
15357
11820
30254
5144
2686
30243
14444
25406
13728
15556
10027
14626
3999
14805
9701
32574
31833
165
6112
8603
26311
26827
16964
7114
15157
13695
21170
25639
27377
9828
3319
21259
5470
2537
28525
32209
25228
6248
2960
24029
5766
1072
14463
19597
4232
3726
27226
531
28034
9923
5984
22469
6576
18332
10669
29854
20860
18171
22798
23867
10403
16375
4430
29957
29650
9266
6487
15795
32472
18234
25872
9429
15190
15704
4272
24953
1074
5131
10170
28742
10311
9753
26883
2452
1109
11926
17390
30197
30934
30301
10419
9226
24131
11579
7695
4592
30947
16662
10660
4074
4990
177
12953
9649
19489
10052
9549
1408
23242
21616
11585
20050
5557
20268
6743
8428
4502
23462
13608
2531
17704
6789
12899
16855
25244
6258
5711
20584
11417
16031
25449
24046
30654
6648
11198
1437
24152
747
20438
14815
14783
18594
19540
19374
12320
24160
8023
25826
27292
19765
12385
20733
18421
26520
1709
9262
3928
10009
5066
28053
12030
26433
2719
31519
32444
7680
26023
22369
23912
7248
2439
7959
29283
1213
24361
9154
26863
21542
22540
18539
12873
3234
1137
15815
8310
20025
24146
5262
9225
8249
7148
19570
30719
21935
11995
27926
1062
10678
15544
3658
27477
29847
8387
13512
23265
14023
29851
13838
2363
8624
25705
28911
10652
717
551
970
28701
22942
15521
7360
19326
1851
23385
20420
2705
1374
32369
27242
10156
26781
28300
32215
23495
6282
19204
15913
17684
17134
19959
18832
21726
174
24795
31611
32677
26586
24555
3939
28964
12981
23150
2977
18763
12251
10792
27042
25164
10719
17250
9588
1267
10296
17046
17631
18111
27564
17042
16258
15575
5513
5220
1858
7948
9009
1099
9952
26238
31667
26919
9040
31839
28812
18702
2383
17123
3913
16313
13090
6838
23012
17917
9958
575
5054
24361
15981
3035
11793
1215
25038
21249
10888
1826
32584
29789
21936
18411
26089
17104
9618
25489
8242
27781
13999
18767
16184
17972
23139
27295
12515
20603
27273
8877
15834
41
11397
3225
12979
15811
9528
23694
14932
15053
14909
19712
23287
13088
15554
9807
11339
11227
29799
27787
20220
15773
19658
8256
29860
25566
24003
31206
3369
17434
16153
22523
17749
30477
5976
20576
473
10959
7858
28996
18137
1642
20735
27691
15846
28724
6956
10664
3122
23203
11813
20774
21829
24363
22728
27186
9658
7385
4533
17589
3535
18609
736
6376
26871
26042
14077
16269
26956
18768
31525
243
8550
27041
32287
17967
32578
9155
10319
12962
1920
2175
29888
18075
10235
28146
30825
31365
32631
1224
9967
14952
15351
2620
6660
22779
5151
20526
9260
50
2676
5783
19231
1965
13591
19513
29796
8221
11742
28878
5267
3462
160
20336
6687
10855
32670
5918
25919
24379
19134
9225
29898
17330
2755
20305
2576
19972
9173
17416
3588
26167
24988
2004
7839
13654
20861
2878
13682
5368
26876
6348
18882
14427
12744
5940
9912
17911
32235
28613
15205
1855
5745
8388
21935
30707
17339
26736
20626
18600
12994
13671
22723
12404
25038
23860
8370
11872
19466
31025
14909
14058
31461
2624
17449
14599
12805
7997
11034
24862
10229
5835
2162
20345
25201
7159
16114
15209
12986
4392
31321
6849
20880
30801
23260
28797
28493
31733
19539
5867
26439
898
32015
2255
4206
31177
9462
26483
856
9468
15385
21684
11308
22773
31596
3364
30620
27460
25221
21154
13711
6243
13950
14981
16343
26157
25505
7234
32434
2627
26918
30474
1760
5534
29626
752
9116
4055
3547
30563
8527
32062
16334
9284
6777
18929
7618
1773
29307
14924
4749
7337
25846
9060
6755
6132
28592
18251
18844
31214
16621
12956
23662
30436
9700
16271
8055
30485
8398
25625
25770
7848
25117
783
31780
18821
28400
4795
3964
26124
19323
11586
26245
23853
25438
26772
10333
17513
5662
24584
27542
30035
15298
30636
4727
30437
21748
4648
19132
10273
21663
15879
30884
9958
3658
29365
29407
24757
20272
11275
24530
3680
6152
470
21896
31990
8762
13076
14353
14450
3058
28319
11504
964
3822
28478
553
32531
23112
810
23291
24820
689
21274
28799
29971
32719
3558
15829
13522
31500
4158
31053
21405
3342
20388
19427
26692
29828
17118
23159
31105
22281
24791
31054
11192
23558
11622
13544
5254
4973
1618
5890
12742
32292
12477
3218
29909
9879
8258
512
2540
6538
2374
29088
28273
31417
9422
1883
14569
5260
15473
17513
26376
6918
28808
14519
11179
13608
31234
30455
12256
23146
7183
23108
20575
17244
4546
10991
24520
2162
19498
1202
30897
21400
21903
24124
21350
10091
4404
15636
15257
1269
17641
19947
9100
30708
994
11938
27482
2078
9099
11290
12571
6428
7426
17252
11304
8760
25686
29825
2773
29481
22791
2105
2863
31312
25398
15787
26606
32159
32561
5572
13292
30714
31191
25001
17283
28325
20433
23397
29611
21
5847
23301
24674
26279
32530
16587
1497
10924
13266
24860
7626
27152
6617
9878
27782
8936
28281
1575
14402
20196
14149
23131
24309
19059
453
32101
19358
6425
32527
31570
1763
29526
12240
20162
18350
9823
1023
1158
10316
18881
15367
16290
16907
4978
28518
13010
8519
30203
30746
10138
19010
30877
16054
27972
26192
19590
18345
32442
15323
1214
958
25438
490
21068
9236
16952
12063
28849
19033
19589
32193
21568
30454
21788
19449
27636
8236
23579
16719
20128
3895
13702
9223
190
26112
16277
6961
23708
23609
16072
26414
12319
5551
23967
10170
23614
15718
15743
928
15055
12545
26245
32388
24527
20610
18602
20527
25933
17570
16216
30764
27870
1134
28815
31079
10723
16563
19510
5848
28830
23190
21388
16043
31714
26403
20162
23860
12752
6932
4372
26834
29960
7293
29673
6529
943
13514
1893
18037
23053
18400
30083
7362
11070
5741
31429
15908
29805
23692
13702
11904
3337
29324
7380
24941
23687
17200
11214
5594
21479
9835
23271
7277
4505
12046
31662
7339
30680
19990
18668
12674
8862
25913
11495
14913
9989
30709
18472
26088
3178
17320
29415
20711
17081
16563
31326
25626
12945
410
29595
1117
17974
16304
6462
23047
8106
10515
28237
23885
5215
5209
3717
29267
29652
5522
23726
19764
26291
13861
1885
15338
20321
16102
4243
27594
30862
32693
30797
9527
2446
9400
1548
12264
25244
16520
21590
5739
7650
5578
14041
7345
23171
8145
2555
28819
6002
3314
876
23575
13250
19990
20946
31736
2232
14371
14908
22561
8166
31828
14188
19917
4242
773
6351
25254
15546
11862
14651
5660
21617
27491
27806
10580
558
16233
17821
30756
8634
24149
19662
3478
14726
17247
24439
18609
8401
6599
2788
18151
5848
3007
24609
14576
24090
9982
7226
19120
12605
24112
22780
12114
20128
14938
14264
21189
15744
24711
28813
31248
20914
7331
12012
13289
14580
17603
13320
12071
20020
5641
31599
29696
22485
10777
7666
10573
11271
18851
3960
20795
17758
15352
24965
11594
3215
8536
22981
20789
3048
30218
20674
8136
11894
6623
8783
8075
15404
6409
15382
30117
28774
3366
280
2754
1445
25876
12914
4890
27160
27883
4505
1681
19774
30267
22082
24793
29369
32261
19503
21888
28444
14799
1748
26568
8609
1220
6694
22410
24906
3988
31410
31944
21734
3705
30908
15903
746
2920
3468
1690
5798
8727
16031
24847
16007
16626
30029
26410
8874
4429
388
19591
32412
27451
13748
32662
10230
22534
13505
12211
22600
13850
14978
28456
985
28773
11572
23390
15503
29833
30866
4591
11699
6647
28805
1834
12217
15126
18210
15102
11849
26242
10157
9372
8755
30115
29408
762
12939
27740
23297
17916
18434
11915
31172
885
5789
20369
5004
30622
25253
24028
28344
12410
15201
4426
20414
25246
16812
10705
421
9195
23841
22157
25974
27415
902
8974
16902
21860
22114
24644
16787
19202
4860
659
15186
25159
31884
395
8406
24516
6270
11424
29290
15623
30038
12272
4564
6093
14413
4753
7358
21693
29799
15752
30909
6239
17209
2746
26657
3851
21232
19985
25208
30476
27554
31999
5774
4454
30848
19686
24958
25827
17502
17057
12138
4692
1291
25277
9726
7869
24810
23712
10625
2703
22712
16461
9795
20608
21170
32754
7205
26672
29181
24346
31804
9282
9608
12531
29151
2369
25499
1175
11292
8924
14534
31673
23188
19580
9893
24480
22205
28535
6971
24246
10247
1094
21407
13016
15350
16242
3872
7348
5667
11650
21810
27481
24818
20447
5047
10777
28380
1527
29289
625
1989
18116
14580
27093
27224
25812
16399
22643
10815
24419
12982
429
19984
14206
27112
20216
13999
30440
18608
22293
20498
8735
17310
29868
1270
4132
31624
15788
3388
10391
32121
27601
4089
24853
27733
202
27731
29267
28096
8529
7280
14138
1189
7097
22443
15555
267
21112
26407
2045
10029
9283
21023
4239
28918
19323
8123
29794
9846
17723
30361
4829
12619
26878
18660
18079
8357
27080
2353
12655
4696
5943
31261
21320
26831
7342
211
27005
17375
9455
26114
27263
4507
1925
30696
31928
28534
24642
20856
27846
4415
25464
4776
4589
14590
21493
19406
30791
12824
1950
23488
22438
9582
8991
5487
23606
10206
5389
14961
11850
15668
32269
20886
7391
6359
9251
13287
12585
6403
27468
31688
13554
19581
30326
24814
672
29582
12348
28678
16332
7274
7728
6040
7519
31335
20322
22544
20375
5211
4930
5775
20726
4771
16845
18717
13178
23379
17973
510
5880
7810
11853
25725
26946
12849
30075
10853
5965
4939
19949
16572
17416
2013
5129
11334
31108
1586
238
25647
28130
17617
4897
3848
32021
14714
5490
4407
26938
14591
9166
26595
15135
3281
8918
28139
12317
6707
19478
28335
24690
12891
8433
874
17081
7605
31013
7253
12124
28004
63
20464
25145
20848
18686
27042
15573
6831
5053
5033
4662
29410
6314
1122
29656
4292
22705
28905
28320
9012
28002
28133
8816
12643
14367
19810
2547
23831
28245
24323
28457
10610
11788
15246
12931
22766
7528
15708
8325
22015
9586
10766
7635
21997
30092
30062
18987
30370
23137
16906
26487
3221
26613
19723
12271
6294
31348
2010
15449
19740
11320
12509
18259
25397
30060
18670
7759
2079
2045
16614
5691
19210
8676
11310
15125
11588
5085
20715
14891
8517
24897
18848
20711
15213
8280
12164
16903
6086
29322
6001
16536
28646
8514
12601
24742
21785
15174
12902
28279
27390
2545
30488
31047
17026
960
957
12232
15615
24473
3057
21904
2125
10417
14491
7517
31843
7167
19114
3421
9919
27410
11137
28903
3018
20490
2551
32044
30167
21416
31771
4349
492
32489
5358
19778
32651
13264
25603
23413
4103
6029
1907
24818
21966
32417
8781
17483
18397
11507
18686
20273
21852
24956
17781
9671
30590
6617
7778
22443
20340
32019
7116
12542
12058
6836
31052
17751
2724
16815
6699
15720
13066
9102
30184
438
3614
81
26956
18948
5573
22504
25384
9668
15588
17255
28783
15276
17519
7554
5553
18779
4823
924
20715
10967
11047
23972
27925
22775
23981
10778
23084
7961
19016
5327
18166
7928
26778
4470
12534
5113
28164
1749
16612
2462
5015
31723
15097
1820
30425
22629
3517
10982
5141
3513
5790
11478
23442
1862
15528
31503
20385
12243
26399
21900
10999
31601
24102
22718
25561
23567
13260
22848
16938
32243
7877
15419
3790
5226
3402
14027
5317
25992
31636
26484
13480
12061
29396
5673
11309
5894
25641
29400
32091
999
1408
14283
16992
1220
4200
15693
16329
24549
26122
19554
5059
5037
25746
19559
15239
25064
31714
27453
8603
30538
18398
29275
25273
15290
28355
30846
15498
20979
1273
7062
20663
15592
27060
30089
14488
10215
1861
25568
9614
11299
1541
25443
6275
31441
29490
13509
19684
17201
30272
8844
23246
13960
25384
31295
6917
17045
6532
32501
16701
16984
30423
18960
7156
30506
4788
17633
14926
8232
20199
20430
10067
32317
30932
26779
26220
27500
17439
1962
32022
32691
27359
10223
24173
29355
3268
19404
6542
3240
10141
31814
30938
1458
2123
15462
6794
9636
29246
2633
3122
19051
878
29328
1240
10075
5973
8893
27286
25400
10805
13276
26072
29520
12096
24826
1091
7487
26586
25032
25575
10152
15906
21415
11631
2477
2040
26891
11602
2681
14470
3997
19553
15640
18238
28117
28072
23128
5497
1442
29275
31846
25563
974
4726
9741
18487
25964
16981
32684
21455
32246
18346
2751
12941
9125
32644
27921
21278
32445
30900
11699
30937
12168
16372
28118
23249
32243
6976
25327
30834
9749
2976
28879
1169
32049
20810
1185
10456
7098
6840
27034
22767
30546
1578
28724
6239
13574
21862
28301
6899
6722
2699
31421
22989
16175
20953
13689
30417
27479
18864
32652
26793
21717
13319
27426
23636
19438
14908
4649
7644
6148
1151
26669
14258
10427
27094
13483
7664
20884
7784
32612
13830
28557
12477
219
31881
25036
23418
29527
220
5042
25761
18157
14204
1719
8890
13456
7455
2854
7128
14937
26141
10333
11787
6458
19484
3289
9493
17896
17130
14839
19618
27548
10075
1805
17015
24085
25992
26103
28851
7423
32489
14548
4217
11716
22073
31541
29425
30212
20391
31641
17780
2746
24758
2628
12797
10016
20575
17605
15581
32221
32320
24085
3556
10569
15181
25615
21323
2969
16687
4526
27738
26366
26646
22552
12619
27570
15022
5730
22711
7616
26991
10242
23603
30248
24755
11116
6691
5523
9241
2085
21672
1624
18568
9419
15660
14284
27838
1093
6175
23275
9513
31820
13372
4698
31391
6084
28035
24710
21348
29117
31697
30093
16787
16503
31987
25733
2887
15013
28361
31509
18452
16781
13697
24781
2470
7486
3748
26140
3412
22314
14151
15144
27646
14978
4
22266
31459
31988
21419
11051
20456
18228
633
9954
5221
4496
12183
6123
5487
28845
7663
29962
9923
6488
5160
31626
26443
6987
5435
2597
17161
16816
13104
29461
5010
32182
27801
31358
4708
213
19955
13196
29539
4898
26087
26302
25787
27798
5785
24372
3518
24547
23483
3117
550
17712
11226
14246
11279
21807
8787
10895
26713
24555
32535
25038
22858
15362
31716
3495
31391
6567
22045
10306
24521
20384
15939
18036
16168
9767
30722
9936
21907
32666
32747
22390
16982
31377
30192
3649
201
25298
32577
14082
1523
28160
5428
23724
27100
6550
1416
23722
30840
14341
2516
3785
575
14659
3168
13704
14987
18300
16270
22252
16051
11183
5704
29956
2984
32230
11683
1354
27971
5907
2960
30621
7316
3668
19148
27759
8391
11421
12110
21333
6610
27533
8554
26836
27598
24161
24228
4418
16737
28522
26497
25817
4040
18197
2453
25821
2692
4861
17398
10797
12911
14519
10746
12435
16103
23855
2062
3383
26473
25610
31967
25056
25796
18369
2582
23209
11527
29581
1400
21579
15165
29704
30646
1167
30862
29504
4453
19102
9883
26002
2320
10729
13395
25364
26805
30911
25279
9345
16047
12296
11650
27355
11250
23674
30576
8046
10528
6748
16257
22236
24673
9605
30537
2312
14703
30758
18166
3470
5383
22725
6836
17379
15499
7529
4022
6108
14803
5505
30360
18152
30373
10273
26187
2433
10866
26527
6267
25366
28133
9400
25096
6428
16130
21494
2569
30655
27472
31033
22440
6896
21527
22011
12481
29767
2523
25889
6322
31017
15121
14126
25100
14063
19362
14918
7102
595
27377
20410
266
23016
11948
23510
7252
9143
4012
11694
6314
31016
29248
26795
1950
22690
6804
3049
16270
21726
3292
28232
28134
26440
21714
20847
1364
27600
19745
25166
10670
3849
13749
20398
24850
10918
16063
3712
15619
20963
22650
20187
23826
28481
22678
12885
16821
5510
15480
17477
27100
9310
30014
1954
27891
4725
31243
16507
10399
12906
4293
14240
14916
2276
20668
4591
5988
19439
1223
8
19035
26300
25494
25752
2361
10508
31186
27675
229
30442
6551
17713
18212
12863
9096
27408
10320
18408
8635
11318
11393
28308
29840
27898
20741
26751
6536
23068
3631
178
19898
11068
12677
18099
20585
14999
22201
10361
22945
3129
13299
13562
24490
15399
28786
32678
4607
17830
14291
9665
29945
10467
8450
13476
12245
28163
24827
20143
1286
31953
13880
17229
18639
12547
27344
19846
15602
1576
24364
30758
13413
1736
644
20097
12054
3993
16418
15474
11923
21417
7889
25740
32238
24900
509
10500
1485
12726
23676
29119
2907
14480
5783
21182
2049
18720
30245
8781
17377
12054
1369
19870
3886
14932
12426
27864
13927
27527
6523
7793
10721
12354
31160
32135
28482
6433
7910
13390
17613
4350
28010
28331
28147
9965
12722
16598
20370
7201
31139
26118
14668
20142
13796
17766
21233
27347
7182
11759
22484
23722
16202
25784
4831
6573
26041
4353
32053
17552
30661
876
23985
15408
10215
3391
26142
24443
18639
19723
17199
31253
13898
30832
21610
11177
13167
4096
19538
25180
22177
6363
29420
14277
14243
24761
21345
17114
11905
27932
9488
2125
17017
27207
7981
8199
1609
30667
29219
7992
29101
17398
2458
10200
5912
28189
30146
26690
828
3205
3320
10934
27132
20736
3128
20988
6621
11380
20149
1231
24886
19678
22433
11839
24313
28252
2392
10673
18677
10057
31060
12722
26260
14396
13300
1725
10993
31258
2216
10751
23382
4506
21589
24590
26517
7373
30949
15694
362
6039
25187
4681
10958
27095
26858
2002
6898
9849
11123
11881
9675
28004
32557
4658
25588
26145
18837
32009
7589
5929
21812
29543
18418
5270
23649
3645
26476
13473
29666
21641
12332
29082
32097
12626
7930
22271
23993
27676
28155
11201
18831
28532
21161
9709
1964
25335
8492
4607
18735
20741
27071
16061
14910
31616
14146
2859
3162
9467
32557
1953
14806
14043
6288
28862
28478
45
22265
11875
11669
11942
14327
30137
5765
18065
5158
1569
6016
87
32586
5267
27859
24347
13714
10565
11187
12718
22655
10666
6180
4669
5151
22330
21330
22445
22458
6357
31613
618
7473
14605
15527
6161
14828
23675
12306
6824
14606
5129
11823
21639
7607
6371
7767
6379
6706
2149
28062
16445
13238
5739
31275
23480
11244
29108
732
4411
29175
22068
19235
11950
26023
209
21588
2613
22232
20543
30193
32458
9948
22803
14966
27438
27089
20196
14209
15917
18137
29680
22327
7081
19634
1652
31064
22334
25995
14565
26851
23107
2294
8180
2627
27417
1117
7120
5265
6617
11026
28641
28618
22884
25551
30761
9245
12714
19504
9720
29620
31469
1392
13260
19572
32444
12137
17245
27405
22711
3850
30415
24156
17231
5592
29553
12942
23530
11214
14662
18632
32542
21677
26413
3159
25269
8681
25765
26467
15614
3073
21610
21991
2860
16064
31294
16296
24502
31836
8691
215
18504
8888
13139
21921
6556
7296
22522
3017
4471
22985
27756
26175
28864
29588
17623
13414
13788
16596
17361
5641
32290
8816
9402
30551
16675
6511
2692
14314
4763
22849
22823
25435
12534
16092
4055
8940
25486
12233
485
32610
11080
13565
2165
26150
27579
25971
7324
27960
5626
30362
9255
15212
1865
31243
1596
1726
23672
30117
22399
2402
21635
1369
14765
15214
28342
18756
17046
12633
9038
11806
26377
15106
20239
13429
4017
19911
28905
31783
5463
9241
3080
5227
18148
19262
31362
8470
526
17155
12541
23972
2682
4760
31051
19086
20577
23738
30029
23993
25895
2169
4969
10885
24141
17574
15641
32334
22972
31051
31184
6101
30039
21420
3020
20571
16058
31208
16343
24362
453
32228
14381
23249
3512
20240
23
3082
1764
16660
11914
12003
3391
22978
11759
30565
20027
12247
10196
5762
26985
7131
27490
9411
21086
15390
11666
9207
28573
30846
15934
12649
10600
12432
28431
30324
27810
21861
30321
7352
12904
10076
25082
4980
32285
26099
26758
1773
2949
3635
24391
23767
25333
30880
1287
23982
6781
8887
27067
8041
21466
16080
30874
8371
122
29656
11029
19176
29515
32086
21910
18653
28238
2679
17705
20477
11620
23071
22276
5736
11135
22335
14141
20125
30955
17718
9954
26516
21716
20057
477
9579
17109
21165
7287
9792
25448
26494
11611
24289
19506
16586
13481
32272
4165
30060
21127
16395
16976
12758
31127
709
10509
15323
22414
24714
22513
22395
3642
22604
15592
26783
28096
12726
31772
21894
9973
15899
5601
13333
10096
303
32435
14988
2438
28251
14704
2703
31322
20333
7747
29157
7882
3812
21259
11112
29779
6147
9367
21270
9594
2356
24808
22836
9058
15960
24846
12018
22943
32337
13778
4652
21723
10713
7043
29233
18322
26599
16841
10098
32363
30256
30984
9940
22701
6340
8883
28531
16452
32749
20808
1293
19240
20055
24199
10454
19187
21601
19329
14464
8061
8984
14220
30604
11422
23119
5690
2339
10304
11804
2620
10698
11896
29366
22832
3422
28083
21562
28340
2323
32622
16531
8127
31647
15895
31175
13819
12922
9519
24054
27890
8791
16623
21867
3667
4921
21522
9674
8973
18819
21994
11619
4627
20107
26079
22314
19486
3468
6961
22056
7291
4108
23701
24794
13611
20413
12615
456
8302
18892
14046
18013
20799
11391
4262
17466
968
7230
31519
30450
21614
23540
4474
32677
1064
11455
24530
1422
24066
13051
11026
29333
29289
2527
22167
28755
8290
11843
27888
23515
20974
1063
31040
5902
29734
9276
1023
31407
20111
17430
17193
23686
11035
5695
13722
23145
18866
30518
8831
7527
2688
31098
27330
5462
6656
14947
5541
9103
11783
9385
4681
13679
18820
17947
26137
13227
22168
17362
26086
10139
28866
10948
21931
5052
21055
28058
20499
26140
28390
2920
5393
16572
16584
11562
31879
15888
21379
24406
12928
17876
7239
12906
2251
4283
10670
9735
24182
25790
20103
15478
15707
31962
4501
6863
20707
17130
13451
27778
8530
18075
8244
23957
5787
14949
4055
8428
