9633
11672
11275
17240
628
11497
13949
7429
27604
32018
32461
24851
28204
21734
30619
10818
9261
13638
20034
30293
5378
23988
31695
8339
18230
25263
2013
24211
14327
26362
26482
9350
12085
5943
29013
15036
13990
7810
7736
6846
2952
22333
13283
12432
31943
10991
28298
28858
5657
28522
21949
11790
23911
25271
1514
6674
29066
17012
8097
11635
4429
4980
21313
11365
16702
2758
7931
19628
2673
17531
3744
29849
1750
1987
27770
6789
20655
20045
17765
4814
21425
20016
3891
12938
24178
21335
6187
29892
7428
19930
18916
24437
6375
8794
2971
2531
20468
21574
26103
30416
28512
22779
4164
2437
14631
24244
12945
31610
13699
24640
14559
3052
1403
32062
10184
24382
9175
7543
13389
31946
21968
30206
8471
13726
21035
20743
32611
2582
24760
9402
2312
10967
14191
12611
18791
24433
15013
25184
15448
4075
24716
16301
9498
9393
14822
32457
26940
9188
4946
14193
5991
18382
17403
26266
10301
6782
30624
27440
19559
12505
10125
23065
23268
29434
12750
31843
27452
3703
25263
31659
30277
23608
1062
1012
18090
27389
13034
27792
8071
6772
30838
12708
15281
15139
7543
16953
22691
26423
28357
1943
28075
10711
15017
26830
20860
16941
18921
10946
23401
9257
18646
6362
23329
610
17742
14387
27237
19160
29903
25520
31524
9978
6373
4365
10607
1930
5731
31693
2634
12743
20189
27108
17389
13076
7151
6626
30076
22127
19111
18372
28462
31244
32025
4678
1622
7074
1607
26206
18055
632
21248
23301
25229
27668
12762
13141
18097
26802
11486
28131
8783
10097
8222
28728
18014
6241
23410
29766
26878
9775
9618
18122
14220
26808
10690
7718
7681
1663
9194
191
17184
12487
1271
9779
9687
5092
3954
10450
7949
23518
1540
6095
27827
11089
28684
30118
3301
14157
22634
15393
17781
21162
15864
3224
1852
10518
2853
26580
24602
8461
9280
630
13048
30935
2836
28237
13815
10744
10354
7078
25808
15481
31512
3308
976
2811
7010
5691
20112
4792
10495
14791
5294
22038
5970
12431
23067
30937
3899
15017
20687
29883
16473
17394
31471
32269
13855
23674
241
426
32551
31493
10687
23771
596
125
24170
18592
11450
4010
3004
1865
9875
14075
23975
18198
18149
9674
12933
29896
15866
9456
21812
11
10023
12740
31754
18620
20808
660
26881
737
10857
30039
31959
16582
15495
8473
16032
13354
32602
9192
32441
23224
11268
117
10080
23167
1523
18140
23632
23359
14715
30094
28504
19553
11106
31735
24771
30223
12487
31764
9672
18521
374
13426
23364
28271
27196
10790
19354
13723
2502
18049
6401
25857
30537
8303
5618
28803
20364
17975
1667
21487
16004
29308
29460
27469
22583
17593
1844
1042
23693
19778
24791
29593
7662
17911
11212
9958
6153
7624
29976
19225
10250
30839
9979
24594
806
27442
19969
26866
7744
21214
13300
9996
22683
24143
14801
4490
19177
13778
13228
13700
17187
30605
5286
25339
1008
14055
21603
1730
20195
24525
20168
26828
132
31958
25469
30708
26286
29697
6158
31242
19003
15247
32310
20014
1871
9630
28702
24926
10258
3231
20464
19968
650
21444
4513
14336
21019
12139
18148
27104
12539
21930
17600
17880
5067
11663
25064
962
28061
2490
12472
21126
4311
19301
726
26685
18422
5990
25308
8435
32338
29245
14715
23957
14211
15485
24857
29951
16402
7824
16584
25066
31574
4178
13647
2324
15451
20734
5365
2189
12729
1609
22128
31013
3208
24772
14663
5637
26858
11242
21251
16906
31534
16348
20110
30120
5511
28540
22958
24944
21828
16031
29469
14979
9611
2787
30652
333
3747
17969
30002
27151
15161
29480
4822
15548
10933
8458
27535
14730
16049
9451
1740
3546
5966
15432
28574
11938
18926
27239
17319
10404
24112
16343
25270
30169
11061
32035
25266
21647
8183
17679
5306
24120
28599
4469
21154
18281
2043
18250
4715
28775
14156
2175
29857
12205
12218
14581
13446
826
6859
17596
24599
16026
9756
6283
32589
14510
19052
15508
23961
1791
30197
31290
7736
19232
31806
4974
27223
14374
1528
14721
32533
28154
1161
28517
30224
16159
15038
26470
31996
23118
22489
11300
17257
22124
6450
31355
30862
21926
19296
23347
18552
3931
15850
9835
32538
19764
14648
19904
18871
24645
32361
24390
9959
12582
29000
30809
30983
25803
8125
23366
29131
32292
19279
213
19278
17615
12131
22580
29128
13346
23931
22350
28571
31412
26620
1577
15107
30424
1260
23630
17094
4412
9081
13189
11719
10252
22407
6171
21325
8287
6100
2769
32034
2197
14482
9312
19143
4935
22951
2242
7160
29359
4189
29491
16254
10424
429
13027
30962
348
29410
32271
25729
9649
24885
32551
32210
16397
21782
25556
7187
19804
8037
16114
15499
9735
15704
4843
9881
16351
6373
6052
27602
30864
3040
18862
27257
30883
17890
19583
26540
27614
32046
31267
13184
14838
344
23712
17127
27148
26189
6569
457
22355
10524
18936
24325
4858
14261
32337
19794
24753
21384
11198
28469
7757
4317
20325
14714
10949
5878
12864
23942
9696
26078
29511
3059
14902
21837
32264
688
11591
26255
25930
3978
469
29424
9510
3368
31797
18090
30008
1844
11682
11712
13894
19962
31083
2275
15558
3871
32476
17390
3846
639
5567
24388
3862
3121
13423
14092
4464
31480
23935
4029
28747
4800
20169
16192
14813
6664
12004
22419
17762
24988
28025
28661
23182
30395
19009
8462
18386
30345
30906
19996
21336
3356
31979
26673
4304
5267
31010
31058
17731
24792
14826
24237
23874
17573
23053
23399
8101
24590
23663
15482
18627
20325
12361
19872
8394
24126
4063
18492
6833
32627
7475
19075
13709
28142
24409
6200
11278
10543
32668
12817
14509
2606
2833
16958
9186
2994
10526
10221
22004
12171
7572
7407
25760
2293
12267
18076
23446
29379
6333
28183
31696
16413
24921
16165
24364
27846
30451
29824
16582
18812
10003
32024
21989
24276
28204
12157
25797
164
14814
24789
26199
2960
20976
2853
26075
24671
15445
6589
17
8767
10263
13170
10718
370
6957
19174
1482
23432
6766
32178
19917
28576
4599
19712
4712
11741
14786
9530
11429
20932
19454
20177
9065
1956
17118
11503
22555
5691
18570
6866
28360
19273
20714
2326
9926
11988
3102
20831
3965
6803
1202
978
1242
14534
11114
22792
30950
26217
21764
14702
15624
8075
10637
9919
1091
32411
10928
10103
19342
837
31517
21391
7897
24810
22150
8491
14617
16836
31125
27443
4168
11795
2767
30806
9382
21130
5375
13974
23000
13731
2709
251
2326
23230
17901
29451
13257
2795
26549
23310
17411
30652
10191
13990
556
13981
13146
8317
9657
23162
20589
30428
2555
6739
24819
14474
11589
23873
2967
3288
31738
9425
17209
3953
3061
16626
31876
28771
20616
13635
30669
3408
23277
21748
11589
25743
17274
15911
11883
9563
20103
8653
24008
9678
20406
4659
8263
15641
3438
1743
11258
895
16523
13742
2439
20587
22374
9420
7120
6730
4953
2860
10082
14467
24129
11714
18921
12626
18014
281
21125
29003
10896
8354
15174
6197
30771
9514
4215
8643
15679
19174
25892
16514
24977
6496
4104
10987
26712
11923
27396
29909
31720
31228
22783
27197
3887
3190
16540
5004
28052
24970
18611
6248
1671
16150
24511
13058
7224
29171
20836
15099
257
10323
32459
6446
30141
29220
14715
24792
14996
6956
6754
17649
32563
10550
17429
6405
14885
1418
19574
1054
31758
19560
26481
32339
14364
22401
5896
14608
28059
9371
2878
19631
14611
19557
16412
5828
20858
22377
26415
30842
20241
2668
25388
12030
848
10646
23310
10540
16775
20382
11643
1691
20782
29090
24661
7432
17872
2414
22489
6308
28853
10039
21454
18910
15183
27905
4241
27832
29477
15893
170
29418
32038
28360
25341
11219
23439
26202
25223
17854
29476
25417
2548
19968
7307
16611
13353
14863
26598
25227
28807
27331
19551
7586
20792
3738
27721
28918
22361
18877
18530
30428
7679
30672
15891
29340
14575
28712
29518
25585
8941
21221
24451
16433
9442
5060
31977
22898
5911
6644
14104
13481
27121
10557
11144
3784
13210
30859
17867
20675
1069
31083
6943
23776
21175
11167
31456
20070
10669
28359
9746
13040
19663
27081
21668
13690
2273
10924
12584
32757
2561
9107
18804
2915
24780
5617
20117
22927
23183
15998
29325
25515
19246
3566
14012
16718
2901
15157
29407
27355
31618
28522
13624
16766
831
17343
29128
18663
25288
29216
19873
9469
8986
12357
22424
3327
3001
15932
2028
23206
856
25203
3344
19067
9260
5295
13895
18748
11732
24520
25789
26183
23900
29501
20714
21275
25684
27521
3548
2341
5313
11456
14680
5928
29992
19157
4791
20342
4261
5907
11743
18926
22385
1453
23959
10598
11338
24564
18162
4717
20115
25340
16393
25410
22590
27858
30185
25130
31560
31120
1091
202
7124
9291
29694
32470
16771
8425
27687
9916
7902
22189
9607
27827
11522
14330
13216
4481
28646
5560
2269
5955
502
32260
32240
29787
10300
19106
8790
116
27622
10110
24854
16229
10824
3472
13441
23598
1385
28819
26889
7159
11251
12326
11921
21917
5120
17167
20455
32312
18701
5466
9393
10308
21704
21537
3958
12518
10274
3392
6036
18212
11050
29845
14417
9259
9801
18520
19622
24167
6567
27125
11180
26246
13057
21985
18672
17739
31648
5176
14381
20045
22087
2779
20511
22943
12379
24018
20572
7767
1653
7415
25255
27910
21863
13897
7764
27376
21049
26951
23331
7125
3448
26067
15809
8908
13888
30539
13853
29165
21240
27228
31632
27450
27101
1968
31683
1248
26254
9385
7343
21239
65
28752
12740
32147
31214
15295
6995
15958
8159
11686
8474
32051
17068
20138
15894
22846
11057
27679
8241
17030
16209
11575
11109
15684
5113
25222
1700
6642
14445
8104
2239
25064
3916
1315
29284
18727
19350
10565
16251
28339
20633
9491
24354
30459
4825
7308
23497
2149
22966
3575
1227
23407
30637
14268
21650
6688
24948
21501
15436
29786
31703
15925
20264
30243
8613
4331
31992
19836
10161
6235
16896
25678
26639
26752
21897
18167
11744
7570
9805
18190
8693
6264
4073
22702
22444
10422
28263
29353
21327
12978
8296
18871
23237
23383
23445
28051
31427
19009
20259
9809
25261
27828
29595
25353
5072
24671
14701
150
8398
3260
11591
28121
32499
21671
20032
27693
21503
14629
2258
25952
22151
26244
4897
9576
172
21283
18903
770
16203
7662
13174
18879
24982
83
31335
9854
18958
10609
32045
21540
22943
11972
8047
32551
9062
20132
5767
6717
27891
32192
30666
12653
18366
18425
841
31959
21058
10926
19460
25187
10712
23218
13017
29320
4857
15522
21261
6586
12326
15338
22052
3551
31267
26647
1807
17508
13006
8843
31680
19482
30122
12974
4081
26108
13697
19400
4899
3853
23505
9030
29573
19360
16133
15236
3845
26755
19851
11948
18613
8001
15866
9204
3307
23891
17547
20089
9643
7513
31236
29923
4845
8944
23140
13627
30205
27732
23534
5782
29706
24351
5090
1862
17003
18571
28309
17340
9266
3984
30681
26025
1588
1535
22413
13179
3845
18221
925
26853
22663
24593
17120
20842
15832
24403
31324
21756
3847
23021
12892
23264
23770
13810
16730
11240
13504
29920
30223
1106
32113
10126
31641
15246
3140
3544
7895
1702
10880
22477
10397
32411
13547
27371
11240
22217
21180
3340
24730
22327
309
6958
17573
27283
14087
31360
6041
23518
6693
18658
16180
12172
11986
4028
16690
29406
27240
1907
13120
27434
18472
28165
13813
5769
16551
16840
28565
17033
2665
13227
15493
32632
21508
735
17958
15839
7833
11213
19497
19800
7111
31058
10857
9201
23547
32729
16419
32511
26664
25623
24411
3651
3259
2454
1155
608
16334
19067
3616
13418
26795
1923
24557
3718
15602
760
14856
3727
29554
27957
23902
375
18942
31434
5821
30659
20309
6022
9878
25478
17604
16543
17540
1922
15959
25656
25733
30898
9852
20682
17792
6491
19669
22719
4486
14672
24266
25144
3428
28377
10936
21792
32567
11517
21235
8402
22582
5824
21483
17955
26537
12527
16402
32068
14848
31302
11485
330
21333
13172
11996
5859
27566
7365
887
13858
18595
32395
30240
3040
18847
6640
3846
30942
22843
3614
3740
19785
18186
6231
6871
28978
17290
16957
23846
2511
8973
18594
14552
14560
11917
29804
32362
15397
29792
1382
13810
23766
7005
6545
14356
30286
13042
22809
21017
4646
22923
28142
26730
19863
18755
3455
17710
31843
6440
26385
23558
15998
31921
26527
18272
6210
16361
5183
4358
29316
22865
32513
20396
27678
31265
11366
119
18531
8177
15319
18176
8788
4818
24316
4223
15205
1543
3075
22423
16128
18330
1829
18436
14781
28308
28682
22780
18472
3071
22605
21801
19998
18792
7385
10812
3538
11422
5168
9683
6269
21641
3881
10577
16952
15975
31563
10407
15433
7065
156
13331
1006
17793
27680
1361
11098
18439
28623
15148
28698
32136
13462
8813
29744
9536
22746
6660
18922
22850
18571
23788
21283
23480
18953
25646
24993
22902
11166
12047
22975
11771
25062
30806
11395
7093
21817
27197
30301
8147
12547
3135
17950
1578
1232
10398
15812
15609
15861
28111
1770
11999
4059
4538
9236
19414
28437
5908
23095
3203
18112
6306
22051
18082
25426
22817
19978
10649
10923
24216
5942
3602
5526
957
11425
17273
28080
23637
1637
9
8798
1801
15847
16162
11065
32112
1850
16524
19422
12235
25393
28375
533
23768
4900
21198
4721
29030
8045
25237
18939
9193
14864
11457
20484
4723
25393
24720
24062
3444
27650
8079
6377
17930
3348
15587
4551
24885
9494
30291
234
12101
2519
17919
1404
26722
13394
16020
12132
7176
10242
14538
30498
11525
19609
11455
24325
6808
16941
27988
23626
12606
13083
719
9084
30386
19721
12667
18734
5363
1020
28226
1350
1464
10654
321
9663
19681
6532
31917
4249
24924
1335
12
28419
28096
1640
15056
3096
13123
13918
11349
20352
10078
11349
9216
9145
6069
13083
28240
28919
15952
5291
14291
14673
19129
25565
25482
9498
6838
17916
20574
29980
23662
121
19218
20220
22708
12508
26865
26569
26422
12744
1269
19817
23162
19296
19121
18361
7636
401
7554
3528
7005
13067
14551
31706
28536
31685
25346
15938
7514
12007
1838
2098
10836
18160
23240
16422
15482
4393
15853
24518
25305
15659
6150
28362
16363
5971
30534
18409
28082
28045
29467
9942
21308
17252
859
4189
8058
15279
2404
11433
23247
30832
12539
23527
29032
6921
2828
31558
21681
2303
16537
13543
19093
15701
18879
22025
12184
27096
2120
25307
23735
18137
11376
13521
11675
15291
4018
8065
32700
25013
24962
16344
7285
5027
22779
31038
2390
4095
1394
11088
27677
7821
2721
27994
32146
13044
24621
2136
6810
20470
21638
1752
1808
390
24691
19525
275
25583
11191
12705
6607
7160
30191
18787
18758
14410
18006
28795
30022
27010
9488
5632
9784
24021
9310
27597
10354
8881
12016
20390
26655
30207
3077
24982
31262
31068
18682
25636
9764
10054
5535
14890
14576
29111
26690
31874
31231
31693
31349
27157
17722
7795
24339
13303
26844
25623
22152
21565
15840
24352
31267
21136
5785
26880
17921
18650
10320
18307
14340
20870
20956
31248
20996
10348
5252
5688
30489
19797
15098
19827
32304
8975
22446
3915
19500
12844
11196
27090
3663
1268
26669
791
4503
7726
7681
3064
28557
28761
4263
29114
6974
9934
30592
4969
11401
12804
26681
9221
29964
8091
19706
27115
30493
17001
8515
5175
17369
1610
16948
8373
3147
16469
13625
30325
22652
29290
20929
1275
19065
7686
17753
1591
11699
29457
8741
29534
32381
3597
12141
23541
1463
23639
6056
29502
10795
17520
15152
3538
4468
3800
25899
16942
2571
12558
18576
2096
10734
31499
16655
30730
3190
15672
20782
20344
10290
2796
18871
23294
5834
31821
19453
9795
20545
5120
11962
30582
7224
26464
4030
9536
16287
13896
21542
19456
26997
7827
27225
16668
16332
17763
8615
6475
15680
21924
8842
28175
28429
2009
806
26041
9226
15048
17956
6735
21947
12924
13501
3247
3073
27269
1718
16997
19838
15208
27255
25795
3982
30815
174
17630
6341
21343
16469
27232
1882
19611
31214
6645
18856
22121
14375
21315
32251
6889
3042
20516
7483
18207
30888
7030
5531
10231
7761
5101
22508
8263
20781
12625
29329
19973
24520
28976
9423
28872
2845
26143
14291
11803
13528
1488
18526
18315
20233
767
25361
7522
20946
27802
9124
14841
24967
1281
13608
10057
21241
6585
30816
3334
11359
24978
4531
8536
27727
24287
18662
7959
16012
2884
30265
19454
21234
24199
5768
32622
15832
22151
6084
6711
20575
17661
4939
23110
31852
28780
27578
18949
14935
28453
13558
22743
24314
9456
12558
15049
9432
32728
2074
13959
984
6122
13420
20622
21589
25459
19359
31832
10151
888
2088
20267
14456
9122
283
16889
3988
6640
12300
15796
16167
29093
12596
8200
17102
70
8310
27516
27005
20855
32546
27852
26116
23705
29393
7803
26570
18495
21798
32528
9540
22038
27902
16817
3679
19664
3438
25420
28021
27560
6281
31191
27759
2779
21104
31034
3044
19357
30095
22597
28332
14430
32221
26097
23184
27334
8513
26238
9802
623
2639
765
30986
13160
4179
25465
23816
1036
19883
22162
11895
11321
5631
22661
13079
791
677
26985
11751
16128
16944
7393
8895
29680
25878
20312
15273
32073
5765
19970
7212
22420
1205
13031
13870
19927
14985
18243
10399
31977
18554
26172
16155
14370
26268
14421
11119
22705
5081
25257
1083
3686
8095
11354
8356
18380
25686
7577
29368
19190
32197
23235
398
25322
15881
29480
27828
20320
31873
6537
19273
32344
25674
32173
10313
31386
18317
13309
232
13484
20116
10587
29438
9625
13189
7072
19171
19797
17388
27620
8996
21090
22876
25170
18428
20228
13785
27204
20802
28464
27574
21278
12761
28489
19168
26713
20415
18952
897
23216
239
10150
21804
1470
10437
30321
14434
26537
11419
12741
17015
17799
30591
21815
27013
20785
17065
14007
27307
15792
9353
23269
17109
25963
9647
22099
3951
28952
2645
30999
5051
4650
16892
10117
13351
9142
16021
25150
6838
19474
32211
23871
30768
20650
6602
16620
5042
15269
31083
11565
9818
5417
4373
16093
22771
5363
11973
18916
14199
2441
24521
10444
15609
18185
19341
27467
24130
32605
29777
16583
3499
9610
16316
7655
331
3236
13623
1158
20826
12759
14480
11648
30004
24781
29484
10149
28330
14440
129
18041
1079
26578
16650
18241
16860
3035
2735
12632
9677
1413
1933
28022
15487
25068
9141
2561
8840
25380
8501
24906
3064
29372
25338
22551
654
26684
30688
12921
29650
15487
29822
6564
15310
29207
2704
14713
22446
5641
31980
12170
16899
28934
30345
22807
8266
12067
18196
19276
13959
10526
18887
23854
17763
12943
960
2422
27810
8184
494
25970
19080
27222
22021
8605
4257
30119
21118
29109
20148
23888
449
20195
28239
17882
16221
5742
16725
24386
7775
3966
15624
13449
27214
25160
16563
21605
27597
5744
28812
11830
12653
10563
4276
15300
5541
19698
27634
3942
8947
22802
28611
6423
3061
17520
16826
30087
15843
21060
7461
3328
7627
22642
22712
22081
6968
7562
28869
21598
4861
29191
18630
28912
20801
16328
11201
21296
19875
25918
7120
20215
2155
19436
13922
219
23107
6508
22235
6122
12310
15248
5067
6482
10058
17532
24502
18988
24516
6630
907
25026
13814
30209
25992
6223
10223
5636
14872
21675
30232
19160
654
112
29146
26834
29231
4230
31589
26157
27485
22692
8614
28154
25708
9664
7804
147
2372
27922
29958
594
5267
27177
32245
8649
25288
23374
5756
19652
7347
30784
26020
13932
18131
3738
24829
17395
23632
12404
18002
23784
23337
12407
1946
11915
22671
13690
3428
29855
12649
7161
6376
22579
16706
12272
32326
31553
9528
21968
6763
7719
24235
2557
3779
25859
23433
20790
28274
12243
7773
14785
31023
22431
23515
13651
3357
12874
28976
8903
4013
23568
21475
32249
10190
208
10085
31203
57
28680
21201
18882
3844
7177
20200
6144
27558
6389
15828
24698
17428
6671
9036
29949
16062
27586
20140
16108
8060
23446
117
10317
32271
23415
14058
30559
19439
27007
27252
5937
12568
30404
28521
29688
26143
22043
11565
3110
21723
17061
1254
20810
2202
28390
6282
24790
8098
28442
15208
24470
9399
8117
32767
5017
21013
9469
5915
11260
2169
7368
24139
21919
24565
32180
4292
24785
1578
2957
9947
6394
8993
30868
501
18684
25166
14093
24652
15854
7399
19749
25607
12933
30168
1500
32304
9615
8729
20368
9933
8013
9886
11278
30010
30183
22175
404
20956
32349
19514
20993
2051
13398
11802
21652
6053
6001
16116
13609
18950
3789
2697
318
13238
13544
5750
26507
29533
4142
27074
29179
15045
12461
1003
28407
23332
19848
27080
4297
18814
12690
6817
28261
19013
15206
22854
24658
23952
28164
32245
11313
30251
14097
23459
30155
10955
17853
15828
19584
8970
5461
13637
30702
25792
20679
510
9285
21809
17484
9268
12221
16818
17341
20253
6568
2238
11989
26113
8467
2469
31676
5746
26205
8429
20214
8096
26861
26834
32517
17130
17531
15807
6075
7096
1493
5007
19969
16875
1647
9387
7581
27019
30086
2186
19588
15278
22570
23381
639
10882
24031
9258
5262
15659
4595
2911
24677
15374
22889
18820
17413
17739
31672
12812
23271
8722
7255
14680
36
27348
18099
21608
9618
17785
10821
14467
24335
3731
2756
4588
29314
1696
15354
22686
15953
24512
26173
26210
1153
2828
3663
4676
2707
25378
1846
8032
13794
11911
21707
13312
4370
478
25422
21745
14139
23273
19438
20880
4287
8481
10309
1737
16302
30017
11863
30244
21963
15181
25132
3165
1357
10803
15407
25078
8738
6219
8270
9603
2964
30042
9768
20591
20238
30406
6862
7613
10972
31404
20665
22870
23413
6571
18924
32159
31839
29202
12342
27433
6950
12873
3173
28188
13244
18137
11315
27641
361
12799
8470
22804
23174
27387
23941
5651
5958
16170
8633
21296
7934
32668
31676
16083
27030
6441
29045
946
20533
3057
21998
19736
4465
22418
26886
25157
18946
2765
25060
6697
11428
148
16655
27827
11556
17604
20710
24945
4389
20787
6063
14226
10612
16206
27498
14193
11136
2538
7152
28330
3027
10135
19744
6054
19775
12662
32020
22180
1441
12459
25429
7469
13870
17397
23118
24727
9016
22750
10318
21513
26664
16390
3982
26497
25474
12740
2183
10430
359
18110
9723
18602
25870
21112
2762
12703
6874
9931
9937
12566
14669
17142
17637
22097
111
8483
22537
512
7514
12286
1234
13336
28947
22026
23523
20928
13055
17342
16220
20152
12381
24157
25152
32058
9289
23645
9822
10965
16859
21729
13802
17072
1138
10154
26142
3070
1829
21547
8766
28431
7166
7449
32001
27493
22170
29141
9978
7232
25716
19711
17591
30970
15744
22277
19192
8490
1589
8606
14545
31200
615
469
5600
30594
11456
10192
28672
18197
27242
3973
5838
23204
365
20754
21227
8070
22924
11296
6808
19890
13341
13979
13192
22601
27316
7972
6314
27237
13768
15142
30557
9885
13307
26101
2202
28570
17408
6274
7193
28527
5684
25300
27848
3729
5059
12175
8899
20534
14750
28630
30007
12181
4614
27089
22050
1875
8042
7143
7032
3257
6801
24723
10668
31902
8228
20166
27231
22023
2372
6990
21176
23428
25612
3373
12727
15305
24121
19695
4004
32362
10768
21368
11997
25774
9065
15
1455
30474
20451
6266
15846
5763
7121
22051
28715
23831
11790
20319
14842
1248
11467
31100
25455
11148
5762
29809
27632
10497
13144
297
28416
15020
20254
31566
23403
32593
23545
24407
3999
20992
16831
7106
14656
15790
11729
5467
24097
5413
1609
26910
28282
20511
21747
16086
10582
3528
26618
5502
21924
16682
18855
14925
20313
3956
23598
9645
10388
19700
31564
5825
12932
17359
28338
8375
5833
2479
27170
15453
20670
4114
12082
12143
19423
25842
5570
9316
32514
11631
4062
27337
23133
11574
1657
12792
26564
9889
27846
786
16954
10828
7887
25848
12564
29848
128
11378
5080
5322
30903
4351
2590
22456
15161
17946
7704
4100
17825
1692
4945
20247
17994
30559
7868
3351
14114
26362
32484
30385
10203
29089
9915
6508
16587
2197
5520
22812
31333
20373
4892
17683
8008
31734
3766
1859
522
10256
30444
9016
23856
20885
19080
31842
10659
16138
23332
23624
6364
13012
11887
8315
16588
13312
4841
12663
10210
9391
1946
16396
30149
11599
20963
13772
1341
5966
10450
11661
15208
30239
7516
19315
10967
24645
4200
18272
7940
3811
32208
3411
261
7680
14722
19712
24144
8578
7172
829
30136
17765
7425
31837
6037
3093
1011
5908
21606
12759
16654
8840
13971
9004
20804
6808
20144
16319
23602
248
19547
12591
25244
19329
21474
27245
24433
20818
4141
19593
21958
30824
20927
4743
12764
10698
25041
12834
8847
1689
31879
9403
10644
32683
1639
30397
5931
23908
30728
2726
26597
9718
24142
10990
11599
17516
13791
31122
15258
12926
10664
4503
9901
26424
12525
22390
9065
4029
28635
21774
13631
2098
20735
16980
26472
665
22594
9888
8679
29154
18862
26856
7123
25534
8809
18414
12797
13113
6874
32203
19436
6987
11679
29257
24828
6070
24556
11020
21045
21598
1200
26027
1171
9035
25696
6522
20932
26853
20069
8054
18830
12778
17778
31868
3265
31042
1123
9303
8844
26652
16742
23742
24449
13944
24120
1506
22054
30295
3584
19760
15298
3281
3858
7326
527
21680
16336
4689
13831
11663
22983
23978
28664
19294
16622
324
13485
9198
6918
23469
27077
20918
10470
24226
6526
29659
24345
8783
13078
3757
9089
14426
17828
22186
23199
8678
24918
7505
32692
20003
4205
5173
20320
30794
26871
24792
14613
14147
26888
13042
31915
24871
5019
20114
7433
24336
28778
32285
27690
28739
27182
18200
13070
5477
19337
14739
9741
28640
32072
21827
19013
10203
30191
29985
9879
22995
31659
22707
32375
2441
19539
10772
19614
24078
3914
25395
30860
23815
8367
1025
31537
4904
27101
23100
18720
6626
331
16573
5569
1499
6368
15804
20753
31385
31264
8033
17647
23552
20723
20463
31494
28717
20355
19856
28180
15434
23328
28449
12621
23094
18864
26163
16941
19048
5969
7457
13010
7316
4622
29653
22903
14240
7952
29417
21528
18955
26964
10440
14637
2331
30422
11391
397
32620
17896
14610
3083
25441
19765
28487
25595
10024
29136
23135
14382
31868
31480
24804
25329
28447
1741
20674
10743
27499
6456
26954
13884
27757
17866
5435
163
27377
18083
14228
11131
18787
12700
12638
12982
3408
13804
25865
1595
23213
20912
11540
19056
23202
2738
21076
18003
18809
19459
2720
14183
28898
16968
22606
11562
30864
32435
23664
28385
7687
4064
2142
4134
3042
18053
26473
31671
19927
32284
2156
14703
24289
16832
31511
23420
20970
31560
27195
3621
32045
16201
11354
5694
2200
27690
32251
7850
18688
20068
13581
7739
23784
11455
27469
19595
23824
32356
12511
12662
2365
17880
3033
12872
18687
12860
17856
31083
11923
30355
32452
13403
7674
11860
27458
1984
28673
8670
14530
27970
11349
24216
6141
1695
24995
15829
7972
7225
10371
27574
16537
12690
15814
19748
15786
9392
25246
16306
6463
15413
24243
5771
10701
3761
15504
26661
30437
548
13660
22057
21136
6320
2510
32244
28006
4411
2903
17224
2288
31868
25831
7948
9796
23692
8403
13040
952
26451
21489
13352
20970
4694
1330
20034
11536
19649
15506
28134
15064
5653
214
5124
13720
14709
1868
19734
8063
5947
142
17228
1124
316
25199
3109
4511
7552
27245
28600
28223
6608
24421
2365
19318
641
11098
19580
7100
29686
28472
26048
25533
20234
28039
5244
2541
25805
32123
16159
13521
20651
26718
10856
27372
32188
6904
16761
15706
10280
4703
26276
19592
6026
9409
13553
31587
24827
23134
5389
19661
21629
6229
9496
2106
14211
7852
26194
27290
22829
15974
20442
18876
29917
7490
4974
29445
2689
20026
6357
29103
30199
20643
18159
11351
22032
3963
1024
15080
7807
28768
21867
11957
12198
3606
2557
1321
28440
15811
468
24776
14119
8766
27985
6928
23542
15293
9544
15357
32265
13141
18535
15875
30291
7632
7683
9517
19764
12375
25822
21166
24117
2345
3573
11386
19857
9207
24808
31674
6559
13175
9845
1918
8280
6271
25476
12302
3762
6292
26953
25851
31085
5018
16787
25792
9006
26545
12973
9421
18587
30067
1414
20576
32594
6603
11022
25995
10362
5838
27693
23320
8524
25461
28493
26185
29746
13550
12120
4620
458
10014
18648
1736
4675
4072
31861
6050
17579
2383
26579
1612
13817
9453
28491
31013
4221
23753
11643
7078
27805
29122
20182
2234
7243
11139
19576
5639
31922
17515
1129
21827
23582
30152
17740
22429
20164
29412
5246
839
396
16313
14837
25239
29758
23137
21148
14528
26553
29011
18743
31438
10159
12422
20444
9567
23815
16130
17976
12450
1000
5196
12470
18507
24849
20743
23758
12922
8517
22426
30983
28297
14842
31943
8570
4813
31668
16888
17947
22777
8475
8087
6984
17868
30936
19545
6760
29045
22192
25079
16442
32098
29592
17006
543
3527
21611
24939
23578
29708
24980
1914
876
19932
25511
15756
1817
15634
17496
4022
16475
19784
63
30828
19792
29954
32704
17944
8941
13846
3736
18326
29042
12025
12011
27419
2219
22152
15296
1381
31820
8248
4912
23568
26695
22902
5522
24481
27866
9975
22577
17180
2750
3916
2265
32051
18940
31849
5227
9890
2328
15260
23732
29852
1236
17894
9427
24169
1115
5921
12297
17820
16465
14804
12648
25561
6049
5495
398
22556
14909
14072
30527
4167
27557
22354
32624
24164
10373
24951
27882
16504
19499
21694
19706
1702
18542
1149
26356
14911
16334
11003
1185
5103
753
23779
26109
27609
8323
7439
31783
8992
12239
32074
21102
31581
22452
11077
3797
26670
27278
24733
13771
32636
29232
20747
25782
10310
21600
3250
17965
26697
24428
1941
2255
27502
19767
203
18533
8788
1028
28725
25999
17444
26636
10321
15039
7517
30051
5380
5535
16906
28115
31741
20944
21439
27791
30345
17984
26729
31646
3219
14193
3849
22750
6693
7811
18903
718
30273
19712
24730
31364
17453
16368
27053
2714
25251
28061
1829
26292
23482
18551
8066
13802
23643
5387
22081
28601
4033
299
32364
15088
3961
32289
30607
30915
70
14701
20640
24679
24218
656
3078
3336
11577
9310
27866
9802
29524
16079
16223
16437
8902
7307
11283
14643
7923
14350
15237
18485
12716
27015
16059
17047
2996
30540
29999
12375
26335
32263
15002
9474
23235
23061
25864
12063
23216
7267
31828
8967
29264
8910
9269
21337
13715
25794
23362
334
20626
23196
2617
29066
17643
22889
12732
31321
7425
2329
968
27461
15533
21361
20664
10697
28796
4164
12225
19208
13664
25471
861
32617
6872
10362
14434
19568
10985
27414
17581
23743
19448
13647
12817
15456
32116
9585
25267
10568
30363
3409
1251
32520
4161
29090
31134
12194
25537
28235
8655
30845
10934
17390
25405
5258
14394
14426
17227
15860
10640
21220
15952
6805
25302
996
17591
5649
2450
31037
28450
24711
6073
11278
10405
11835
20679
4838
32228
16560
8341
23920
10132
12817
12166
24409
4687
21819
16946
11047
21717
7879
21542
26910
23154
12987
18993
10580
3580
26207
3545
19302
15012
12777
2224
6740
20868
26765
22981
13411
457
21898
6027
19674
11309
26954
22540
8108
7368
19917
29466
23201
10081
3880
19444
15026
19093
22552
15618
29908
24624
5599
11154
17111
30028
9100
24025
9408
1483
28668
22347
