2685
17970
14315
25278
26200
27297
18882
1053
22717
11919
22876
24090
8590
16268
21923
24545
30828
20403
3460
3090
19450
25941
25047
4169
30676
9537
28533
15892
18584
19537
32513
24869
8464
32039
19042
2050
28528
27813
29647
17102
3814
18801
30206
21542
16559
18953
21441
17793
25285
15682
32275
25247
27116
12566
15698
12592
25638
7776
32712
30871
15657
9822
8054
9749
1032
27030
17935
13437
8500
10667
23622
13830
4653
27947
24545
24776
10841
26869
31169
9397
11628
16758
30144
17726
17652
7266
8474
25722
22754
9753
27341
4353
9849
31842
19194
6606
418
1834
7230
18932
