1790
18036
5567
30163
15741
2710
21931
28868
10357
14827
14508
18262
3146
32663
12833
21781
1657
6974
24393
20954
29914
21838
6858
2500
16899
8866
30815
25650
17174
2208
27923
10871
5391
14347
14352
16969
2611
15101
3584
19694
21681
29804
8017
9909
24365
18716
993
18478
6750
26080
6927
5690
32431
27825
12265
17186
14192
24343
1070
13838
10674
8892
6467
8992
25509
8852
22472
11672
6328
5315
12861
32434
11328
16515
11527
22175
11893
17447
3462
3980
20083
14226
252
16367
4580
13974
2497
11314
21719
13398
6452
21331
16453
9265
14237
23191
5917
10446
9175
12491
5477
28455
13350
19665
20909
1660
32077
9784
828
32256
28039
3321
2303
25231
30766
28505
3099
32237
1489
10664
12366
8216
21809
19506
10708
18524
16741
28380
29238
3283
7790
30761
30006
25846
5047
9747
24310
9543
13551
31412
30788
21913
26317
14803
1272
880
1433
11965
17139
3170
21296
11414
22991
645
14936
13460
1140
6152
28356
10494
214
902
1429
22088
24856
6159
24247
24020
17478
31075
3927
26164
4479
24358
380
4752
29717
13489
4383
13540
12725
13699
30709
9374
16158
32708
29987
32110
1800
20104
25547
30015
18074
21589
23486
13353
19283
32670
12557
5662
19994
18913
3032
17917
15300
6971
30288
11239
3106
14759
12889
4813
28404
5599
14665
17616
21773
3778
12524
9054
5902
29183
19935
7713
10464
22837
32396
13952
27609
17327
16999
8939
15746
27237
20836
12467
29622
25624
13292
28633
17129
844
19058
15017
25224
31030
30031
16722
4771
19390
22581
16980
14420
21791
17322
31330
30607
11162
26475
30472
1356
24772
11655
20591
27395
24674
29070
25610
8851
14823
16540
25415
27502
22124
31785
10948
23644
22776
10830
5914
32046
7410
2536
7424
6071
10472
30031
17525
32454
12845
23681
20067
42
31514
1771
27301
14992
2807
3297
22362
9393
4731
27754
32673
30771
7451
5577
30479
18202
17637
22984
4067
21408
20226
12789
27135
4893
29805
25315
30173
19312
29442
25518
587
16597
8443
25947
444
11644
1367
15722
16943
19031
19989
2361
22547
28234
32139
28796
5053
654
99
5932
9275
16413
31390
26119
13074
7100
1585
19449
9849
9644
30005
15564
9108
1890
20431
17093
15202
24634
17616
31412
7410
10468
18311
9905
29803
28651
23707
1093
32729
22322
23887
11044
32463
32153
3735
31865
5994
2619
25547
31107
16644
8870
6237
13030
22863
8715
10168
30723
19590
4768
8127
31663
20985
26179
28116
13956
28376
21326
30826
12605
15016
14564
10345
21956
26223
19983
3776
6080
4866
4141
9353
16311
12314
6472
9232
18618
28902
12285
25083
30059
6459
6440
22009
29328
10741
21332
19788
26219
10685
32573
9363
21759
1579
11075
24170
20146
15349
2969
16760
20525
6358
17036
21360
3001
25979
10414
1897
18427
32479
8719
21260
5427
31355
29086
1082
17473
15651
7163
8700
26012
17030
7339
23731
15143
22541
26307
13414
28596
20640
30695
2930
16334
6272
22614
8519
24990
9870
28692
1886
29996
30327
20473
6392
7180
32508
30371
26557
27375
10371
3772
10775
28199
26493
6908
24013
1982
7821
1919
30483
15401
18843
12666
1202
7879
27896
17642
2387
32594
11638
26796
19418
32580
32681
21982
11095
13472
13217
22779
3126
19969
24778
4068
24683
20246
32160
23186
21380
14952
20526
12484
18450
26089
28419
125
19527
26629
19787
11286
9021
11893
15221
7409
23319
2330
15786
7307
3446
29988
14889
235
5366
19965
26172
2503
18040
5725
1145
19874
9059
30248
4032
13306
15563
1571
9621
4544
8287
31706
24912
30913
26328
12585
20642
26747
5719
21921
27348
17678
22098
19319
14393
17250
29836
16233
13697
22263
12265
6036
5573
769
30308
23030
32123
25279
5225
15293
10858
19655
15136
32209
32694
21309
920
13586
20596
19383
1680
12667
15906
27132
23818
25724
24564
26237
20028
27769
12213
22176
23116
29135
29680
18629
18768
17238
25368
32021
16681
14974
29299
1460
12068
11585
25722
12807
11189
5596
15407
28106
6612
28384
2485
4688
4018
10668
31947
13164
19725
18136
14389
19963
16160
4143
8884
9423
19638
26401
23494
26897
337
11450
3601
22397
4367
4271
8654
4871
21638
26255
28028
11914
12355
18787
12837
20541
29145
759
30113
23382
5587
7280
12532
15669
12179
2504
26838
3431
3209
14218
32362
6351
5793
18863
14921
13976
28390
26050
27622
3347
31965
14002
8772
16422
7782
3492
22964
5045
1122
29006
26680
32408
21714
27266
14170
21086
20164
30538
28641
21109
13221
13485
3983
12786
15794
5764
26758
25706
2852
15897
13523
24999
24684
2201
14232
8307
9761
2970
27995
5418
16633
17155
21357
15551
25245
23010
11604
17152
27318
12384
13424
24091
1889
17151
13644
25660
17494
16717
29772
20303
32685
23474
14730
22445
18933
11096
30317
10860
28677
2315
29250
28552
6642
9939
17137
11457
21562
32684
19140
15103
31294
12798
18754
16874
9090
2013
31503
19093
22487
2163
32407
8334
27787
23749
18771
15884
24131
10525
28757
3719
26532
29513
27557
28346
12322
14935
22180
28440
27272
22974
8820
13847
22967
18940
23901
17707
19060
19207
30916
24286
29631
21706
25948
9354
7904
9234
29579
30029
21654
1117
6228
26339
31530
19988
14496
18096
4071
12030
824
11631
31171
19153
987
22830
2433
9008
26812
27220
27981
31455
30394
30396
26912
32433
26408
19852
25032
16202
15470
11642
17451
5887
29438
17514
20853
12816
3990
1873
30611
32190
27266
15740
25765
22136
10794
30878
29274
11913
24329
3108
21149
29432
17154
5094
13119
10673
25560
16977
28951
20988
6832
28376
32417
13891
9582
7925
16266
13916
5292
32238
15146
27663
3814
27162
1760
12809
16372
25898
23717
6471
24950
17741
31895
30743
26255
27976
17363
7653
285
23175
31430
9579
17523
11223
1186
30674
8560
28362
13942
15253
576
29641
17507
28873
26152
26885
3021
837
25120
27437
30574
3459
12960
32083
1941
8848
30766
23831
26817
2516
4810
21055
27729
28266
11669
13706
17981
7862
4833
17127
26725
24965
14801
7904
20194
1262
31269
20171
10132
6289
6830
18581
21712
19942
4261
28294
27533
14081
32259
5221
15803
144
19042
16725
3950
11906
5195
4164
1829
23001
31302
12918
10037
15885
8395
17529
5265
26891
2573
