10782
21610
16841
17872
13899
11242
15258
19968
7260
9961
12325
2030
25642
15774
7304
30243
19861
8127
2299
17743
31076
17080
27704
3645
2425
16781
22474
20875
21873
17341
2395
22148
6754
27063
11512
10699
6629
15808
25857
29819
22430
31632
24291
26466
816
7598
15624
3272
28997
10690
14209
10626
21818
8413
26603
5324
1090
13956
20027
14357
6864
970
7237
7476
25501
7510
10020
22368
6721
19188
2348
20687
27587
3538
3525
19106
6069
17011
20516
16032
20672
18260
7667
989
24728
18455
15359
12818
3580
14515
5534
25782
4587
32729
16371
12930
16893
471
3850
5441
