9900
4167
224
7569
25677
14779
23588
30950
26883
156
8012
22082
25474
17161
12566
22519
25011
28231
16260
15589
12472
22166
12640
26640
12773
21389
7298
29546
29160
4098
7598
19985
5342
15225
19301
6751
5347
24695
23232
19851
15878
8293
4592
27486
13304
14139
20998
15022
4954
17308
495
16048
20517
30503
17008
27261
3573
29124
10085
283
23970
380
7248
5380
23536
5750
27418
16977
9939
10730
28770
28150
20444
12933
25088
17868
31313
11522
6978
15664
14529
9575
26165
31041
16603
10539
29987
6814
22002
22472
15353
5079
11973
13036
26148
2192
24097
3180
20252
330
