9553
13757
15482
15886
15772
31337
20858
31929
2051
7112
16401
17365
4215
19363
692
13068
9272
7865
22745
24814
922
9295
27775
16964
15703
30348
4960
24782
7299
7096
30088
20918
21102
29537
10781
5362
22096
21595
23847
26516
28458
119
12770
3984
1256
17067
3914
326
27450
24712
12811
7750
11016
15600
810
28257
32333
10423
13403
30030
1943
573
10611
1899
24267
15697
20478
19385
4658
12667
8730
13130
29162
24719
30223
10573
9923
6968
21603
31769
10398
20284
16232
7893
23468
16864
472
19070
17667
6920
20859
4721
26274
24263
1159
30266
5367
16980
26482
17855
