20457
7814
16732
21027
13044
26000
31106
27225
13451
24625
24253
28605
7566
9581
20823
31083
4074
31106
5841
16530
27110
22221
30913
1578
21297
3903
19508
2512
32441
19347
29070
16971
29281
28334
1326
12456
10593
25857
22825
16957
27938
29280
23342
25852
9114
5148
248
28671
27560
14082
2239
27847
9978
11727
8114
3146
9755
24789
5837
7564
1559
9411
13463
29607
8344
9233
31593
1193
7412
5535
9035
14324
13726
27263
29383
3764
30756
15572
16116
16450
29015
15303
15307
17626
8284
20337
10410
24045
11923
30996
14425
5096
15845
22339
18974
17398
8
15326
12176
15016
