23090
12392
11639
4699
28834
23977
14068
3788
7548
30724
31596
7163
21849
4288
22000
19405
9791
5128
26427
7649
31916
12502
30537
31863
5755
3745
10808
266
3353
15458
5632
2545
26736
26631
17201
29333
23267
14363
10089
10282
11321
32138
6437
9673
2659
16665
30638
25044
331
16231
22890
2236
11634
25258
17753
6562
11422
2088
21568
4161
23953
3824
27588
18303
37
9591
19353
32589
17838
30865
7548
325
12235
386
19464
29495
27993
9320
287
28026
12087
25973
12493
16428
12393
31388
19838
17518
15108
25190
23744
1381
31186
7269
1610
12936
11365
21324
30188
8925
