13925
18516
21007
2817
18071
10876
24504
1191
12318
12368
9538
27925
14914
7542
25605
17582
15069
22945
9572
973
15938
13587
5939
25890
29463
8483
16637
23781
579
6926
21687
26640
17298
1037
4766
5217
5443
10380
15573
7026
12648
30306
20765
28382
1297
28909
6551
24734
30437
3627
21612
15421
6504
19540
29511
26269
9977
25142
377
27905
5989
17776
28215
3374
28818
17777
22310
22488
17595
4713
1605
21661
15090
7305
11387
24310
9933
2881
31703
5586
13415
6002
28360
18202
6515
29738
17082
32673
16454
4272
16485
25773
27016
4642
14277
16427
30522
12659
12675
13406
