17330
9408
31882
32502
29859
10735
25254
17725
29722
2292
28320
1643
3808
17682
31376
10462
21176
25477
29494
4753
15126
26545
14385
17517
30479
8035
15059
7117
732
1004
17773
6959
28792
2776
4598
2153
20313
10036
7145
6072
32583
14643
1562
16762
30126
9468
18481
10579
16428
19729
15230
30803
25001
24089
28748
12741
9454
17895
5814
24332
25581
9162
18069
4518
26762
28376
28743
9065
59
17609
4538
1747
9648
30330
7225
9934
27284
23226
10030
5898
23435
11953
5899
30431
23450
3054
29631
19853
9824
9221
1158
16573
23056
31851
6042
14360
3250
20244
21611
1782
