30728
9465
31689
27079
25198
26036
16600
20704
19376
15167
17088
29870
32460
24638
22425
16739
8350
4369
17907
12097
5035
3554
12092
13937
27908
18129
28229
13035
13443
22442
1564
18662
10784
25297
11386
10838
20418
4598
2493
29736
15838
30457
3339
3777
25591
17806
18982
12696
14064
25909
11532
10138
14377
10405
6979
31558
24932
14525
18276
8597
30808
190
29940
31500
4360
32573
11044
29303
1346
25873
880
29238
27718
1600
9811
17640
1643
9641
20634
23323
7662
16469
14487
785
9200
13663
8827
31482
22898
29454
21528
18067
10076
21541
4630
3217
22045
14160
3395
19400
