10125
22225
1814
1521
25184
22670
31634
2914
5501
31121
24230
4412
15178
14757
11894
26294
5221
16550
1391
29617
3264
17653
31867
4996
32149
5471
17290
23373
30628
2536
5203
30687
718
17946
7791
19166
30755
2470
7413
20516
14753
12742
27601
933
1784
12034
28103
20075
12498
30356
4951
26234
3299
21617
9133
27045
994
3581
5036
21023
10765
32540
23682
1938
23081
30669
20912
10425
17161
19023
13570
20921
9697
32013
6920
26966
14858
1028
18875
26922
32727
14328
10607
29278
12675
24901
13997
13725
11523
20755
2707
27135
11575
21391
3003
28987
31811
24771
23410
18139
