6820
23094
14550
6596
15724
20559
16530
3772
1951
1307
22813
14278
26558
10872
18828
11805
12414
16106
13732
27113
394
23523
13004
4713
27394
4037
5665
32011
5002
6735
2555
4665
8992
12212
5484
10008
26395
24400
11382
5773
17469
16592
20056
4999
14983
20995
101
5680
22810
6176
9532
9490
26093
29802
31067
7414
4701
24763
22239
29795
19880
11516
8245
6873
16435
8366
10853
5582
25061
16058
24284
3604
5091
30111
26243
24897
18085
14375
9635
7445
30194
10853
9012
31168
31314
23854
11109
16893
3068
30723
21953
4414
12958
31739
18276
9465
10719
15906
29591
29857
