18006
26899
2055
12036
3709
27047
28719
25923
13130
25100
10726
29152
25009
26298
3870
17026
14132
30853
598
6749
6716
1837
30375
7719
21647
6687
9162
23464
14086
7913
31046
7678
24248
23803
16164
5776
4012
13472
13345
2276
20684
18302
17743
31026
4405
447
19391
8190
8290
19865
20191
18459
4374
1874
14042
27191
5029
1089
3093
21970
32659
25883
309
3595
13703
2255
7649
23419
17518
23841
29278
19564
32652
24304
7211
407
3149
24512
26649
30606
14375
11172
30401
17399
13022
24490
27213
1152
6580
13116
30610
18746
11736
4527
14060
31176
1669
25213
14653
9416
8896
4881
26226
1076
6040
19321
14969
10902
7396
3370
28827
6250
6861
17446
21213
21731
20711
8466
24791
29701
11409
4759
16927
17478
30529
30945
11768
6944
31101
20595
30802
30311
16722
7795
18147
1031
15135
9783
13526
7592
14745
16973
9981
22314
12071
31253
12968
23653
10596
11745
17115
24284
30094
27763
6207
4206
18098
32542
22688
10749
22695
25230
14200
30258
8440
18390
28843
7173
14297
20533
5100
7808
7965
27064
21051
20037
14124
1861
32
21594
13596
32137
26625
27543
20240
28999
18708
30814
9290
15254
16144
21067
1446
10489
12049
9829
27575
4930
3157
16389
21615
7785
15890
19986
11170
21655
23592
992
9786
19698
26146
26428
16232
4887
7368
18870
3064
2710
18234
29338
686
15384
4449
15715
32601
27550
434
42
8245
11313
6878
10389
10384
18607
8588
3756
31540
26429
9751
21001
484
24764
6638
5910
19090
27850
7315
18240
23436
4532
3667
14664
25473
24295
12856
13161
30497
18991
6940
2755
25526
30307
7296
15707
19887
22302
17460
2965
5812
23502
24641
29987
28847
7752
17557
14966
14840
9697
528
5348
11821
20361
30575
26538
4547
22284
9105
21547
5599
16630
8145
11693
27327
29885
23679
19298
22059
22876
30069
10773
30991
464
9265
13505
18414
6363
8146
27127
29806
32634
24452
1771
28049
29169
22124
2155
22903
18110
9156
24171
4789
18640
4455
8812
6361
10918
12416
25476
17189
3064
8974
7713
26205
3007
25444
32602
16296
19227
31987
31213
21497
15633
27619
19632
2098
23410
23606
9259
21577
16952
15860
1124
26425
32628
17560
29853
10841
29469
7151
3353
7622
20976
9510
12622
16759
18681
10020
31524
16343
31535
8431
655
11197
24311
20138
16471
17226
22735
11431
14582
31422
9765
3932
2511
19758
21371
30708
29260
31306
22152
17795
15836
2560
13805
12069
26858
4041
6520
28643
17212
30397
15031
31241
10675
29726
15034
13317
31911
26649
4884
10088
27577
28885
25495
2690
8230
31447
806
31242
24129
12437
16843
6302
30904
13507
3591
18052
23954
28535
9733
21790
22716
20074
20381
838
7636
7419
16352
24121
8432
16668
27010
8173
21172
18169
25402
8314
639
2333
1728
30629
16944
7038
11623
29610
15617
26305
21153
30019
10028
4670
17689
9858
22411
5656
19990
21977
28900
11702
21979
23331
4043
13619
22490
28961
261
6268
19557
16563
25728
14538
9387
4548
4166
12256
20041
18339
27392
9571
25577
32143
23567
1779
4755
10926
19449
27835
10639
2271
13852
1364
1022
30303
2637
4581
3885
3092
9160
18109
17971
32004
27965
6156
4692
8584
5896
22602
13609
17246
1541
2784
9161
5430
14075
18481
24670
32003
3018
14907
12081
22755
21254
25495
299
30290
14787
964
31604
12447
25644
15016
3668
26255
731
19358
15106
13607
14680
29561
17671
30246
934
14804
26340
14780
6460
1297
30218
22949
3932
11069
29079
14621
20755
26309
13254
16641
18998
30312
27701
16454
25337
9905
24906
5252
14413
3574
26490
21481
13501
13607
27060
668
4647
23488
29480
30326
30465
10621
29833
8973
28458
1478
26314
11174
26258
8281
1345
14435
5847
12573
4348
18498
9233
8335
10684
10353
14980
24645
7366
25763
14970
17305
19423
26612
29979
28046
13150
6207
7225
496
32079
30203
2096
9179
18979
944
19684
15150
4839
14737
11238
13736
32014
25766
289
28381
12942
16687
8400
3913
16051
3256
24106
13778
19380
24463
32276
1093
5958
5447
17597
1172
20364
15269
2102
16659
26614
4408
14474
13877
10115
19701
5794
10416
27574
8429
31184
25426
27440
18950
3634
16448
28458
30168
2921
23107
11368
6164
4983
11044
28564
6955
21177
3751
17125
7976
18361
5538
5396
4411
26485
23283
17419
21829
17468
29673
3727
3604
5894
25026
19698
25997
21172
32764
19357
24662
26165
28006
657
7990
23204
31891
23836
224
15150
1331
4730
13689
17827
8321
21090
15910
22140
9811
27693
10861
749
23425
6143
14219
21350
30770
14519
7939
22885
12818
26290
30327
19496
29641
19897
2504
18052
11698
17969
5344
10372
7018
10949
10247
13169
32064
10427
18063
10101
19414
8944
27502
11387
24441
21315
31386
26095
31041
16925
8847
14556
11640
24955
8539
15155
14790
6654
16473
23252
13599
25098
14761
21592
8327
18320
30879
25241
21187
9712
247
2729
13081
22432
7587
27704
30341
21424
1471
7428
10066
12153
21425
19437
31945
15808
21208
4256
18351
20920
21997
2544
3474
13584
27295
3855
32514
10073
1045
17430
13317
25961
28623
19476
23184
18879
19348
8155
2062
7077
7049
308
14902
22230
7780
3183
2898
30642
26177
3266
22194
7256
12135
28212
22198
30443
26579
27937
26143
7077
6626
7705
7117
26967
7767
8271
18315
5441
10433
23782
21820
7316
30784
29037
18765
32215
24803
5438
30435
1965
6073
14211
19126
15192
24707
28632
25
16633
24624
5363
14981
3962
13662
21778
16702
1740
5524
19710
22911
32173
2138
6253
20950
30580
1684
2865
2188
16720
10664
31381
8971
26835
18503
20255
14451
21275
12711
8648
10625
5630
6454
24153
25893
5470
2136
454
15093
32193
13433
13737
3555
24664
30600
21201
13674
7947
21396
23774
11428
28663
31262
4422
20979
19418
6354
17246
5328
16498
9940
1710
26323
30616
15097
25295
8589
2127
17821
30015
16839
9974
15633
234
10297
23217
28291
14391
26148
1012
17368
18251
12085
24511
16598
27412
16728
12571
8093
9879
22015
11805
17204
15921
12153
31236
18719
21512
4693
21557
13552
8251
19929
5089
24719
32047
22540
13510
22077
5476
32385
27905
853
31854
27592
26197
2768
294
13902
23097
29794
5893
29028
8864
1822
25498
