20801
24701
30116
13372
2448
3555
517
18894
10482
30851
6987
31654
4270
12655
13874
21487
18261
26921
16145
10991
20944
1134
6226
2552
18655
23106
23768
10664
7267
28996
31619
8346
10348
32761
4023
32733
14478
19704
2160
12551
27254
12828
5778
8798
9132
7478
31463
30619
2160
18576
5915
19101
23021
3342
16574
16201
6810
10622
24275
18504
11429
9266
30792
4248
9245
15665
2261
9551
4337
32119
12677
22938
20143
31934
31026
3316
7901
25571
29628
1893
15323
25253
24445
15806
15786
10214
11438
6969
5600
32419
16517
31264
2883
8512
5370
30729
21573
8541
7225
579
10949
7427
24553
27236
2754
5806
6394
6416
3892
30717
19498
32442
3579
31
18753
31989
28632
31755
25545
18019
20665
24571
11016
29040
8602
11772
17920
32282
31627
9488
31614
17879
29656
15871
24758
7143
12333
8145
2647
31786
22606
9761
24818
3501
8072
21090
27110
19286
11858
12767
30819
2141
12730
19791
23084
11920
12853
31232
21423
20818
10750
15016
12284
26648
19108
30866
25439
11440
29880
11872
16450
30503
25585
8022
2773
29527
7890
10407
6087
10515
31745
29582
10772
18857
9952
26769
12490
22286
4597
10898
11264
5
50
11319
28456
23941
3630
4519
9867
8711
10256
31716
3184
26124
30080
23137
21829
26467
22875
1969
19719
16876
8538
14541
27366
27404
10102
2036
19416
6667
806
1385
31239
366
3614
5440
18606
15161
19067
30268
11953
12662
23321
25676
5106
16682
25512
29930
20410
24932
9572
1209
16422
18728
4567
30670
11193
17692
2073
22231
30642
1090
17200
9867
10953
7089
15389
20206
8141
1939
31789
9880
7107
25670
20816
11131
26675
16054
26391
15540
794
19852
28893
30388
28372
25941
28708
27170
6623
17094
4033
4174
4229
12781
31078
16385
24591
21183
20035
18987
1162
10454
18422
13550
12281
24468
17502
11071
4814
18329
22501
14788
18693
5628
12314
8723
21540
24920
32623
30808
11511
25588
29945
22996
17580
16688
23785
6647
286
32094
31948
34
27689
17033
21485
6386
28015
15526
32083
1679
27473
23274
32337
10822
9847
2202
27617
19834
19873
13663
18833
9901
29729
16702
5540
29521
29306
19691
30423
30985
5138
659
23248
17257
21978
7219
8581
16752
32500
25629
29395
20096
30179
23225
23067
30332
31224
24278
4401
21194
6454
19648
6468
6679
13663
13912
7325
19553
15477
29443
9603
5085
28372
29810
4051
4438
30781
10336
4011
26064
26323
18885
25911
20607
4799
24861
4316
1579
18444
19906
22588
7819
22608
17126
16400
1656
25606
32339
13346
24303
30737
17107
27391
14940
13592
28308
32694
24098
25054
4381
11994
16409
21966
2977
16284
17531
12501
4494
14468
6906
21366
11457
30203
25186
14373
9868
31090
18464
19645
27033
4323
24067
29930
24874
18700
28494
7156
29925
6981
3016
20086
17479
22081
2209
22238
12447
28330
6063
10554
23027
7417
31761
6760
27666
13060
28689
11142
9507
18335
18353
24936
17396
26732
21968
26795
26409
28446
19503
27158
27461
12629
28013
21127
21464
24807
6401
17883
25048
23131
14601
15786
2804
22814
24658
30605
6973
29403
21200
31813
21935
4828
942
21027
11401
9631
9738
5792
1191
10417
13742
24394
11057
19149
9983
2841
25929
16873
24789
25386
3786
12165
5444
30265
21374
11138
6551
20674
9538
20041
27919
5471
13687
24213
14272
16439
10219
25522
3017
5809
26298
2766
3863
26043
32574
30229
12049
20671
28331
28726
14679
9852
19568
4680
27806
7342
11549
32054
2816
24648
29614
26171
30572
32408
31182
26628
3740
20657
25673
8134
20321
9599
32403
15374
28434
22426
7526
15549
15066
23806
29782
22252
31729
12380
2720
21476
22448
5819
7897
23603
30219
29219
31321
12344
31649
17682
24496
31118
9472
31010
31185
25685
17591
30897
32512
10890
28522
13777
21139
28014
31701
11556
20686
23469
4497
3556
16271
2440
29833
9101
20886
27780
4198
23745
9205
25396
15513
2907
17199
4415
27554
1546
18607
32282
5772
29184
10035
15071
21166
17341
27630
539
26575
29346
12428
27471
11822
6197
26731
5753
2555
4857
26090
10521
22817
11406
26409
32147
26772
31758
20254
24556
21460
17878
11527
22396
24528
28319
15141
12019
11656
32329
6195
1736
27690
172
26644
20887
15203
16148
26164
5956
4520
25789
1720
19026
5854
546
10363
25462
12444
4657
2803
6277
2110
24485
32559
17468
30791
15957
26005
14281
3150
1449
28208
26786
1734
30050
14358
30621
1069
23589
9277
21996
16823
9300
10344
27121
28245
25775
25131
10378
22788
17241
11812
3553
20992
10975
13761
14553
24493
2795
487
13911
20006
20853
5710
6870
7657
24216
72
15501
28640
14581
12194
32416
3268
28367
10283
24552
22051
21399
11428
6776
23193
6618
25866
10098
31959
15999
11664
396
17002
29322
2678
9865
8246
32398
27926
30141
5072
3008
14074
32173
5995
17012
30913
1022
28529
7655
20244
20827
30912
24210
4752
27564
9288
19093
16515
11146
15554
1463
29348
15698
6095
26171
32732
30534
13606
743
20073
30266
1320
10674
10937
6921
7434
16819
2912
29009
17597
4562
18056
18623
13726
22651
14832
2109
1090
23658
31089
16341
28222
22274
28993
657
19274
12151
19904
10919
25077
21841
122
6288
15060
1031
11317
31587
31482
27804
20033
21418
29633
24348
115
8059
26765
21328
29861
21261
19185
18501
27733
7755
29400
32149
692
10518
266
32424
31455
27995
8522
12383
28153
7722
776
20135
1184
31947
12076
15962
17042
12668
2550
14724
16912
27792
1079
22850
19870
27306
1142
10513
16767
19398
32659
15396
9756
21381
24761
22404
25341
436
2539
20259
12003
26660
17746
24174
17429
29907
4112
25512
876
22434
6316
30211
3434
22514
30104
4491
6089
16345
26231
25250
18007
21070
10424
5662
18273
27102
7380
17883
2163
25482
6812
15790
11030
23802
23294
11259
8467
5159
21841
23579
19036
14837
9168
22873
14148
31422
32313
2492
22719
15660
26616
31970
2323
27482
11654
5301
5194
9727
25898
19679
8735
16752
18145
2818
21128
4286
26465
22520
14045
4980
520
7889
32408
27354
24336
15083
24112
25075
16428
17246
30013
5548
3683
15818
29965
29584
17050
19606
15756
22133
25931
28610
27009
17116
8501
26137
11251
1518
27369
14358
26381
19053
26486
11068
16255
