32116
6276
13352
32487
16558
9031
19295
30431
1858
8091
22053
21670
7552
2780
4772
2372
2699
624
14350
18511
29722
6594
13456
10794
31856
23266
32698
16145
19722
31939
12236
12858
21996
8315
12653
11583
21328
25432
19550
483
9859
11727
5067
9685
31158
17508
12143
25452
3621
22790
22619
26779
28392
3140
8680
9344
1590
26244
11465
31948
1886
22262
24439
18621
10063
31432
5996
2006
8212
8383
32072
22691
23954
30989
3724
26474
31949
6392
2012
7948
31732
3047
16713
27885
2360
27756
22262
28747
28736
14880
14642
17744
22928
13499
15322
14457
26029
1046
2068
250
15764
30036
1295
22493
17737
26793
25402
19807
29015
17161
15021
29441
5670
17015
22183
18745
24207
14692
9511
20581
21469
841
1769
28196
22221
30966
4749
9983
19695
11317
5972
22322
14305
26942
2118
29328
28326
7187
16449
11022
29731
31239
3385
27401
21728
23411
8655
19901
27100
10419
13837
25750
4491
25041
9669
27217
12146
10254
28630
30493
12215
16439
1684
6596
17923
9859
10122
4020
15501
5799
318
11238
13716
14876
11072
10381
8020
28778
24434
31037
25418
23409
13737
5975
30909
27055
15389
19955
11187
18545
16154
6214
20870
22271
11398
20618
26707
21558
25472
4201
4704
6994
25413
6586
10539
1452
12147
22705
5402
10635
9677
28961
24210
8666
3533
26892
19126
17434
21540
12304
17047
31418
29251
14015
3032
17370
16457
7857
8114
11540
13040
31559
11085
5562
11888
342
31922
19517
26818
30188
30887
22977
24144
29975
27307
15903
12217
21064
18884
436
10574
3007
24506
22878
24164
12646
19033
25587
17032
16747
9743
18279
27195
5568
7150
25665
1388
11283
24524
28398
29116
13762
31283
317
8693
14162
3066
2291
24021
31151
4869
23882
21219
22527
32450
9483
5739
31239
14182
10290
4454
31710
22914
11507
10200
5400
14496
15970
26460
5067
8986
8104
32721
20698
30162
288
13265
13965
12319
31422
9361
26753
7951
25243
361
28097
24596
2117
3437
15304
2753
15660
26867
28923
18484
10349
15321
24306
8592
19146
16411
19648
3231
17671
29484
31675
1218
7766
17500
7586
5765
21541
4985
9110
6099
21710
32316
27869
28227
19851
5922
22711
994
4043
10365
32701
9002
18756
16585
28855
22854
23178
29146
25310
1030
26576
24499
977
11317
1943
2982
3976
31784
24857
27107
24461
18866
2495
12330
23140
13196
26436
22078
23833
19488
27399
21664
32235
5229
9835
29483
23757
22165
5474
8276
16721
19402
3533
17207
10558
19932
21378
15936
31604
13532
30289
5162
9329
11178
25617
16233
22971
15743
10799
11433
20699
8013
6533
15977
12329
2315
24415
3964
17405
27232
26051
17401
25327
1304
15999
20658
5697
11571
7000
24954
13719
5026
14851
14958
17511
31331
17806
7050
15084
4455
20796
26982
468
21002
14998
8795
14464
30907
2528
2098
24915
19141
5721
572
26067
11027
3018
12602
3507
10282
9871
8720
130
2863
26712
16821
30957
15178
8790
24304
12380
9439
2523
9834
8837
9023
21953
17635
27071
6586
8693
3401
25165
28528
25347
1225
20353
24141
15860
13444
9056
17767
15210
21215
25789
2091
30009
17680
22393
7551
20021
14854
15052
899
22681
32503
11230
13123
18315
9786
31560
31023
18844
29444
25066
31557
18925
9900
8476
27580
13120
3467
30822
7674
9636
24499
6041
2790
16673
31866
24298
6388
27614
23807
5610
27058
28137
10821
14444
5483
20335
23688
8405
20519
29879
23871
29958
7663
32763
2952
22116
32534
12507
16324
2673
13276
1111
5709
16593
32275
17483
25692
30918
25023
30202
7568
1823
23813
19727
17032
17739
31259
15847
14090
12479
30585
23093
6954
6014
6745
28481
15456
25001
21137
24439
20183
25128
28261
24191
6946
12089
29447
9879
21151
26701
20443
30068
28828
20410
30698
17192
18211
28621
8014
25553
19432
18945
15785
27163
18748
14877
26089
25398
7392
1769
32663
17703
18589
32625
32075
32579
22099
9508
10073
1574
29307
7215
32358
31861
10065
24922
2426
32078
17049
7462
25295
16274
10868
24449
14742
26824
32063
2455
27218
2374
29877
24122
23329
414
29984
13140
31584
583
13395
25876
20661
21062
5060
24711
31791
12137
23830
2262
28172
31445
23823
16853
12988
730
27430
20810
4388
11717
15817
6801
20335
23396
18563
24489
31719
14397
24205
22842
14805
1664
32585
18596
9367
28167
24199
18541
7703
13311
24439
21559
15305
22446
12983
16653
2784
9602
13458
2316
14491
3687
19217
290
3350
24854
12000
8919
5708
8832
12727
13280
3727
11187
20340
8438
13988
6154
1649
2036
30852
28444
24010
20565
21061
1906
31813
25570
14170
7307
2949
8454
19741
1983
23802
23079
23603
26028
14178
19965
18839
538
17287
32489
20359
29704
4252
4727
30
23990
2
12308
16432
20261
20459
8191
19199
27169
26207
5373
14859
30280
18526
22881
12606
2128
4006
2775
25219
12575
3506
31681
3262
17255
19168
32210
4440
32062
6323
18816
13024
23302
4280
25012
15098
9580
4274
18089
13162
11108
21066
20652
30939
5906
19259
14621
16183
4647
24235
2268
124
32033
9014
24201
10316
13153
27379
18463
15813
28220
28009
24563
5710
6393
14478
18268
14887
32546
12812
29326
161
26826
20849
5516
22280
10577
10953
5274
18898
6480
12500
21805
12975
12019
29206
13196
26661
9683
29635
24516
4540
4137
11009
28890
13162
16214
26979
7976
19189
21019
16484
6507
1577
9563
11290
11882
20401
5227
22117
8737
23103
10746
3992
4453
14588
27589
28607
14828
843
2301
21223
24983
9460
12203
16322
6663
29238
25646
24565
1010
15724
13826
32107
22851
6564
7735
30237
9153
7122
13259
6966
16817
3342
16265
23865
6298
24034
22635
9206
18544
29264
948
31304
12948
17776
3075
18446
19797
20711
10144
13379
27264
9699
1352
5457
11348
24363
19030
1794
15270
16071
20800
4762
23741
11098
18622
30246
23595
26563
29796
31675
29683
9699
32373
32754
13344
31462
27445
9365
31163
12620
19279
2707
30306
18184
6599
12558
15924
31563
12076
17003
22775
29485
21496
560
23245
29371
29574
10487
12918
7709
12607
28544
29787
22927
3577
246
18353
23050
6618
3089
24816
27769
19008
29556
7342
9274
3489
3641
2192
23776
13492
19667
25563
29923
4979
2202
29091
9499
18319
11861
10569
