16674
30196
9070
13354
22118
4826
19662
18022
11534
5603
5595
12984
2906
7953
17687
16089
13654
21138
13491
32195
13869
8989
3525
15680
31848
12702
17006
8249
18190
2891
9183
10142
6299
11763
19183
17207
8533
8158
29622
29562
9827
31101
18159
6536
30109
28685
13643
7293
1985
18619
9942
29347
18955
15566
16916
27360
24313
22507
11910
8365
29155
8365
27007
16212
28639
27566
13619
27496
12121
21897
19111
22300
12118
1606
6687
15500
13416
23075
28252
7346
12212
11587
16717
30978
7924
19965
24508
1764
14746
27152
1291
21502
6295
15906
29027
30233
15204
20735
15838
30754
18160
28241
11681
676
11566
29890
7648
3120
21659
25831
14494
13316
9242
30314
22393
10008
15726
21007
13446
28575
28943
19177
16678
22986
1556
15780
30577
30567
23159
31264
7648
7598
10183
21536
15519
17116
10140
10620
21671
26891
7140
19247
13769
17268
16788
832
2436
31776
15002
30108
32723
7797
24848
15935
21450
10019
15966
11935
29448
28544
3186
17229
20943
8189
31074
18910
12772
12989
14398
17634
29083
8803
25749
18659
19382
24650
27978
27147
21006
26928
7549
11896
3123
13524
31806
9579
28012
27638
887
11486
27621
20951
13407
32631
6642
1308
20275
14828
25816
23464
16800
5713
25001
21955
15824
24659
10467
30235
14320
10858
20520
17482
29705
13127
8929
7677
7773
15592
29366
18825
2935
1150
5473
14493
8897
573
19694
19670
8476
1052
3585
8196
8987
1945
7469
15869
32752
13258
12814
23872
22941
2448
2814
19939
11993
29613
5854
32219
29916
27969
28213
9554
18604
13276
21947
16717
23736
24452
2313
30371
7859
8570
11000
18962
164
13089
25240
2848
9576
5969
30463
9161
11504
5411
19244
26167
20782
18951
26239
20880
6173
23568
25944
13918
17
11825
12294
31882
29338
4244
13919
13239
25937
19908
22299
23273
18690
26540
8995
30072
22931
4263
7252
32401
5738
16026
20028
26421
331
7051
1322
21775
1844
9896
15066
4723
928
9512
14963
29593
6000
1645
8653
25965
10594
5183
611
28327
25979
6438
27118
13535
17635
25415
4081
27293
16947
24755
16025
3294
31642
24996
9636
32051
18927
12946
12427
12101
14178
16966
12190
31712
2389
26589
3689
25125
15917
14814
23009
1927
30966
2191
7052
14351
10168
27167
18459
5456
4805
2719
10924
14130
1344
20403
15715
20563
6354
12721
1534
3013
31560
27575
1623
25723
7010
29739
21997
25797
30230
22986
14890
30159
12697
29658
15468
31325
11969
15784
219
31098
1561
3146
6016
30656
14828
3667
9872
28255
16396
1834
3704
15051
16511
30988
24624
3524
26381
13380
1995
19413
22823
18187
32542
10783
6959
24180
25303
27703
20284
13089
32185
8577
27524
29045
26189
29927
12004
16401
20095
7106
8322
29266
5678
28985
32209
17373
6168
29469
9167
16892
10251
15230
31843
9183
15411
5316
9592
12680
11767
21389
31745
29329
25035
9969
17476
1350
23146
11179
15026
7393
21996
8212
12334
27674
26702
2324
11668
1827
23540
19707
15512
24387
20515
21472
14353
7592
21015
7284
19264
9854
30443
27820
16236
30394
2707
26072
32689
29922
17308
1037
5440
23232
4630
6248
1796
13769
31857
9911
4763
9975
16369
12748
4781
18867
12209
20745
25198
22733
14136
6255
20849
31247
17895
785
29227
3063
25381
12701
22654
4281
9577
27419
4747
12306
7342
13604
32457
24621
30006
31707
10441
29540
23986
5036
16607
3810
23390
10118
8997
270
25578
29782
5070
5812
9544
17851
19145
30461
10294
8000
31437
28933
7551
15921
9687
2814
21970
9071
1752
4795
1066
9460
16185
4863
32715
8853
4099
31682
19224
18679
7072
27061
3314
7116
9729
25987
15895
30528
22394
24829
18837
3116
20842
20374
13451
15787
26752
31390
22568
19681
2718
24381
25143
23457
23802
20951
7201
25603
18150
23158
21351
20978
10097
6223
17684
19866
416
26012
3982
3521
17952
5834
20379
1155
31702
31174
24443
16415
1236
21991
32718
26195
11332
24105
29660
7297
13203
8184
29789
12330
13743
10879
13282
29437
153
1779
30580
11221
27730
8948
8192
13311
27226
26739
3896
30104
29892
16377
7363
5183
31659
16679
6301
18724
817
20802
31552
31165
13247
29917
32285
16726
12239
6252
11304
17496
7340
11098
20494
568
28945
16317
18919
4907
9323
10799
5650
10585
19297
5907
1757
20566
5489
21851
10083
8902
15587
14301
14140
4498
13975
7183
17717
18745
31024
27994
1157
237
4624
5892
17922
25019
1832
553
447
29859
16086
10048
8060
21038
8465
14670
20842
20595
1938
10642
2953
8809
28490
8099
20384
21501
11206
2020
16453
19445
2951
31857
7040
18999
9923
29862
1960
29419
29861
15797
29813
28902
12714
18518
17493
19709
14765
18103
16600
23289
24749
15588
20713
8875
17601
1826
32717
5807
27151
19703
9908
5302
23255
3561
26423
31241
15230
4910
25065
16102
14836
24490
23215
20451
27035
31523
5192
14296
874
32602
18242
31410
674
3507
11776
12364
29868
5975
30270
1098
16422
21392
22461
30136
8448
15033
27205
13925
21649
7983
1618
16522
18053
3779
20948
969
9953
20648
31017
19881
21001
1480
16940
7145
3893
10412
2243
29409
19278
13866
18050
8208
11183
13625
32274
32239
7455
123
15454
484
20726
28738
21736
7175
11935
8944
24414
20726
8448
16478
14428
17294
17371
32287
17737
24305
32447
32390
14347
7021
25338
20078
28316
767
2968
32289
30125
29998
31960
3398
3047
17950
12756
3673
12297
24528
4469
26876
9748
12213
16385
23387
2508
1456
7113
22717
10016
22536
4708
2562
11913
32501
22217
25055
7973
22423
16676
17174
943
7841
14480
18373
11882
24583
17723
19587
27862
4545
18097
13747
13744
25217
22383
25949
4376
2311
30846
19888
5655
24089
30468
242
13115
2900
1494
31415
14747
15134
20654
30383
3789
4910
21452
8372
23900
27056
18050
23204
441
14320
18068
17959
28374
30726
2816
28577
26201
5276
17554
30067
31733
14485
31584
3039
13410
24021
1315
659
18496
12927
26716
11491
4931
20822
11441
25450
29271
20424
12927
31530
18941
12242
13622
14934
2573
485
8905
4805
566
22250
28106
9738
14529
21638
17919
2884
21528
16248
14467
29637
12929
23362
26680
25942
19498
718
28266
19052
21439
30710
22759
19064
26069
10622
