7297
5851
19251
23820
23317
3728
21233
27013
18428
9631
4841
15161
24665
12898
7503
23553
671
21713
4581
4124
26841
8497
15506
20325
8704
24447
18634
30368
10827
32354
10002
23133
25627
30368
9674
15137
11407
5123
30403
8758
24104
19900
18094
27603
10452
14807
28981
4474
4430
25579
5249
27300
21766
17924
22963
11918
17440
21633
14803
31073
4412
22615
25661
13307
24215
11262
28952
7937
20411
11036
25013
25092
6174
10297
22578
26481
31441
30295
10138
14608
7461
9181
19097
12532
12530
2820
31328
791
31725
19647
16833
10674
8101
21835
24354
24907
24535
20795
10409
8297
29208
24061
21395
32277
20901
25099
28001
9740
12415
12194
1671
17638
10646
22525
22429
19793
22739
18179
26789
20665
28929
13969
4321
21153
4593
3322
12035
7682
29297
8732
424
27133
8110
6713
20909
1378
13726
29109
31744
15505
7194
13085
32701
7316
23312
13144
8388
24670
1661
18714
7762
21547
6726
7257
28415
24518
24500
19030
11226
5334
4686
28486
8479
19840
17877
28012
2826
28030
8194
152
6886
13073
16646
9885
17420
17404
7240
5288
19168
2551
25170
5956
13386
10205
27515
1081
248
28627
24338
15992
495
11302
17019
14889
6499
31923
8824
10753
30021
20600
7847
10015
13803
4930
31501
28440
24073
29450
27800
7236
31535
9211
29323
12514
1255
7437
4541
17738
14501
13432
29866
26386
10610
8344
5763
4140
30828
7578
9680
17661
28719
22951
8924
18583
31072
23451
22385
22826
3691
16782
4741
9928
17719
26559
20247
19533
9530
20567
15130
18577
25513
10030
26032
25202
32106
22890
7086
4235
17507
32497
13993
17160
26823
872
21624
18931
9552
18473
19862
28293
13520
26554
14511
4593
15798
13684
30217
10017
10716
30783
14894
21569
20199
18943
21336
32328
22627
27289
9005
2443
15551
16362
20573
14831
8481
12284
9457
30320
29426
8783
18533
1800
24844
12688
1179
5174
12911
12984
2434
2675
15413
3804
19405
17735
26298
6310
27479
16538
2630
7634
5397
24261
3150
2415
31755
30011
13501
8288
19679
341
9156
19384
15308
5672
19550
1224
14585
1876
21414
32535
24344
16162
9490
30912
12222
541
26332
10063
25554
19660
3226
29716
9708
28578
17169
16694
27220
26931
23177
32459
4301
24175
288
9809
22656
2720
23957
5951
29605
7286
23284
4370
43
9605
29168
6060
17652
19056
23213
24238
4398
8892
15826
298
3471
20447
3003
23253
5914
22537
22066
15612
689
21081
3080
14911
18096
13
1465
2692
4388
31958
32548
21075
665
18586
20618
21787
3455
16031
30324
135
15776
7359
5944
658
31494
28945
22604
3103
1921
20770
19189
24180
18833
9128
14823
3777
26135
4602
31174
26491
27204
17899
32520
4747
6178
32672
15413
2849
24428
21856
25869
5484
14240
10176
32376
17471
12071
18961
25872
18309
7292
27025
26493
29250
30556
5588
11761
28632
30330
27003
21336
29880
5319
19005
15050
26584
16683
15023
28315
18625
20156
27773
15051
11831
29727
32006
18915
30607
9142
22440
879
8332
4865
20126
1899
13719
30644
10198
30661
27111
30748
5906
21571
12808
1031
10859
5538
6726
5179
20377
26590
30464
31770
15054
26841
8703
16144
20911
30724
5127
1631
27679
16233
16393
21880
26498
14145
22440
5254
18089
9387
3366
4344
9840
20003
3310
2981
18270
8218
15151
19301
8527
6353
2493
10480
18078
32633
2756
31365
21159
2917
18576
3886
23737
19583
26329
23549
28521
30926
15324
15347
11135
22834
4621
16742
18367
7872
31471
8649
12311
5384
1886
26882
8767
1394
14109
7479
16835
17135
10473
3318
17583
3240
16304
31309
29349
28371
32580
9178
24134
3017
2112
22457
1104
22159
31294
22853
25375
17459
18781
8733
22748
1997
30644
7871
16166
7218
19847
12553
1363
18189
22672
2461
22950
22640
16164
8954
4545
28583
32758
3967
31899
17544
1083
25818
27814
12169
6535
18760
21974
3369
21659
14630
17348
11270
24168
10355
21002
20703
2078
12143
22875
13723
12230
5693
18745
25053
12830
1055
23425
8333
12191
8329
14260
22183
16281
10429
28156
31317
13067
18094
5313
18297
7160
31224
13355
4937
28918
17561
27734
13497
9548
16236
3764
1473
30875
13518
3233
21609
29602
24786
20662
6936
5321
23836
2716
11533
24456
30486
8240
24004
9581
26684
27856
7115
724
31954
5236
29194
3101
7368
21306
14399
26937
26719
3884
22783
9806
32534
14315
23201
11255
14088
16717
20235
4059
9907
29292
14230
8182
4248
12990
30466
29711
19117
17499
25700
7808
4092
11214
16084
2529
19013
10983
17471
14551
22302
8147
5379
20136
12420
25460
6334
13371
19186
6800
4899
6273
5602
22236
21051
27788
955
15468
7948
524
7778
28089
26861
29331
25420
27911
13479
1212
6258
9502
4958
15136
23400
22109
19906
12978
28180
12468
19954
1581
18187
25704
17421
25378
4109
6477
12895
13420
28380
30802
11441
22105
8058
8621
7236
2593
22720
25253
32218
12869
28805
32676
17171
28365
3055
12416
32051
16246
1178
25231
23709
26819
2638
15516
24848
11459
21709
7041
24549
29887
31657
23178
16829
13338
18829
7247
17548
2522
30592
7325
17122
20501
16898
24526
1788
11525
31910
5406
2779
32290
3252
18829
2454
3089
26656
24989
26341
5745
11854
17503
22893
21113
22869
2681
13849
30542
25803
86
25973
6416
1827
17435
31122
717
6615
16504
22117
13100
26887
31211
1764
5585
1171
10030
24779
22311
27045
11733
16949
20899
17470
725
11367
26545
28734
19660
2305
18176
30066
28165
11692
7439
29277
612
11597
16659
31959
16829
401
4945
23288
30462
20764
17610
1896
6288
16988
30558
32315
3135
9989
32233
9594
11749
28007
25043
5640
7150
468
18482
27390
30635
9389
14404
11968
24792
18244
4534
31048
11224
16083
14419
11533
560
24354
30435
21337
14435
4761
14834
29483
20967
17868
5936
4559
89
10360
8598
15631
18917
4901
4909
7739
2016
8794
8578
637
5878
19165
7192
8253
14864
12889
8640
6549
11007
8501
20361
27829
9937
3833
14891
13313
1396
13669
7344
11228
21801
9625
49
24435
12805
6750
21904
8193
29379
10846
8764
27621
14744
26216
2628
16172
15548
4900
27252
7376
23107
4605
8964
10765
26730
24056
26889
32297
3086
3860
17117
27642
3947
31017
13071
