20552
25410
18621
9925
30436
5116
12784
18228
585
18831
3458
29851
6932
739
10586
8313
17240
6295
6699
17948
30670
15257
24779
20630
32433
20709
14469
31026
29903
25749
13935
1968
25200
29306
27992
2285
13143
18969
24941
28058
14908
28814
13224
4597
7881
17649
25963
2144
8957
12310
5132
29807
28085
25225
19559
11159
32725
9410
23403
30664
9545
2674
5104
5422
16470
11379
880
26683
19594
15212
22460
21098
32692
22374
15016
7873
24835
14365
17551
25499
29753
29020
30335
21028
562
22792
27573
31902
11944
28215
2076
14083
30645
12119
13658
26950
4756
22032
3294
27825
2816
20318
29104
13200
20496
7019
27057
15213
15840
23285
16185
26728
9002
14519
7825
25214
28835
10717
8054
16425
27151
15592
24629
26492
17959
27848
29183
27139
8630
932
20899
31231
6826
12219
16958
20778
23952
14333
24790
9286
17879
22766
19337
21724
4049
1697
22645
5902
19351
23352
27477
19352
15289
17411
27175
17270
21731
8602
18683
3135
9233
6891
25176
8453
8418
8931
15879
30311
14696
2928
8905
22788
19684
17072
24914
6567
275
14553
20912
9556
24319
27331
1600
2959
7970
17785
17651
22525
25533
11234
8977
22283
27324
8381
5562
12066
9754
11937
29452
18314
28801
19384
27306
5522
19386
32237
31467
2057
20836
22238
20488
3289
14231
27470
2841
15489
202
10834
16508
24891
6542
3963
12373
17481
26089
32141
24532
6053
9329
19308
21666
30793
12086
24073
18177
23275
10554
20312
29454
29063
12932
16485
23447
29762
18252
30725
27369
6245
24206
24992
28509
25526
30840
22600
12543
4605
9952
24543
29368
17601
31931
32064
7076
24477
26658
13474
19774
22924
20168
676
9317
10675
18832
24037
9579
16916
28214
24995
27937
21902
12130
781
29945
14539
18081
13151
29595
2364
31251
16222
22790
15888
19923
157
26972
25845
22980
11880
32651
7068
31455
1492
19552
1976
7315
6766
32036
28423
731
16608
32155
1945
11227
1279
20969
15192
18420
11680
3012
5186
16233
19601
6732
14131
4746
19758
11134
2627
28969
3302
4610
29861
16687
15646
19270
11882
26221
17733
29273
25887
12789
27054
27736
21283
24786
20706
27400
4145
20160
23555
424
27459
22777
2964
16375
8348
5044
25433
5359
7127
2740
19578
7045
1381
23649
15001
18492
4130
27869
21602
10717
3841
15300
32399
10250
30103
17302
21367
25605
23919
24859
23191
17592
23204
31716
29068
30422
6695
5262
19504
9381
28818
9650
8138
18141
29959
24579
7614
26776
7787
10480
30462
18384
32712
26086
12364
31826
6890
15046
29817
3719
31729
25461
22743
10724
31773
3329
4264
13735
4343
3999
23127
14227
28691
8223
7745
31922
25108
19834
20594
14181
3032
15892
19054
14480
16566
17935
24744
29230
23586
2092
21703
8896
3180
18785
20117
28682
26545
17644
12447
22078
22557
30512
6176
31438
13146
13097
5213
6228
28403
23261
15638
3843
26075
17259
959
6792
384
9647
12868
26624
4482
11310
19255
12292
29887
26758
2376
30826
8920
21458
21718
29140
13210
447
23588
28372
24055
13620
11535
27211
611
22225
3743
2590
5406
9246
27599
14518
29371
10930
12095
2966
502
30869
12825
24581
4501
10512
13588
25772
62
4113
1623
32653
16269
3898
28066
22635
13721
29297
1898
6179
23731
16867
20376
15420
17638
2245
1167
2508
1977
12134
10737
27003
24182
27845
20506
4516
21065
1287
21539
5831
12285
23752
3430
27849
11262
2521
9106
3906
21766
12328
26520
18573
23057
24399
6561
17329
21767
26253
21414
5170
3688
11199
19308
26748
20449
6538
26355
13208
27017
19832
22347
16900
22809
8367
25471
31320
779
204
210
84
24430
29054
12298
6212
18148
22652
4906
28576
9441
25295
15108
24756
1020
26291
14977
8091
11509
24518
946
19725
15932
110
30706
27982
17196
17560
32314
14284
30552
31662
130
4784
1089
32676
7675
29157
8931
3470
2442
7148
30368
23942
22883
6744
20155
31648
9194
3600
30301
29065
13643
27543
22975
15481
19349
17260
5917
7449
4240
12367
12508
31144
21311
27418
13927
25981
5169
22719
4113
10595
27722
11426
32566
23537
32044
8999
31988
7953
13747
17839
9716
30948
31977
29280
20637
6449
13028
28078
27721
2441
18593
2813
5588
25377
24284
1133
12916
12938
10843
31102
7316
743
12972
5519
11512
4528
4589
3512
24564
15228
2902
32040
29442
18925
14564
13267
9177
13491
354
30552
25807
4188
14159
16691
14874
20151
29762
15398
14688
31799
8167
5584
20407
14798
23926
2928
9717
17652
3735
32219
3267
2690
3040
25113
10764
10925
1974
28330
12387
21277
21730
5330
13469
2719
26981
5435
9404
2057
9858
26510
22040
6735
24065
20758
6578
20706
22467
32675
17920
19122
7704
5179
25949
4182
7646
14316
16105
26287
17862
7306
24545
26681
21515
31704
23648
24489
7262
1734
28992
23372
10057
21043
17113
28099
18520
16960
16608
25322
16321
24577
7326
4011
24052
4995
11920
19588
4438
27838
25814
26075
10698
25116
26237
29712
32027
17724
7308
2027
7403
13256
28114
5361
13080
18993
5841
13844
31753
23344
19112
10202
1719
10708
15972
14641
2685
13309
21
5109
24600
27985
14121
2960
22439
16716
17174
11531
29767
11903
12781
6251
22911
27030
6765
9230
28495
26838
1437
21453
3727
29496
32574
6784
29421
20968
8374
16335
27307
13746
278
8076
28509
29756
21528
13091
26762
4460
1163
24574
25223
17411
24044
27698
32407
17051
2637
8548
267
10115
19565
15132
27756
24802
29183
29599
27601
1281
18062
23713
8056
18933
16680
25098
12141
19851
15694
2360
4153
14592
30955
21519
31354
12822
25394
9440
14012
19255
21461
5808
7881
18567
18549
12350
25630
4902
26593
9251
16840
31839
28271
29310
32436
10228
14673
9011
2893
4104
23185
13438
23954
17353
32322
24960
20650
29345
18466
25763
12244
17842
635
9127
21780
24827
13472
7052
21570
3245
3896
18499
18489
27779
12745
12293
20482
21169
6755
1653
9896
13068
10919
3514
31035
21859
32509
21578
498
28370
19662
15028
12623
31707
16815
8953
9905
29580
14302
11366
253
16100
6119
26220
23748
92
26163
15308
2628
7965
72
8783
3609
19922
18785
20274
8025
15890
25352
29512
15003
14176
23511
7817
1860
23625
25005
28800
10277
17428
11688
