24788
10584
29031
19257
11114
4307
17924
31841
26455
10540
24636
8362
21575
22221
31131
32336
21957
14103
32121
13465
819
9972
31732
30853
8318
29098
6290
26247
26841
18480
27679
2249
4565
25438
32536
7619
16294
31410
3133
9547
3382
29975
2745
18449
32360
32388
19501
16001
23048
2747
18139
30676
13776
6239
21003
1764
7820
12700
13319
29232
24489
1791
11531
26976
23133
12509
7954
1985
22056
5664
16978
13354
20367
238
10712
29062
20227
3855
31133
3537
27946
5230
32361
30015
19179
19225
12310
6212
26715
23302
4768
2612
12376
3393
32325
7581
30395
7161
11271
11496
24531
20630
29976
7763
7582
5284
30700
23556
21095
5844
24605
21857
4501
723
2987
10123
16114
8814
16435
3779
16869
21560
29160
28917
7148
20413
9902
11276
31098
1905
24617
31507
29579
31422
5705
15800
18926
26065
11420
5123
1164
16067
12322
18036
16217
5200
24477
32378
11848
12457
29189
32398
29664
20136
13214
9209
1920
10032
3225
17795
29286
10300
20684
11704
23982
32766
11790
18889
28400
891
15013
23141
21018
31863
4827
15520
1999
17343
20185
23440
1918
9924
15733
31562
25605
22465
30781
13945
32461
30077
15378
4723
25083
19454
14807
4536
6404
10025
8868
3961
5030
16295
3322
8704
26924
3020
10438
14158
32313
7603
3602
30683
8216
16185
23216
12807
14766
28175
21405
3597
7838
29785
8328
31069
31093
13830
2029
7252
29708
25076
3998
28426
22439
16408
5001
19762
22730
29867
25008
17991
11340
31195
27401
17865
16131
11035
13731
9401
11623
27403
23772
18828
13756
32335
12491
12145
19261
20793
19210
17064
18074
1470
13877
12230
4269
4676
29105
16625
18866
27345
509
20849
3973
2803
2947
5825
31710
28846
2729
31903
21616
13570
14787
1427
21406
24860
18461
5526
25270
26571
23949
2601
14780
13222
1094
14959
363
17309
6447
7167
23411
9277
32148
14311
30162
32150
13721
11841
1564
20537
8682
16833
14938
14994
28562
5820
20111
19729
29245
15734
19459
31616
19885
16658
9070
16479
23790
23243
5545
12594
26463
16506
16222
32163
6259
32195
21860
15259
24477
5965
28441
9177
7899
31486
23394
12455
21986
8060
24529
15979
7737
28323
19354
3069
19727
14383
16152
1303
23280
28800
3097
28456
22102
23650
30688
28258
8494
30727
18479
9156
28948
9847
7510
13499
4071
24474
20750
19398
1036
1611
19226
14504
20542
25376
30200
16449
16204
29210
15403
1525
15197
5615
11305
2735
4909
5452
24394
8812
3362
24107
2079
31027
24452
30406
32538
18180
2282
32406
31218
12506
22795
6448
20822
1618
7264
14136
983
24428
23940
17498
15093
31683
1454
1030
25253
4725
28244
5549
16814
15747
13703
23164
8795
24464
8496
29710
4127
615
29413
22263
11373
31419
22478
24760
852
19684
14852
1235
30315
15538
9114
3555
864
26552
5410
13514
3697
21486
28697
8123
28509
5394
6639
20668
14770
5918
2611
25506
19577
16677
3195
9056
13725
29572
9343
20524
17075
7969
30416
1966
26277
3676
30362
12441
22601
22853
7297
4878
13160
6708
4402
8589
22867
9504
8873
11929
32381
2369
18599
28840
911
27259
26485
21322
30316
2080
5008
29492
5595
14874
8491
17784
28638
30146
23199
8841
9402
1259
7881
30069
5485
1022
22912
9600
11469
9188
9022
3104
25357
11343
10931
30765
1360
2712
22009
27731
32077
32291
22027
6325
14068
31232
20886
10706
27726
16500
9602
17421
3891
2559
294
1208
7931
7334
9554
18725
29019
19081
12090
25847
24636
13657
12701
29675
7886
16357
9877
23381
26909
5391
22758
2890
27486
1707
971
21526
12522
11507
24769
18464
28492
15862
8150
25824
25716
6362
15362
21814
29704
461
28974
13063
13910
5489
30798
4423
10451
30939
18162
1366
11002
9863
5034
7767
13944
10038
29864
3865
2288
8587
29400
3469
19724
29956
14175
25116
31142
22888
22439
22391
30449
28681
41
12161
2655
3275
8517
30709
7257
21255
15606
24847
32322
17919
8526
24622
10622
21683
27826
30624
25840
6413
21995
23204
27349
2020
15761
10153
6556
5184
6899
5605
7711
9756
9183
9578
2365
17644
15480
16474
32379
27686
24882
26499
27686
379
28737
24171
30454
12017
4435
1187
4586
26890
12589
8566
1705
29635
13658
31462
18105
17958
1625
29121
22047
12127
16806
20417
17924
30581
31352
9815
25548
12061
18639
22580
23734
21019
10746
14260
21163
12160
9041
26466
4601
19598
14934
10393
32656
30961
25071
22565
13156
12754
30114
7494
8218
22141
21346
9283
23043
21206
1718
24665
14868
10081
395
32599
25632
17282
12500
26911
18887
32111
17456
28310
23886
1569
15029
29433
24363
13750
31285
2085
26265
750
6999
5569
28570
7009
15259
5875
2175
32596
6424
7790
27145
11942
16689
21162
26613
20851
301
3274
18304
23082
22051
18078
21998
19878
8889
26237
27197
32319
10469
7903
6998
29267
1245
7592
9954
28376
18833
8582
4762
30157
13570
26656
11447
18231
5554
31640
5304
29555
10231
6879
26123
5249
31273
14669
12604
3559
32564
21232
15578
13892
19929
13009
29633
19056
23634
10817
18722
32733
22560
28940
6948
9282
15023
21997
24261
367
20500
4592
21123
26934
3534
2372
31801
18180
9969
23024
15290
31480
28207
9156
24601
11154
14816
30024
3974
23980
2814
26163
30135
6570
2490
25456
8893
22066
19220
16208
16352
12585
13912
28511
27003
10275
13893
12896
2704
4680
21746
12476
21807
14796
12924
13222
12472
8586
6449
32767
31064
18415
29357
26056
21149
713
12244
13366
894
6148
30364
10012
15680
1686
2446
32122
1782
17556
4964
11391
30564
6629
23205
24036
27338
17376
18703
5935
23447
17038
5836
27001
14755
13479
28171
19563
10427
26493
7158
27873
658
31586
31912
6439
9550
25863
696
14011
25280
24997
29446
24448
2173
9279
16950
2969
14454
3332
9902
8363
2437
21250
28237
10617
6003
22060
10076
23360
8859
11873
11036
28931
13109
10700
18709
10056
2182
23172
20306
19657
22409
12204
30262
2338
18847
5546
27709
25440
20874
25968
26715
28325
27500
20722
28676
15760
5832
25833
6833
31320
1412
25330
19528
13427
4845
16282
17317
10045
24139
14682
536
10194
30853
4276
15003
19178
3243
26515
3614
9188
4067
12781
6953
27842
22028
32457
32715
12447
