23161
6375
1706
12655
4788
17530
31848
25057
20153
1617
30884
7059
2521
25493
28105
26932
9341
16538
5996
21838
15878
17150
21827
29917
14080
500
5811
3185
2140
11478
22924
11485
4952
15995
14165
2492
25412
11849
5142
28991
2010
15474
7538
28952
13506
23032
26055
14210
24273
14721
26017
28790
12157
31010
29660
13012
6435
29227
3037
31558
1607
17468
6229
9882
29396
28314
1619
2665
4831
14804
16385
9360
11605
22942
14116
30267
29329
16002
9183
19748
15278
18964
5266
14846
8276
16163
16300
21831
31493
18136
12191
10825
31312
16213
14939
26455
13990
30640
4810
16473
13025
31166
24146
13124
31688
19651
16839
5740
25828
31564
18
23640
27762
24005
24297
27762
24586
30725
26361
16717
23625
6061
5253
23177
4912
3575
3490
21851
29738
15777
28323
24179
32019
10359
30840
16662
24800
28013
23545
1848
3776
8719
17721
18007
11031
4583
8089
7851
3959
27817
30711
7464
1328
23586
29804
8628
24803
11503
17512
20140
11261
10267
17384
31940
17918
28678
20263
18505
29813
27269
604
12506
25136
172
18232
2177
27977
10152
16394
3325
900
11320
14781
23559
30376
20979
26933
25469
25712
14617
23416
22392
21222
8355
1186
22982
30042
7848
22067
21134
18211
27799
21822
2121
20295
1938
23512
1670
26566
10126
3455
21329
16257
26544
6330
6413
28776
31518
10032
4820
14583
8114
6582
12383
27702
8365
5923
7368
16282
15814
24844
13129
22138
2159
21239
11606
11173
4571
5056
17819
2230
10332
24805
30994
13315
20287
24697
20427
14047
11978
8693
13173
9125
23679
18157
6504
16346
15267
32171
11745
20269
21492
28307
7991
7420
10693
6589
954
1251
1660
25170
19377
10064
5255
27384
28626
578
29707
14707
25760
7639
17781
21489
6383
16226
27375
19635
8521
25987
9939
11834
545
32256
21433
13922
5439
829
25865
1421
4298
2325
375
25135
19558
1513
11020
31083
1577
14055
11811
17872
11085
3620
31590
9835
22919
28960
6639
18294
17772
1014
14356
29050
8334
30239
16027
21986
3189
1859
293
23534
13694
7927
14226
29093
17184
2185
1124
28739
28219
11885
10197
16044
18614
22996
16340
17172
12260
20627
2593
10216
16851
22614
14644
9163
13865
26762
4505
10409
16125
31156
27235
16041
5642
4851
24767
17076
4612
30960
12765
23473
30294
19791
18034
8296
25161
22065
30609
3604
31868
30576
11447
25409
1432
3741
7789
19323
6515
1173
29475
11334
30907
1780
12069
21614
22994
3033
10273
18558
2888
19152
29013
14138
5775
12298
13738
1847
31192
2374
1891
17081
15872
15127
13950
10910
6711
26482
8155
266
26010
6548
5414
13771
28485
22607
21293
20222
13480
12020
19267
25070
1436
28560
10194
9044
106
32259
20405
10111
12226
13790
17284
26808
22508
753
18025
15841
10680
17071
17318
5986
24063
22474
19837
30785
10737
17696
31738
13809
9673
31104
5769
22809
9798
5007
16395
21871
14605
14927
21387
27763
13057
25092
9230
14924
31812
5433
11416
19801
26180
14419
11963
6925
20530
23236
16499
32053
29425
28581
1374
10347
17294
22419
5739
28719
26573
32129
32148
15206
32354
1432
3529
23561
7055
26623
16476
8460
17501
28830
20801
8083
8861
6003
17897
25936
15090
2800
29040
17511
3721
1028
31110
27256
4936
11200
32269
11189
21307
41
8591
30916
10429
12826
9321
2970
24267
17
8946
4148
26687
15234
28928
1501
13838
29255
28311
20386
21838
5257
29028
8903
30074
28657
26888
27019
29981
153
1442
31491
23640
23636
22419
10443
17778
4055
17735
32694
20102
28826
25570
24982
28054
13448
31050
2267
12446
4175
20997
28075
14641
28845
6669
2422
18894
15404
4969
9154
15140
30592
6979
6868
2283
8366
18948
29412
30657
28317
15513
3893
806
30343
14199
15456
917
25481
1745
13983
10847
8468
25003
30442
23063
15385
14708
4019
31569
9984
7717
19258
2730
20080
24426
31706
25674
24319
23163
1102
15774
11272
30935
18876
794
16780
1935
25415
7775
7869
24413
7689
13199
18046
16456
25313
17069
13933
25380
972
30873
9072
12686
8518
8698
27429
823
15510
24432
21868
30388
19611
6480
29067
13873
26469
14350
32273
24606
171
13479
24591
6486
10234
19465
8357
31504
7543
10931
10379
31097
7174
7121
29951
25112
12897
20266
32181
8904
6568
3234
32623
1860
24189
9102
31661
26298
4999
9367
3103
70
6360
20526
6595
1993
27236
28977
2285
20844
17273
27307
21662
30223
155
3485
25194
27272
14142
31988
20305
10870
17746
18221
9069
26278
30757
6077
17894
22446
12614
3074
435
27422
7401
25213
22872
17935
13095
1674
28156
26179
25431
16002
6208
16425
30582
10482
32611
2903
14449
9988
9848
11772
18677
9329
16780
7364
22730
29922
25584
16154
1263
14137
15549
18537
2965
881
16667
31878
32453
27259
2927
31520
8059
30854
685
1250
27040
18320
28470
31876
24070
9123
21605
31514
13599
24595
7923
13294
30275
24150
4112
13818
1151
27445
6730
8805
25718
16371
12009
29500
4078
6146
30585
19063
3142
27718
17007
14157
17303
14969
9372
19753
30051
1039
7673
3861
29861
7187
21631
6191
21904
14349
6492
4113
8080
28014
4171
393
28508
21141
29756
11466
12545
29042
17679
12457
21866
30382
19507
28180
7694
29540
22924
10622
25872
12695
32503
12447
13624
4934
4420
13465
22582
24731
14182
11374
4789
29865
13546
11740
27910
734
116
28616
24719
7140
27762
24177
4420
20120
31562
31367
30968
4068
30084
22025
8976
13786
6479
16968
11107
19433
28379
16183
1230
12884
29331
28401
14825
9857
333
15697
26696
28075
17982
26793
24277
9343
17489
16655
4686
29052
22748
32179
8030
6715
17961
23918
6008
29199
395
5621
12430
2397
28405
18823
26181
1940
19090
21614
11658
32466
26302
25293
7978
12107
15280
30544
19523
479
7993
10922
14832
31149
0
7963
343
6361
2311
27499
29729
25150
29238
25710
12158
13793
7376
17964
9231
11942
18310
22989
23809
12709
1068
15861
25771
25287
15323
30848
20888
9151
10169
7448
19680
20714
21014
28781
20763
6633
23409
8575
15014
11919
21534
13039
5882
12463
22874
30659
24783
4049
11387
27734
23829
22472
10574
6927
5617
12122
24446
6566
5015
26568
9441
28749
4704
117
19325
21111
20262
29191
