29462
19309
99
12412
14867
3727
9663
20598
6025
24637
29052
11074
12514
2975
14776
32226
23192
23344
31758
14407
31159
11953
7861
10626
27917
7385
3487
28266
7804
9023
10884
27561
28770
874
29499
31112
4396
11599
20429
31235
4504
21248
22801
4578
21573
18451
31855
11892
1110
29015
18062
22354
3132
28495
21736
3263
29059
8826
16251
26250
8336
28977
1242
17707
23746
1462
11926
6434
20553
15882
12815
16435
11309
32454
8279
22687
1954
24107
1345
15917
6677
8888
6984
29282
14023
2561
26423
9521
3693
20549
13520
3407
7028
14072
6569
23372
12943
7586
20177
13874
12885
4004
1344
2426
21575
21406
30244
22056
2620
9703
4193
29594
19428
16395
16854
5635
17977
2626
10545
29489
14153
21339
12447
18799
23418
193
14065
15229
18680
27531
16907
882
31088
28469
22940
18462
23664
29910
24671
7212
18842
18300
22316
13741
12259
3304
3151
14388
2418
28231
13459
18250
4853
12530
14302
29584
15545
24071
19294
10370
16817
675
25115
30939
4854
646
31233
3639
23940
18646
3022
9854
16505
5401
20088
21917
25610
680
8645
21377
26425
9071
32067
32355
21877
9836
18852
26339
545
30446
21462
20621
12756
11549
1058
4705
24268
20801
24676
5240
3747
19190
14093
25452
435
15401
1630
17957
25110
24475
25643
2291
15400
5779
23595
24444
4721
5095
17645
18778
31036
10386
20544
20095
13266
25940
17464
31112
31247
12536
17756
16997
19628
19763
7713
22744
8270
12907
14048
28474
5585
6657
1013
29807
21818
8170
3736
27808
7633
11880
1241
27520
21159
1855
4325
21895
12174
15533
17413
32
1616
11008
25355
5022
15579
10855
1542
7642
4307
11565
3199
10045
23452
6221
16558
1508
6255
24831
15479
19188
30906
22990
3006
9285
26179
26409
1374
10241
10951
12280
6923
12332
19653
19600
9464
19462
29291
1339
3544
11839
31837
25764
8727
24400
11876
29903
3138
7945
10487
17197
6761
5595
11988
6420
15454
4675
7308
32086
30271
22975
19506
2492
24650
22754
299
22736
24335
5356
16631
21474
29551
21790
26017
25134
25352
25234
423
21923
1879
2711
5265
28693
8619
5799
27264
18569
30585
18174
1781
5317
12419
10748
12994
11572
21694
15800
11037
14090
13684
5275
1631
28437
6211
10289
32075
4451
14945
22992
6737
28603
9961
11514
260
26309
25265
2626
11634
26345
32733
14930
3534
30516
19898
16452
24892
31944
2307
27537
9427
30272
3513
18512
13560
8946
28025
30325
21325
10399
4481
32215
1446
11132
4356
19743
22198
26146
885
14451
18792
7657
24904
1626
16965
29196
12853
1920
8422
5657
3187
968
2256
25772
31590
4598
22866
13864
18576
14788
12969
12448
675
21427
27046
26555
222
11750
4418
12129
17400
27780
7240
29305
16896
27009
20500
5362
17074
4887
31967
14406
9371
25649
8392
31144
13589
7665
4875
27440
17571
27270
20059
23158
7577
24432
24454
2993
20032
10105
8073
31781
3656
24642
21341
10639
15505
5479
17795
24706
10241
1028
25662
18827
27092
7767
13446
32489
9223
28772
31740
8594
19124
14072
2870
22128
1804
18983
1529
19464
30007
17539
7480
30575
25935
20655
24273
2428
1843
31455
26592
28833
31863
16436
17420
17560
10731
10650
29586
17468
3744
27261
27431
97
2217
19194
10884
30525
26121
1513
19743
2454
6801
31277
29664
7313
16838
490
18088
30942
4558
10232
21557
16189
32323
8301
29926
24007
24716
16210
28083
18284
17985
30267
17352
22074
16767
21021
7742
6053
5804
15427
3618
10978
31143
30201
28817
1176
23386
10857
9153
32424
30966
9006
27261
21280
30722
3880
13228
12360
31998
12615
26119
32733
17403
17260
7648
12140
31999
5999
20516
11891
9686
17410
1126
27502
18474
25974
26331
24715
26836
28980
19480
22821
26227
19445
27574
10881
6220
27906
20164
25152
30239
5059
14989
20831
28962
7144
30429
18183
19409
10595
24450
1902
7390
26256
13131
18821
24049
19915
9067
26141
6341
23297
22578
25821
16803
24643
6639
20831
27712
7680
28307
18114
13682
10984
16310
31139
463
1402
19500
15020
14411
4518
24843
18635
22366
6478
9980
2156
3396
3559
3913
20273
15547
16727
23559
187
8280
14203
16526
24879
2644
24517
21892
31883
19400
4901
14187
8958
28248
7542
25573
31549
8310
29829
5356
14445
18310
28760
19330
616
18936
26621
26414
12113
9224
15372
3179
27624
7128
19972
17768
20507
31295
2680
28123
26916
26163
17402
7136
16913
11114
27698
4288
25372
5982
24680
31034
5338
10741
18470
25352
11
8168
27670
30152
22714
19556
2273
16371
3772
9867
11414
23635
1573
8833
5372
24504
18230
29501
19393
11836
5636
8203
29156
21318
30455
28678
24603
14653
8621
3595
16568
19956
28052
24706
19995
30789
15596
28628
3142
4284
23110
30544
21003
32364
2839
24398
17026
11308
14661
9583
18046
12194
28754
28563
18917
8145
11990
5070
29589
27508
17478
7469
5760
1409
31261
10490
3590
25130
21955
19545
3367
21018
617
27004
32481
4900
16476
4547
30315
3953
30377
28917
1573
16960
15234
4091
23605
24945
6209
5179
23462
15537
12220
14678
23423
11011
10041
19429
30556
5326
14859
21874
647
15303
24598
670
2557
1843
30865
13309
24355
17555
21945
4734
12463
20234
20400
1440
28240
31982
14503
11660
3102
9402
20097
20776
15039
4156
8058
23333
576
4393
20212
16253
26080
5052
20723
16870
3824
27715
30567
17595
7923
12319
26779
30329
11065
27547
18098
31913
5299
19129
2702
13917
17873
18678
22325
30357
434
28567
27111
3264
12610
4927
13704
5493
25116
15607
17494
12491
1123
16000
32264
5883
25663
11228
6828
28003
8244
27318
12253
30500
3594
25236
7006
2960
21272
9053
1020
13471
28935
17592
14128
23397
8491
27577
1278
31983
20945
19172
29502
18947
23800
29124
7200
6833
5624
6475
19326
28617
15280
31045
24647
7308
29653
29270
16969
30239
5915
8765
10979
30824
17352
12336
16244
9339
14947
28890
13795
32720
29546
24029
30224
26666
18419
31386
28585
5872
14555
24995
20122
14710
18507
1213
14109
10465
270
1170
12553
3612
28784
27504
17022
115
17205
32129
18320
6868
8507
17888
11921
28758
21747
25712
6527
15945
28478
32371
21144
6148
23788
26482
16832
23616
14924
2808
28753
4040
21985
