18494
12344
27922
29522
17545
12691
19098
26624
8267
27621
10557
1673
18236
21436
14779
32242
22517
23659
5028
15562
14800
9765
26659
7887
29459
1340
18580
13822
3658
14533
13417
10542
19277
24606
7997
9402
1535
29711
23087
4378
26919
16983
31458
15969
28922
30788
4144
6071
9694
18604
16943
17322
29841
31542
25721
31719
20245
10696
17067
16693
9007
4578
12220
3829
17526
15575
31038
197
24247
4202
26118
24585
18860
30987
30105
11644
21076
18862
3082
3803
3352
21964
5774
2302
6810
10372
7484
11085
8113
25204
543
5474
1026
26393
28641
19986
21711
4163
19986
15335
3199
8573
13950
16518
30679
29378
30384
20565
14128
2149
30690
20731
19757
28847
9367
27173
16496
18769
4300
26283
13210
5632
4943
22749
23674
29611
8810
32062
10010
22708
24091
23726
23763
24233
26909
10826
12283
20703
362
32380
14145
22068
18419
22279
23017
4031
28203
4347
30653
26231
23625
28280
20200
12897
16189
26028
21571
19026
5411
32192
4636
4814
26985
7162
29050
15436
19621
15312
2263
669
22724
26722
17000
5678
22685
24811
2800
14671
15471
17936
28328
35
17975
7890
18078
234
16335
945
3339
8973
28446
28274
9490
25705
24945
31511
27196
17494
8241
14848
3542
4979
7419
20626
26652
13764
29921
12789
6694
21123
27361
8186
29847
2674
4753
2957
2587
14917
21906
1939
6353
3225
23877
1615
32222
19720
28400
29853
18642
9137
23990
7843
392
12406
12696
14742
23204
30409
14385
19926
15223
21168
18358
16380
23134
30170
3888
27640
14714
10477
600
10590
11657
15448
22674
9551
9942
28511
29386
31369
25410
17909
5046
12073
30912
14034
23776
13828
1515
12409
6668
19981
4020
18457
9225
3822
24391
3072
5818
18813
29870
26710
4867
32460
24258
15803
6309
20251
16606
20023
18185
23541
1068
9331
10100
1238
13129
18234
1990
10983
22911
20435
19028
4431
7301
5792
9484
28028
14047
3728
14142
2215
19216
17533
6526
22253
2070
4651
1374
10800
31295
27485
19986
9049
23325
3550
17532
25586
19324
22672
30030
1140
9968
9148
15829
5870
4482
12297
24413
30946
26142
29653
20560
31733
17814
19249
11831
19833
3845
18622
24685
19209
670
32718
31937
7007
7457
5384
26726
15112
15880
10891
15211
10615
5784
3246
18039
167
31240
28219
1142
6332
5986
23397
2694
9776
27036
23958
29591
26008
13427
5323
18081
7247
25289
9241
12092
21642
1181
15426
15183
30219
8453
6141
7111
23243
3665
15578
23979
16894
12345
14700
14682
8581
25659
1183
14541
29454
18150
30658
15539
10415
17408
31712
35
13961
13479
26778
7054
20503
28824
24890
22390
17065
1626
23432
28816
16111
27491
1587
21838
13807
31494
29043
30712
24115
8617
4946
7472
23231
29526
25225
16549
20089
7033
18652
5174
7562
5756
30320
30577
19977
23667
15621
26790
2491
5643
29581
2499
9763
7590
7285
27619
9035
17302
27384
30179
24315
19924
16144
24815
15365
16118
17674
22713
30476
23184
23074
13669
6433
3947
24746
5520
20063
87
9447
28787
26464
7238
22846
11928
22235
1402
18161
9993
5164
4902
19074
23787
30195
26490
21631
7540
22570
22200
5127
458
6254
11687
20794
25899
9481
8179
18271
1920
8740
4848
9576
9734
5488
2520
8268
8313
11339
16633
23789
268
31518
7036
8505
31210
12435
11418
1926
5771
13105
9225
8947
21581
20373
24874
15078
978
1600
30762
13388
16794
5073
8132
9549
15236
3123
4687
10159
29116
7535
7117
29900
7868
27645
25052
27087
29417
20772
26381
9777
7144
27816
18987
7893
1784
14625
17066
32179
6763
13377
28109
32711
10263
7625
20043
19000
21466
22618
12012
21546
27203
8945
15797
30823
28764
31515
23899
18718
28271
23340
30202
18869
17411
32324
30716
31904
13625
2263
494
32267
16144
23574
27067
11866
22044
3267
5491
379
32733
20399
9264
31798
25558
9705
9282
8138
17674
16892
17970
16028
5924
23983
22893
12971
7916
28089
26945
1295
20130
9471
5210
28036
20369
31379
31475
1349
16476
1419
5378
24107
12957
4003
24443
18785
10334
23222
15304
1177
10150
12479
30679
7936
1002
13941
26114
21794
27234
8652
10008
21218
4201
14139
16013
16232
30780
27141
18114
4657
4124
15717
22158
11035
6951
31258
5649
31503
16082
5555
24521
17011
16430
27172
10711
11251
6107
18757
7858
29181
30094
28310
5051
3320
7503
32241
12753
26717
24498
24481
30716
2748
23952
16489
23797
13531
28702
6610
19627
7016
593
18873
19298
21810
27636
15377
17067
3146
6089
18198
18208
9367
22043
15879
31297
6923
12839
25608
6077
16344
13354
32609
3116
29575
315
26022
11579
22017
12913
24447
21617
27616
25426
17926
30179
13771
31392
26289
6283
28672
28206
15996
29024
12304
17953
18031
22631
12451
27080
29292
21751
32439
17122
22527
30386
17751
10089
9124
6203
29869
15526
25742
1393
263
16484
12532
76
7093
16214
19588
6318
9326
29033
20267
18870
5742
23981
11234
18961
23239
1975
13851
28306
29074
27481
30325
8732
745
12511
16704
31987
4257
31457
8903
4853
25184
25362
32134
6200
17551
15498
19396
1837
28307
12560
23058
6251
16772
26550
493
6473
13826
30675
26075
20755
24831
11541
31272
12422
19250
32230
12583
15593
16944
4093
1239
1419
8382
18656
18224
24570
19050
15112
12976
30474
24417
934
21400
27007
28322
7206
9181
10928
20999
27579
5310
8324
24121
16484
13127
18500
15978
30771
7080
27362
18653
29122
20449
28425
1657
11012
22129
29152
29510
18148
16473
24468
18410
3709
24424
20954
7060
25749
5094
1040
25046
451
20913
454
14544
11798
21592
14722
14871
31492
6925
6476
1432
2131
18842
21465
8256
28044
16144
1535
23245
3630
9863
13667
10654
4034
9974
32364
5243
25552
18477
23967
19907
26734
17922
1638
19727
22376
17229
8443
27363
7657
1715
8162
29089
12803
10293
20386
15320
4179
5787
22236
20921
879
5952
15656
19556
25714
11098
32570
24156
2331
31350
32384
9206
15544
1064
6628
6797
18063
30768
23556
17190
16892
21622
23552
24778
12073
27422
19451
6684
18666
22362
34
2209
9751
30687
6456
31744
13699
26179
21989
23759
30920
19067
2159
386
15345
283
18546
32354
5526
23392
22649
6183
27627
17346
6040
18766
26511
6645
