29206
15216
30697
6508
22659
11656
28838
22829
24685
22919
32035
11163
8719
24820
29823
24863
31178
27600
22503
14972
28209
29479
10854
17319
23698
17145
10585
24097
1360
31550
23708
14389
23167
26042
29613
6135
4871
1848
17501
25359
8874
4215
14446
5854
30591
1397
870
26497
26801
27321
26639
29997
520
7489
21579
10973
25880
26563
30820
10767
26002
4738
28190
17124
9943
11332
31044
14720
21572
30610
15203
5362
14766
5816
25298
4253
27789
30511
26461
16027
2220
2070
8080
18698
562
21255
13237
28681
7066
14884
20382
14561
26873
21862
28429
3637
25015
28380
28681
13111
2063
24597
24421
6862
31887
26322
10161
4531
14648
25764
2714
18943
22428
30898
9908
10040
8681
6023
24363
13973
12866
14426
27104
17380
23202
3236
15866
6612
21250
27070
31412
30625
8971
24554
21875
8664
6775
7125
31618
27824
16432
16698
1256
28496
3309
18387
19033
17239
10063
25553
30877
10499
20107
20724
25472
9461
3773
14228
4863
25880
12894
31996
18511
24297
21327
10999
1459
26674
27768
26740
25838
25090
15767
25247
21577
14101
29994
15031
2477
5138
30431
26934
1116
26299
12056
30891
27589
4471
28932
30975
25395
1970
23254
25016
9172
30665
1033
6183
26815
6955
22724
30967
19685
6454
26562
19258
2586
2725
11864
19076
31674
11271
13400
17965
24730
27875
18560
7284
16862
6104
5701
22060
2122
30699
13621
28503
923
21128
8659
21577
16830
28574
11998
16022
13059
10201
16967
6266
18161
9975
18197
32453
3298
27325
30719
12261
3375
21019
14948
22343
7833
11583
21860
14875
31669
26099
23834
8528
22221
19075
4335
5003
12137
17265
22992
11911
16916
29024
5215
1775
2802
27824
16284
15753
9780
25226
5292
90
12748
4662
22078
17279
9112
3203
10343
21291
28722
3998
6252
32265
17503
5078
2838
715
4470
31103
18559
25259
29125
27816
13100
17298
20416
7053
25669
11009
6657
23296
8200
8305
8388
32475
4594
29750
11021
11892
25892
30484
24808
25419
8407
22921
24282
30512
9045
28419
20472
22763
27016
11251
9701
6752
26346
10840
6029
26081
17416
2267
8107
20957
18164
31300
18282
10151
8377
11854
18373
13139
22282
8970
11775
264
22793
6947
29269
318
18640
32563
16069
11686
18927
2089
23822
26804
15707
26764
24080
10943
10981
26152
29125
6760
32559
17503
3011
24920
2861
31381
10240
17576
17832
18361
1328
27536
3855
19913
26331
3197
12509
9499
18866
6395
17691
14441
20861
2142
5478
2876
13487
7120
19703
16919
13268
31431
19768
21713
9751
21777
10197
23877
32610
13092
19366
9864
27054
15275
31631
12537
29645
20007
15130
20422
10634
21036
7890
18421
19991
7590
10707
11343
19148
22042
4825
4925
19643
24135
12534
5528
22533
20407
19755
3032
14058
2828
28307
5149
8572
6453
17138
27429
3098
19927
7590
8847
5605
13872
20468
14867
26882
11070
8253
25113
29702
25021
25442
25568
10041
20261
21007
11345
10305
31604
10596
2614
32369
21561
7268
4489
30430
1892
29334
31630
561
11569
11575
13692
15034
12073
24658
20193
25513
10526
14798
20350
30358
4454
3973
6803
26751
3590
32521
32234
13391
25412
19383
2603
25922
29785
16706
5117
26842
2072
1140
13073
26449
19552
1844
11460
10294
10295
31441
1290
7596
22515
17774
1347
4980
20351
22463
23689
25239
25120
27695
17142
24763
23424
277
25235
22643
7686
15009
32402
21197
23544
8376
22771
24639
9630
30699
10109
23689
17186
11420
2702
14757
10869
5814
24919
24220
3426
30898
3582
26061
16517
3921
16607
18977
32445
18453
9896
12957
8055
5719
29260
14618
31582
7902
12711
1676
30911
613
31409
10770
16675
2322
13513
20443
3128
30948
32709
9909
4174
6039
29992
25113
3648
18167
9154
22917
22462
6186
10361
23048
31906
5216
25927
30140
16107
25900
29519
7135
9524
19790
3288
31520
7125
24558
11493
5758
31266
29188
15902
28462
1893
6298
18392
23852
6824
26358
15763
23196
30366
22692
11215
29997
4382
30296
18464
22563
6517
29428
11088
22069
20932
24584
20794
29304
32100
30562
31873
22110
27058
27965
30698
22087
31275
19694
19082
21054
14061
13915
20147
6581
6097
19371
28103
24534
1125
12101
10649
13967
15964
15837
21724
23398
23974
29799
22541
4691
10817
12128
1012
10487
17355
7655
20435
29305
12470
11485
4003
13228
13952
22761
30750
18211
31153
1595
20537
9976
3993
15884
11386
22359
27090
31255
15551
30895
191
11856
13777
27099
30299
32465
27537
22107
17914
16422
19773
797
8915
28909
1103
3375
11082
20643
15952
15196
22563
14305
18650
10368
13741
8095
10543
10896
11039
17438
20357
17934
27215
13512
25357
16817
4561
2952
12689
17440
18823
1988
824
8078
20538
14036
29203
24229
20109
17000
27082
28124
20268
30217
30577
24042
28157
10889
11123
16458
3711
21431
14410
16534
32224
16294
20683
24195
18518
10143
23870
26282
20961
13027
11156
14961
6977
32673
31865
12045
19087
17420
11158
20255
12902
5276
17425
561
13439
21572
1556
12917
27522
20376
23352
24215
14088
5469
16439
984
12000
8377
3385
30142
26281
4435
7669
29134
16408
7370
15929
15218
134
13153
28052
27858
31016
26798
12084
16957
21836
7044
19494
4140
4825
15112
22119
21193
11197
9230
13219
12323
4785
25679
7698
30780
20984
19450
18663
27967
26339
29624
29150
918
13298
2141
27640
11224
11583
24284
400
15046
28666
16673
9844
14350
18650
6571
24226
32736
2925
21235
6823
30885
21999
6731
27290
29396
25416
13413
7535
15848
3816
26978
19248
27038
9573
17422
19111
14785
30081
17900
12428
26039
8139
5105
2929
26267
2188
19406
1711
5499
5743
753
30906
11909
28510
19654
11840
2120
22654
23031
10002
22749
28509
25742
22806
29799
18553
23938
21867
11815
16395
16538
32305
29074
18498
13756
30253
13956
20022
26456
3190
28069
18530
27819
27438
21361
23588
32400
17533
6463
14822
30797
25318
16842
22433
14061
16938
5973
9057
24701
27897
31081
10179
16109
29994
15887
4874
12038
29584
6521
30141
27443
13708
14225
27749
8729
22767
23187
5791
16877
27817
1968
31997
25470
4945
24801
8705
7087
16073
14749
16024
5760
19402
6343
21402
24055
18976
21308
13211
12625
1795
9692
21395
30587
2192
27463
8764
13982
28697
14490
22618
10930
18615
5758
25213
6696
30569
11454
5002
3228
5479
15859
25402
8125
22332
30253
21353
22511
15968
13165
32598
7349
26341
368
9090
57
23681
19035
18405
21309
32351
14583
4810
23956
21959
16856
4841
17973
6426
11849
25766
1452
4159
18150
18687
9511
21673
24349
12882
32317
12563
208
8552
24605
24535
17151
9739
28088
30528
21123
15133
17304
21269
21080
26318
3809
32494
6080
26735
29554
26700
10676
9862
21334
30559
16272
15206
28231
10181
7895
28
30029
19845
5456
4919
15918
26940
2355
19322
27543
12038
1424
26264
12840
10542
23358
29876
6277
25772
31847
6693
10667
29748
15244
9382
20597
31459
1120
2804
28229
9976
9699
2260
26552
6198
11959
18899
5579
129
22006
11274
31397
10547
2380
6083
10102
31925
31107
25497
7151
6464
30065
29108
5734
12601
23113
8793
20109
16605
8463
7408
9742
15093
24117
9339
13357
7072
29897
29788
6948
31699
6511
5691
8032
30382
25427
9119
20580
12489
3227
25494
25148
9849
28513
27219
5823
11734
4552
15516
26133
11600
8034
1705
29918
29413
21615
26855
25840
7158
30148
16292
22017
9281
25440
705
32144
6342
14028
20581
21603
2720
24471
21358
12483
29445
27635
23220
7591
1938
17067
12281
22720
31869
4325
32362
7139
8548
26057
14043
2866
16679
10356
10334
29514
11536
17881
29976
7428
14517
11165
30796
30306
22383
24185
5032
16578
14039
5516
24031
2234
11160
14683
23367
19471
15105
30052
19462
21161
9600
13744
4985
8197
25561
31195
24022
21836
4842
2619
24362
23546
19298
15483
22106
30486
5355
6406
7987
30069
9313
11935
28320
3435
14215
15244
15181
27181
31195
18754
15912
24499
992
3477
20972
4960
18174
29116
17505
28844
27033
23679
23029
716
24024
14499
31490
30346
10654
1603
14997
19819
20166
22255
1631
26067
21262
25075
19431
27322
1777
31535
26763
16214
26441
13391
2662
27923
9508
1349
12962
23348
28180
10210
13721
30913
4608
25196
19530
17912
23645
32532
13847
22078
13269
9507
30858
30962
7723
25977
14362
3419
4832
26433
31113
14856
12640
16310
30020
3761
11035
16534
32602
3961
28908
28553
26165
20233
32052
2979
18480
8700
28033
1228
12908
29074
21888
2827
16856
28290
23867
325
30576
2964
16561
20305
31713
9748
13756
31553
6257
25375
23098
22757
24928
1136
465
6253
19994
22672
29830
22885
14525
14725
32445
27161
17566
7161
8271
24685
14194
26181
4470
2337
31146
15751
6777
20187
26868
18515
31105
9078
26103
3896
21522
8626
22246
13610
5509
30635
8356
11216
9037
12995
16541
24014
11721
16965
30353
20568
27479
25202
31224
19765
6579
24534
13542
14058
24074
8704
2517
15962
18457
11261
8638
24229
28131
9302
22025
11525
21078
13219
19098
32105
19970
12959
1685
29007
12163
4547
27087
19203
28785
10220
20957
22848
11841
30589
3139
23478
14167
25676
6100
11454
16541
21014
20600
14636
20875
10372
14878
14457
19445
6351
5350
17742
9193
26096
10162
28555
21101
12505
16708
4829
11243
32391
32483
14258
13960
29210
20657
19599
1271
20293
2683
15152
28140
23269
4303
14840
4674
32115
12733
5130
29747
27406
15995
8262
11117
8264
5010
30168
28907
6172
11933
6074
4013
31501
25455
20801
21391
5271
26548
9092
22340
29804
12181
6979
8611
4326
3431
760
3817
6592
20527
23491
9714
4332
19320
29701
17798
479
5124
13942
7507
21483
10964
2940
19045
22870
24371
20503
17007
16328
12781
30235
4435
2483
2080
13288
28200
13101
29187
23426
2555
26328
13930
4949
22916
13714
14248
20272
4829
9280
15117
3257
27666
22647
13623
21135
30320
2055
11445
17170
29108
10221
5384
1405
6128
16632
2410
16122
22275
9998
21351
20934
18091
15408
6330
14337
4350
21466
22215
19306
27721
27269
24998
9118
32326
23019
3533
12849
23132
11148
14246
18820
17503
27612
30790
27388
8003
11135
25595
13382
3717
27738
17861
16187
25995
23335
4873
29359
32349
26988
1521
21905
27842
26075
25833
6749
11062
7437
5583
32091
15302
29668
17849
14301
15272
15794
5150
25676
3595
20316
16634
179
2984
28583
4990
27684
25102
9689
30430
1773
4087
28693
3957
7032
6360
22389
26978
17482
30290
14362
26484
13607
15705
30204
6716
2127
18503
2280
30646
7571
23052
28721
17924
27735
4929
19388
22299
23503
18343
19265
22402
26540
3480
10785
5340
10409
19485
16071
17291
5971
697
5579
5945
22463
31508
7401
13673
20613
2079
19738
1906
29977
27467
17784
27177
30927
9544
23461
23275
9333
12074
15137
8312
29158
1258
24122
27307
13986
28337
32173
8167
16800
5402
11114
28717
19626
1266
30831
29643
21397
790
25508
23887
12251
8867
12160
14378
7884
1402
18546
28663
2516
1379
26165
19746
19087
15179
31566
4549
23229
27554
8730
30844
16064
31665
22969
11569
5886
21189
20366
19373
29807
21744
7698
24382
9789
8625
2731
14482
21232
10783
30487
9826
18246
7292
15817
2654
30069
2856
3643
31675
27390
26935
27982
27289
11045
19307
2310
17032
10616
16118
17884
13847
25258
11206
1328
24402
23785
3626
3243
22346
22953
13260
27817
6327
19422
1485
12077
21917
22806
25775
15573
25291
17349
5802
19424
9194
7888
12060
11914
16554
7915
30071
3456
29078
1374
5914
25086
9521
31095
15138
28916
25142
4115
4797
29031
27093
15607
21367
19719
22107
3450
25229
15179
5141
6549
19140
23504
4357
685
31151
31773
12464
7965
18662
10910
7389
19467
2272
22251
14101
4192
18061
11094
30441
587
20621
31261
15851
25411
30820
9581
18441
7392
2035
225
27399
26592
28736
12539
20918
20333
22369
25554
19307
31815
14364
24086
8246
562
23888
1113
14114
20813
29760
29325
16334
13205
22370
9642
29829
4283
7152
28237
11278
804
3687
25895
3975
10133
17999
3024
24591
5537
7467
19252
28626
4075
13904
4174
15751
16856
1676
3576
16883
22992
12225
21300
16458
182
22742
10175
15688
3480
20278
9741
18346
14633
30647
24244
20735
18236
22457
23211
25622
6468
2296
5672
20264
31965
17665
718
26606
4500
20350
3109
3022
8486
9036
1076
17995
15948
16716
7402
7734
10592
31412
27107
31783
3642
11918
9706
24366
29702
32034
30812
10453
380
6684
16973
28683
7468
22390
12123
23300
15314
2205
21801
4991
20966
32111
13680
7638
31188
11207
17256
5312
3461
16200
22078
19009
16399
21484
29845
5399
24780
14351
4368
27489
1237
28721
18023
28937
10659
17954
12917
22067
26643
32356
8214
15427
29655
28268
18924
23975
11067
463
30594
5542
25774
3442
5439
5024
15876
7707
23922
2537
24439
10581
15267
32007
1399
9029
21664
11798
29197
2321
5703
25300
29196
6991
3433
3911
14111
1252
20400
20609
30771
8133
1989
27535
18509
22908
4353
8612
14203
17881
22065
30920
26111
9090
24064
4219
19395
5108
8386
29607
10055
25243
19899
22657
10369
27710
3616
4708
171
5515
7833
4636
10106
3466
4404
4326
4031
26922
7633
14499
9888
2667
12480
22140
4692
2877
30736
14710
20161
10623
10791
5048
27006
3391
25357
3564
21657
22080
23736
23583
13781
30672
10918
8066
16449
6275
371
30907
1007
25621
16698
28559
26193
4966
23817
10191
16575
25766
5659
4452
485
6041
28493
29682
18253
27777
17140
31295
24295
26410
18624
30762
20152
18304
24051
7474
31516
2477
26311
27597
12915
17835
10821
25729
31508
340
25800
17948
1617
30212
14905
20821
21495
15557
30470
32149
6563
24481
27406
10670
4360
23132
9814
10051
21990
3107
30155
4355
5137
15363
10460
14528
26676
20607
32628
24102
14418
26955
2103
3619
24614
11166
15698
4638
13139
21281
28894
7595
29379
9996
20130
9113
13131
9010
29078
22340
2443
10481
4220
2170
13046
32221
25256
8637
14703
29077
10623
3703
23353
13247
30512
5011
16868
14478
6907
10823
22198
6231
10038
3701
24319
30452
11061
25712
5922
6192
12980
1055
27766
21722
24501
12003
1751
25565
25364
25640
20651
18602
18184
6347
2673
23787
3609
21573
9241
14751
18868
29742
7011
23817
10159
2084
10999
27572
17694
21132
9954
375
32564
23607
29816
19531
2765
13760
4039
11660
1478
21388
20697
12409
1387
3775
14860
16332
2338
17302
1595
19345
25731
10247
7218
16797
24284
3810
29877
13946
18205
3430
19500
8603
3318
12501
13584
21853
29026
1551
24629
23302
7143
3920
9272
6677
13471
25999
18374
16574
20600
19891
32043
13933
21427
12277
9375
6064
25565
134
2382
4504
21988
5975
2001
28311
19548
21935
2839
18304
21483
4595
2808
20048
6705
13234
11023
2355
17542
23108
31301
3088
10857
12359
24183
1113
7736
18136
16878
6011
21064
10681
25466
9387
5482
6153
9457
504
29424
9349
20598
6745
32061
28532
25194
28165
23240
16553
18243
16147
12955
15057
14465
15422
13392
10050
6316
25175
27334
11604
16016
3975
1519
19319
18886
2243
3793
1497
16384
27668
19529
29296
14520
27624
28879
28760
16161
15559
26454
26676
28461
15468
29626
1932
11535
29760
29454
21692
15482
12573
9049
1533
26023
22519
17951
16210
30346
12418
25094
16747
6567
32390
22297
20402
886
27837
19103
10495
12439
14217
24554
17232
25321
31863
11692
7015
19433
24861
21754
12351
8347
26079
17292
31236
19596
12589
18279
25647
30958
28615
14868
6350
8807
22709
28884
9727
24388
12096
25350
29378
22471
9575
24254
10914
15368
2782
4436
28417
31256
24554
10284
637
11711
4875
31173
10873
5862
5967
6534
20320
18811
32111
19960
30665
31068
12795
10893
12379
32540
16285
8070
17553
17984
18531
3188
21722
25047
4823
7405
10781
31783
16668
22745
16808
13710
9355
25903
17188
18790
6332
32602
4014
3622
9230
24218
29500
9919
27170
2916
28831
11041
13842
29920
29396
27014
5008
5319
25928
10547
12352
25213
16713
21868
17623
18617
14878
16189
32756
18094
29041
27897
4289
17555
11876
27504
18343
18175
21236
15968
27628
2240
19216
12388
13749
15753
2716
9778
16440
18597
8191
15518
24108
27557
22937
3688
32241
9403
8983
25038
15831
10926
12520
3049
4446
23550
21308
13805
878
1203
17350
17755
1407
728
2909
16971
5749
2182
13452
6750
13191
12623
31502
4961
1093
30262
5117
1644
21762
7769
12285
16309
20152
22027
13093
3479
21115
25898
21379
27392
4984
18662
6609
15347
27801
31630
23110
23060
7758
21914
7115
2091
2346
17568
16257
24380
9087
13042
25833
15463
23873
6049
6048
11290
8592
12693
330
18668
15115
3787
29054
10620
26244
4568
21653
10460
21628
18654
10415
6006
30450
17827
9826
3694
3629
21584
32089
1335
8130
18495
25830
5286
22073
936
18048
6832
26043
12780
22358
31201
21571
20469
15067
17340
13907
18381
4123
32298
17602
18063
1652
26771
11285
22721
8694
22858
22004
13173
579
20331
8964
1927
20610
10089
11832
7482
3399
26844
26464
8242
26188
10304
24657
11773
32715
17422
19393
8989
27508
17041
31326
28466
1459
19197
32595
29442
9914
15390
30968
7593
1197
7304
28791
27497
350
6328
438
6601
5066
3717
30638
27618
4042
24588
23307
30154
27179
29838
20581
20283
30359
29183
17070
22780
22829
21550
29919
7005
8523
8263
13740
28959
32615
29868
2982
4615
20663
31832
10640
28497
101
8660
14034
27313
23682
3619
17694
21692
23391
298
4729
26767
11002
12731
13231
22366
14000
10089
31781
10223
5626
6303
14328
18894
8980
8572
3986
24081
21203
16526
25854
6140
18338
14938
18154
2454
433
15618
31401
18496
9996
19709
9603
22832
5618
2739
4941
27108
20447
23727
9846
22535
3330
10671
16259
21781
3920
9729
15486
4724
21277
13735
15470
13603
21794
26370
3711
21990
14916
7713
24838
32616
13111
12771
27785
17507
7483
19778
203
18479
25454
3600
614
14584
25228
32130
14164
15926
28789
25073
19863
16291
9515
22430
8563
12089
1486
23405
31327
9643
9182
28497
20873
19145
32419
15519
17537
9650
919
25063
20462
24539
27349
3803
30529
9111
24110
31327
13593
7380
23030
25111
8691
13066
1795
13420
26796
5506
15200
22132
9081
10298
17438
12257
10514
9937
10613
30112
11279
12325
6049
27792
2005
26602
27945
15650
12783
6600
14315
21343
20162
19025
16621
25704
6635
18291
28730
9516
8816
13897
8638
8118
16414
11822
30000
21277
15739
1485
6682
20969
25638
20395
6017
24457
29456
18969
29936
2648
29197
30319
5786
8070
20401
4732
26444
31076
16721
2856
17387
11134
7743
26210
30007
9618
18093
10063
30261
19053
31697
1773
20991
6918
29057
1138
9120
10024
24164
10480
239
6722
4480
11708
20477
11801
5739
28520
19860
28678
19986
16512
28052
16058
20638
29679
31421
27242
30025
19598
22006
11145
1892
25022
9467
8822
19980
13268
27463
14766
30706
2055
22607
18831
27995
19670
10668
738
24802
13615
25241
2150
7346
12560
19245
11645
13641
4634
9797
16167
30000
29381
11059
22437
15250
4921
10834
10694
21837
28554
2091
378
16704
8116
14381
13757
24972
29790
29513
27716
5092
11145
29542
30377
6053
29683
7849
2436
2057
23108
18917
8716
29686
20348
30830
23390
16339
28022
31815
26155
23298
7496
9554
27323
18298
16224
5112
9098
4574
17711
21246
20917
29010
748
7074
32630
26759
13513
11921
22943
29910
22229
27814
14966
24594
6690
23230
15149
20639
16878
7472
24593
16327
25876
12972
4583
3501
13866
19936
31916
10802
23096
18137
28397
10969
13483
1811
18036
1877
7316
2470
18546
22331
9085
12815
8784
1532
8560
28987
3755
20685
6770
25922
11690
18872
28517
30969
28622
118
3399
23947
7204
14582
26365
7907
27113
1225
29501
18287
5579
61
18054
19577
16337
2392
20006
20471
1685
19730
12659
12552
17500
10798
22503
20121
24413
6150
21297
29372
25126
1245
29162
31763
28533
17499
1508
23933
26583
4719
22757
27964
23106
29243
17226
20965
19876
416
26685
21997
2708
13820
24824
27122
20364
11308
15172
6035
31487
17844
20221
26850
7967
28450
27690
4203
14930
32685
32290
1999
20248
22153
6961
21208
16060
27846
28987
31488
24748
4604
24153
30779
3058
3348
24823
6857
12252
21526
15431
12593
19236
1046
1582
4526
28698
4934
1439
13620
17461
13291
17905
5424
9815
25819
8912
15992
774
10699
28257
232
10365
32206
13329
8327
10203
20966
3481
29859
22301
23931
2430
21366
8980
8739
20355
28782
25220
26314
3685
25112
26926
32720
3421
11509
20770
19795
14096
10306
19995
27806
9728
30047
20280
14728
18122
21696
13360
24005
26352
15234
4880
23764
8849
12230
17969
29208
10634
19576
51
20783
4553
19315
4431
12453
25262
13119
4473
23674
125
18282
15065
21339
16887
24769
24707
5144
22795
2824
212
11343
16231
14101
4479
166
12194
2483
8192
2705
22643
16092
8741
23963
6495
27150
24175
26785
30715
20646
5570
16601
6278
18629
20392
18182
743
19939
17170
4113
27121
9660
11548
25024
16503
28008
27688
3799
1400
14714
19360
20278
8099
14908
2009
21533
31589
28052
12349
19445
27943
28770
560
25115
10910
9429
23400
13057
10602
17307
16723
22840
11458
12232
20661
20359
28587
4953
23838
3963
32703
7007
14722
12018
19765
3346
23426
268
4722
6673
9342
2603
13021
1051
17685
7206
16254
17705
16464
25829
15754
26387
12051
20596
14201
6512
20494
28
24026
14337
6604
19962
30720
6768
26361
1491
6258
4633
21080
25679
10619
760
7517
5240
8376
18994
19495
16198
12988
8042
3637
22886
23194
2762
7473
16272
24004
4385
19519
25397
1578
3026
13898
30860
24052
6255
15643
4296
816
26287
10332
28799
29818
15415
400
21920
11489
7952
1351
21804
3711
2960
22002
16426
23863
8871
19851
15589
8948
2758
28096
1405
3356
23449
24105
30891
32725
18851
4795
25891
1220
12278
30121
2162
7482
31626
26579
1959
12854
20397
13865
25575
12472
12328
28157
9963
15992
25135
12657
11937
32673
22070
9233
7773
12774
9696
15467
17191
30250
26396
13827
17966
18022
10685
29899
28598
23690
5305
23159
28480
4182
20476
24454
13216
7659
24869
28679
6653
22957
4542
29961
26103
2319
3081
18262
11682
16225
7405
24630
8965
23176
23545
304
21377
25849
27622
29133
28154
2373
16969
29921
2413
10384
19953
10135
660
1348
23052
31374
14318
11111
11295
19710
1057
14446
3085
19285
536
17119
32374
16273
27722
14148
28601
6619
5673
18
18713
15734
17430
7794
8439
21906
734
3205
16679
17422
18876
3084
17667
28881
29401
14647
6638
32591
17471
18272
5320
10690
23558
17509
8450
11381
27574
10473
1466
14390
11850
21878
25484
11582
2049
18167
23663
14737
1854
10486
20403
10464
17133
30492
32290
5583
3984
25286
25078
4421
28923
12858
12345
15951
31387
11437
20307
11204
10083
10992
12358
28318
31833
21544
23753
19195
19964
5192
24877
418
24882
17821
28483
27482
2419
31453
25835
15434
23300
145
57
28748
12222
1836
6585
28494
13818
19899
2008
17342
7928
32712
21554
18954
13198
912
10847
829
21199
23373
29240
30533
10209
26368
20319
3363
17636
6925
7466
21235
30998
16576
19787
7060
13140
7590
14800
22586
1484
23881
3681
24213
14141
13678
31232
28420
12478
16649
26536
28292
22175
3322
13370
661
18854
32737
19634
23906
5301
12274
1808
1746
30498
31784
31928
14929
17722
607
54
9831
25340
12511
22543
3002
8621
13878
12508
27813
31932
17157
18344
4799
28767
19129
22048
8619
6072
21519
25400
15678
29039
26476
5593
400
13766
31952
519
26268
26160
2850
8510
16021
19424
7633
14374
7958
3329
598
7144
16714
5802
10842
20696
13757
18307
12240
15530
32360
2217
26536
8488
29881
31143
5642
13239
31531
3421
6901
5337
29087
13258
18114
11519
18052
14930
10457
1866
22418
22272
28730
7079
4388
4952
8283
27130
16804
8151
32285
20194
5211
7916
21978
4761
6851
17138
29917
4674
24096
19548
21134
9638
26318
9543
10097
9049
22658
3608
31496
9518
12940
13042
19675
32327
4376
2544
12375
22825
20542
15984
24404
23720
26522
29152
24470
5852
2625
32059
714
15413
2734
18136
21122
13006
13832
29587
4603
16349
27846
24791
89
1710
20458
21794
25133
14530
28685
15346
20758
9172
166
28766
25709
31284
4481
1454
6416
6415
20040
31895
26676
28672
15223
8392
20012
24705
22076
17121
325
5729
25119
4305
15979
547
2324
14412
12405
30793
22911
18024
12732
31340
27160
7545
16744
23922
15010
2823
6152
29985
3649
4022
9518
8082
30827
22283
22754
32418
25287
10013
10484
2414
15389
27260
15020
16213
1943
4257
4169
27513
5473
24443
13486
15780
12829
27460
32744
5736
11304
7651
20311
13303
16565
20181
8491
16455
20963
20972
11762
2238
9742
12922
13112
27576
12874
28637
21031
23706
9865
13192
31393
6949
29653
20857
5165
25526
8049
25321
30836
17955
484
22914
849
23997
31563
13158
7004
2709
899
10992
12058
3163
21916
16236
30146
20398
20123
18534
21682
11690
14595
11341
15426
13890
18912
24259
7038
15461
16323
28372
31478
1311
28157
12313
1044
29158
29974
5768
24839
27441
2520
32400
27860
3029
30247
10552
25446
25606
4071
20722
3404
10830
17090
4316
32600
4353
5152
32397
14086
15830
29936
1227
21153
27831
13771
19160
23359
10783
5932
30444
18772
31184
29040
15332
18629
13388
8450
14461
28619
21323
11473
1285
16364
25152
9853
2028
19451
5943
31182
179
11035
16422
12497
5431
32554
17017
29306
390
20821
18320
5521
9555
11506
2446
8235
15436
21604
4025
4672
30385
14793
4950
4150
3889
31923
32721
5669
553
108
24746
2276
1765
28251
24251
31827
20670
8114
3117
9908
20234
29229
16232
2826
30281
665
15196
22926
18433
24599
10038
9338
2434
29160
30347
17737
4018
9066
17087
21185
10875
13830
1278
26725
32211
30159
3735
10390
27658
13995
26678
31225
1068
705
1138
8283
23052
30489
12075
32424
2767
16024
6066
1404
21402
21540
14958
22061
31545
138
16485
28907
11396
12921
19627
14736
27252
10439
25969
2965
12804
22951
2106
20808
5923
16447
2166
21844
14140
29283
1630
16133
4523
4137
13244
16271
435
17957
31305
29840
22070
10001
30468
30034
1171
1453
28491
23845
21222
18223
2757
12180
30778
32497
11373
24039
18173
14970
29813
22632
22403
9234
29952
1338
18198
14835
9858
31179
10422
14
15075
21661
11559
2593
13691
19275
20678
7827
6887
28907
5806
12998
13939
23312
20872
28972
13371
18190
14624
4392
8290
14279
15076
31726
26749
10525
1951
3407
4005
19626
20110
7478
2270
23026
31448
19935
16010
3046
18073
5079
18907
1576
19998
16640
7495
17514
21543
27301
14197
14747
15720
10672
7896
19328
1826
6401
26198
20123
22848
8481
12907
13083
780
19111
24948
24922
6068
22413
11805
19692
17496
16322
10426
31006
25545
17139
10633
8782
23186
31517
443
31103
11863
10459
1109
16185
27761
16500
9441
1883
11606
16530
31585
24558
24414
18863
12213
17007
14083
29761
11590
3673
7582
9659
18905
2584
27494
19304
17620
3508
17460
25587
4845
23064
5794
1471
6490
341
20021
14844
6483
26320
11344
22322
19148
16997
13249
4155
18855
19879
26163
21625
12519
27020
12764
14947
31154
16549
23813
13316
15391
22122
2510
29523
3513
13322
11536
10895
22738
25628
11625
7484
8933
12533
23898
809
6042
17230
231
27569
31277
23586
25481
21880
223
31735
20040
5954
7159
10914
8927
32348
2795
1133
12242
23381
19665
20206
3636
19593
24990
3669
5255
25076
9718
2653
31873
19963
19379
30332
3864
11361
27136
24362
4159
18777
5904
24421
1998
11763
24522
339
6803
29035
19173
13549
23651
7657
27067
18706
1593
19820
9303
32091
2568
12993
31537
5378
29782
2084
5136
24775
21191
14557
23329
12632
16607
6362
16869
19063
27636
1384
13910
92
28137
5787
15911
12794
25466
1140
10048
6141
15608
26848
27112
15453
12317
2337
1932
19478
29380
16610
31912
11120
32362
11207
27682
31537
32624
12260
28134
19163
4796
18991
12631
1283
13654
27197
28194
13194
18808
12044
26194
28198
15466
2816
23068
3435
8109
26659
386
9410
27184
19399
14659
11025
11188
30724
7293
29045
30528
26075
23580
25495
3291
14556
11238
21032
7440
24829
19827
3081
25684
30427
31377
3348
16473
24035
4307
12602
5504
23923
31309
7646
6397
11191
6510
16769
9999
27901
32192
31340
30668
17553
14293
19831
5934
7499
23300
3458
6780
25784
7058
11246
23453
19396
32640
24846
13897
19958
2053
13390
8529
6417
2290
30657
25434
32397
3767
26120
20389
10881
22616
19286
15926
3444
28291
2982
6813
5653
664
28627
24590
30187
17391
21517
24980
29826
16064
32018
22838
2162
9248
24064
29798
10636
901
12302
12201
14514
513
22004
21449
170
16889
27217
17140
28830
17425
22388
15792
16806
6496
13526
5412
16723
20590
7770
22682
14230
3984
23741
12507
12073
31925
84
12013
2950
15624
8765
974
4110
11256
19667
3760
26585
1884
21417
11502
29160
31182
7306
20983
572
26538
7684
21309
27596
28376
32104
26748
22883
7538
32362
2475
23594
2949
1353
19143
28192
20366
14583
5845
7306
865
8205
26149
20018
30377
7307
12738
21652
25913
11800
27968
23579
8919
785
4542
1082
22895
19041
32175
16556
3000
31909
29107
31488
27068
29484
6135
14081
31883
19268
9047
17715
19985
31266
8101
16561
21909
24139
19949
9056
13828
25581
1260
121
22725
8677
27530
31576
28805
28139
3094
6064
24176
19511
23405
2895
6673
9810
8763
4348
17276
12212
1291
13091
4826
29415
17612
24758
8505
23281
24813
1780
14132
4725
1892
27859
16104
17397
21501
13398
6016
29662
7125
3895
6469
8459
5167
18674
26110
15354
27201
11178
30649
25984
22933
1004
11594
6684
27369
9363
23332
29523
7242
3196
19957
18483
21702
21877
14108
19669
30201
24637
7636
28120
8241
7828
12867
6942
4512
21597
805
20339
21967
10829
30177
21586
10854
13252
17495
20408
4324
1540
11430
27368
30445
26153
15652
14805
31459
2518
27361
5075
16024
11294
5819
5125
10584
27888
23539
28609
9953
19717
23838
8867
21569
5427
4360
17700
6476
27211
86
18086
4775
22311
4037
9557
19300
15920
1832
31191
23719
11948
28188
6799
291
32229
31645
18688
31007
894
27053
32393
109
10598
7833
743
22817
25316
9307
8458
17744
23966
24425
13184
19605
29601
5235
14833
12227
19452
20276
2373
25051
15009
23953
4406
9868
886
22225
4638
13402
24208
29112
8699
1590
5772
30446
15472
1249
6703
24380
4010
15596
27047
1110
2239
21907
29142
17649
29837
6776
6650
6658
21997
23792
18354
12422
23845
24449
18500
3614
3528
7100
30678
8599
6865
15138
24998
4357
32357
29153
8785
18624
23877
31356
10201
14306
31475
4148
31938
31594
13533
27019
29393
17041
6442
24083
20281
28405
28112
11821
19503
26465
18169
16234
1340
20986
8070
22595
19062
25105
5206
28403
16448
1453
23144
9710
1058
5227
13762
9557
3476
11182
22817
10533
30139
4749
3713
29385
2034
18431
3950
17739
23674
28145
4449
13999
24380
10811
23808
23689
32006
17127
8101
15254
11536
5634
10738
9651
19856
1353
17822
10132
16335
30743
29305
11934
22924
13705
24321
255
16641
23241
