2825
18999
13432
28653
25004
2170
9770
23580
21901
15296
28836
29580
12329
9670
12465
20880
2477
4200
25017
26794
9564
30803
13605
27968
18180
8854
25438
3102
24573
12743
8024
6578
20860
28554
28559
21438
10139
1591
15693
15351
2099
30097
9999
5903
1421
11715
13332
20597
27728
9532
25682
31480
2422
21587
20213
247
3465
16975
165
5946
9474
22345
17391
11470
25214
2350
28552
26889
31812
3052
24803
9754
10328
20667
29200
10092
325
2733
347
12924
2560
22841
31809
26790
6622
23587
22350
3123
1543
25830
30242
20905
774
22669
17044
21007
8844
13973
17884
3559
29
15692
27258
8330
31429
28470
24968
895
18359
27372
30859
6136
22869
12399
30002
27530
28690
22424
1050
29638
31304
25889
6631
14733
31650
3424
24593
9011
9163
15966
25195
10588
31310
17026
10530
11855
25752
204
31337
18197
4532
29549
8627
16635
19969
32562
22630
21024
830
2143
25420
19585
1214
10165
3750
53
21015
5192
12160
10385
26300
36
245
2967
7385
13641
27468
30136
19989
6074
3020
16892
10401
9268
8038
4323
19870
1127
25126
27655
2234
16823
30605
7675
1566
16198
24737
12652
21548
27424
12232
8569
15829
10678
11101
7191
31993
26127
2083
30947
21693
3169
3302
28439
29446
12273
10153
30163
3350
31655
11591
21578
6545
21573
17339
29077
18660
8002
28582
19074
25914
29357
26181
23079
51
24126
28362
21641
3223
17490
4026
22085
26770
997
21640
29196
18730
3784
6467
22340
30334
8531
1612
9588
11858
22719
8664
10809
10055
20861
13621
30478
24169
1643
13488
14203
9188
2245
30986
12845
19632
29288
16530
25999
23754
29672
23499
5554
12090
24609
18214
19618
18550
5657
29057
10510
2088
12818
6199
7635
14184
11683
29166
29028
3520
22169
6803
27427
31939
17161
14552
10350
5600
21239
8051
3135
22745
26372
28086
2450
7533
430
7156
20581
29387
4042
20077
7362
10939
2979
19674
18806
6497
1764
13939
4662
21649
6604
20944
28140
30492
29266
2516
774
12101
12257
5511
4343
7197
3720
19273
22982
12818
28717
21876
29102
3630
6016
2857
24055
14871
23930
5307
12998
14789
24878
15355
10136
17414
13265
13080
18697
3951
30891
25214
27311
15284
30401
9334
1970
32192
3880
20860
26550
1156
11608
13674
176
17427
28241
13604
29372
20148
16217
10611
6367
8533
28815
25194
30462
20648
31156
25188
13873
5731
24381
22117
18676
19122
18606
18558
2063
14006
3378
31260
8652
32231
2514
4869
21475
5420
10864
18311
8810
7968
14406
9418
3842
1412
26238
32002
24294
27919
14004
6752
24589
18351
26173
31451
4635
20863
2814
25362
24004
5841
11000
11354
26377
20052
14924
460
21267
18238
23887
8926
24630
6307
19044
12471
589
19185
23423
10472
26673
10176
27851
9366
6594
25551
1511
19201
859
29461
8678
12029
8892
976
10271
25550
15995
6710
28768
2031
863
492
2762
10919
27470
1496
18252
28058
23288
4576
10442
14767
15582
15333
2269
10741
21037
10991
27984
28785
10214
15816
18440
11592
4820
27551
19248
4574
15744
24692
4768
1272
22876
26179
5360
30286
6847
8824
7839
32415
5707
22306
13303
31132
16003
21753
21767
31126
13030
22325
9820
1650
22597
27924
25203
17971
23203
15616
26648
8869
22622
16406
3884
25501
2413
12676
9622
29808
14255
29973
24926
14491
4253
29175
20637
11242
18867
19960
3266
14045
15620
8376
26030
15260
9238
30192
8105
15572
13582
1318
8536
15150
8506
14422
16353
3804
17973
29579
24472
20695
10930
20239
11012
25347
9643
15747
7767
4366
905
27218
27158
28749
7577
525
29590
9098
26477
17940
5311
18007
19759
5244
970
28032
12665
11265
4842
2205
18776
30382
25764
3897
16170
1553
5067
16069
19140
10774
15257
561
3259
28548
898
29533
1511
12454
4439
5487
23632
23865
7740
7828
23065
26608
25668
28888
16835
17457
13092
12647
4670
23651
9547
32652
28537
12543
1110
18848
19794
31247
14826
25549
26458
31743
20193
28968
21672
15654
15496
14162
12845
13
7563
21500
5297
9813
19657
27385
19665
30592
8515
28111
20786
21375
25836
825
20930
29691
3286
1961
14255
6266
8317
16039
5120
20394
29352
17153
7339
16703
21924
10618
16251
30253
9705
12195
21272
31832
7853
10387
2767
21452
10288
6065
14478
6838
31019
13750
26649
32504
6977
2856
10312
19884
11543
612
15269
28391
23996
15275
5687
6833
9683
29971
26202
15411
1331
6406
9184
30672
14741
11240
26926
6761
1248
13295
13727
31980
4577
6814
14150
4268
19306
24465
18525
2835
11104
29757
11755
24093
5503
6
19983
23769
828
30677
27721
2746
23028
32419
19276
5543
21157
28722
6770
23582
26587
5444
25248
12404
14188
20558
3455
25969
9102
7260
2994
674
9430
3049
10703
32036
29783
18586
15790
6650
10618
15833
16929
21611
25312
7817
2227
18249
25149
27240
3448
6736
17577
31730
28054
26351
272
27517
14546
8042
4401
26626
5482
10497
13343
7010
31868
27182
18948
3100
8777
15484
17427
40
3380
7443
5692
2602
32340
1931
27558
4861
21278
3330
14277
14537
16317
18845
4434
29969
25548
6642
1436
32539
32386
24149
16430
10990
18203
5201
9186
828
11569
15380
29900
20295
29550
29073
3104
24003
31397
16157
23751
18457
6463
10588
3914
31889
24302
5398
6356
25010
14646
13547
1291
27805
28338
7924
22003
6890
19823
26256
8606
10716
18573
26506
17474
27033
32675
25733
4763
8601
27906
20032
5149
17750
13377
20155
2972
23033
9226
25240
4022
15474
11250
20643
9437
24453
17543
14089
20234
21571
8220
22574
26102
15057
15290
24879
31019
7957
20896
12417
7332
30828
15224
31557
5113
2342
20409
10535
5089
20346
8477
20222
14009
32517
29916
28757
6821
731
15016
4313
24587
4106
18170
29601
10373
26616
30335
21267
20001
30138
9941
16798
14237
23155
25077
17499
2260
26011
16806
9245
12004
16339
25595
11809
8540
31570
6067
16376
22861
4602
32524
3009
19038
13824
31011
17271
25701
28249
19902
12309
3831
11645
5246
3945
26318
4020
8102
1596
9337
12103
598
1426
217
23331
6057
3892
30924
24445
25020
7860
30937
8925
30842
23514
5285
2514
1182
26203
11105
7730
975
23939
32008
24881
13159
29716
6578
6238
27846
25143
11174
32345
14210
2916
31459
30854
19626
25680
3193
2007
4094
4304
5995
8212
11656
6232
24576
28135
8266
11359
12435
11861
3047
11498
985
27453
6442
28102
11214
7362
24251
31275
18398
6061
2623
25798
13675
21365
18956
7877
15237
23718
22273
15146
5352
22979
12830
31834
16639
25540
2674
3653
6152
26180
7279
22786
12490
16830
26391
19168
683
29817
28305
16982
22951
12415
14880
16866
7773
10127
27064
20483
8365
25076
4809
30197
21771
6917
9679
5603
16246
5262
12377
32200
11900
28377
5885
29386
19380
25509
8669
20849
3224
8463
7655
27416
11564
31373
26446
1519
15491
32121
12852
12668
29372
28746
18426
16498
11707
11389
30277
1105
7438
13131
13092
14510
29363
31131
27630
2726
27143
6848
21787
11235
2708
15718
17426
18806
275
13794
13692
14925
19543
12315
4869
29009
15812
16538
25637
29647
27071
16920
31951
15960
14778
10641
12806
27568
16760
763
24194
25461
23506
25681
21334
1455
21149
1366
4500
13875
9564
2630
5825
1117
6201
28207
28445
32541
31754
11225
4506
13352
647
9093
9832
17248
31057
1051
13347
4151
22165
481
6942
28660
22087
4250
12772
11912
3678
24621
512
5866
12327
953
1263
12670
2568
16491
20045
19605
2034
28758
28974
8403
21167
10814
6039
26864
8796
7786
30805
19156
27368
27369
13008
8475
10467
503
10429
22150
6855
12010
16628
7231
10331
12667
8596
19871
23212
28847
9341
26444
22888
5453
12690
4101
24436
31597
29508
5231
24765
15776
107
18213
419
8280
9548
31521
25134
4003
16059
11138
2168
16993
7881
26942
10720
30654
12392
8587
19027
21804
28765
14210
2076
10005
2941
32060
16507
7375
1219
17100
3766
32716
21784
25773
19976
18380
27041
453
116
5755
1938
8241
16444
17570
17310
31048
16620
5813
4313
26522
31868
28294
26036
21092
16914
607
23590
30790
32168
32017
2209
18380
21526
9624
23301
29640
29481
17505
26455
18038
8489
12347
9668
4205
7270
11015
9177
21653
23824
3086
5329
18881
22414
29244
1278
30810
8141
31377
31193
25114
21133
26240
14753
15249
24763
27070
26808
22930
13193
17066
31552
23857
23227
30045
29987
5798
8378
15279
12433
8705
13473
29916
25501
11008
20078
29321
21350
2079
29292
12023
7717
12787
8303
30635
17824
23509
7349
24885
8887
23134
8026
6654
18009
16036
24094
20368
6339
180
142
9171
8144
21169
14435
2656
21594
4445
19036
1935
24418
31126
6628
31849
12072
10107
22554
24741
11382
12112
24662
26316
2207
18362
15449
14500
16459
11226
16398
6859
23113
8522
10327
10509
17950
838
13747
20983
26813
29822
18607
2855
27867
30041
19666
11518
8068
13974
3038
29164
32442
5264
11002
21459
25108
22521
24572
29810
12123
9415
20214
10759
31824
17557
17452
27633
21139
2877
28650
12747
25099
6730
8776
30182
3808
17662
22858
12520
28558
7263
26911
15584
16717
27032
17463
20362
13620
14087
25000
1547
23125
22315
30865
10026
21790
17066
18745
4113
1503
10003
3854
395
32397
32733
11626
16597
15333
26791
28238
29768
29461
8397
15229
20943
8734
15273
7811
698
17261
23844
16644
15567
25347
269
16755
11511
18141
10472
14236
8322
466
19301
3975
4426
18691
11884
28433
1062
31066
24599
25425
13786
20906
14390
14011
28624
24659
15756
20530
9358
2393
28999
4220
3527
20567
13182
13300
6572
13097
29311
18191
20607
1382
9200
6619
14827
16547
13574
29947
23723
13892
19962
3352
28384
27202
12540
4519
17892
7037
31429
19306
30042
8164
32475
2030
17367
9277
28232
3860
11089
10188
4213
9585
25249
23601
25147
20401
4789
275
22700
10834
11845
4573
25680
30941
19781
13683
14122
28265
25605
19612
14744
18375
1614
11456
10794
23781
23482
24310
1924
9644
5534
32293
20360
10051
23238
9477
14790
12553
4421
4692
9351
15661
31119
25533
16395
24085
24522
2788
8584
5285
7708
26471
18450
15162
10001
5644
14126
21830
6253
28424
6797
29546
2280
31772
13725
9818
14197
10801
20949
19077
14747
14193
4905
12022
25787
31444
16789
22802
21416
5454
3189
738
26024
14947
24277
14772
30330
5300
27820
16498
20390
26950
14857
18063
4173
23000
6197
25085
27345
27768
2393
31566
26937
23492
23445
13183
6139
3840
27378
21349
27231
15882
13109
7991
8809
19774
26342
20303
31876
23417
16867
21096
22844
17118
16366
16818
22773
3754
30919
3693
16615
7482
27903
4768
5955
23254
29744
18797
25781
20403
11502
32369
20345
19698
26613
15347
6824
26532
30368
17023
26503
31923
7684
29680
24960
27726
5067
15400
13173
31277
27768
898
27359
4319
28487
20216
14167
26973
32052
5861
17123
8091
8139
6886
20294
15747
12843
21650
23717
29252
29187
24135
12627
25735
7103
21435
15225
11657
15046
27372
25203
16907
2928
7395
10894
11540
14669
11783
6150
1859
31704
20324
24725
2144
980
5106
18491
16862
6479
15802
12065
20030
27609
17499
21269
17314
25432
25731
11092
29503
24358
29838
21295
26876
17423
25315
24409
9096
21918
20219
2433
13068
30471
10071
27094
4343
27280
19557
18707
18763
1959
1973
19846
27686
23398
19644
5142
26321
24673
20343
22353
25448
1541
31733
26655
31394
19258
6311
21940
17346
15576
13459
23794
23986
1909
17531
8683
30608
24415
9380
11344
23076
18629
16697
24675
17302
24686
391
604
4915
8145
2874
16794
5118
21689
25860
3430
30404
3859
22412
23805
4742
19416
5762
22814
24756
30093
11233
6041
3228
5746
17903
3799
5288
27033
2580
22025
2098
10294
11527
19791
14946
21947
1159
32258
31108
1977
19740
2647
9827
251
2038
28196
8058
12322
18815
31954
30542
21870
72
11161
8345
19757
390
18599
10168
28534
30238
1773
21927
26146
26993
8949
24500
20680
8588
15093
23658
3127
12625
4895
10635
13436
3154
5153
20209
30893
17806
6905
326
15183
1267
9083
2733
448
7218
25776
13278
28870
2867
24171
6309
10645
11937
4814
14363
10592
8500
2868
12900
31228
22091
10999
24978
1155
22841
1890
2322
7261
28316
6335
16806
21814
9713
7428
4632
11410
29107
23402
23025
5741
28373
11281
20571
11972
960
22398
20063
29513
2878
27196
22253
6496
7245
9129
23382
14812
20854
16577
4045
301
1257
455
28461
12768
11055
18263
19685
9
4406
15413
24329
3596
22896
9959
13678
30998
21030
24823
9891
28198
24075
22215
20284
17403
23294
1785
8274
3173
4281
9760
7491
20469
562
16017
28711
12851
24423
7083
19647
19828
22515
23508
22934
15222
6665
7532
25379
16373
15277
6411
16958
10753
25797
2285
21765
28814
6949
22075
2932
9410
1427
18745
6084
29942
4331
27652
10757
22610
17590
14095
29471
19098
1018
18893
28742
19194
3569
6906
13833
13996
504
30179
13141
12290
432
29898
8769
7247
24851
28788
10038
6663
4429
30356
6725
25527
12396
19704
31538
19169
15892
16233
17244
27755
12973
10339
11173
7504
18087
13168
21287
18815
32545
32608
19074
23989
27405
24138
32563
3808
21841
27615
15060
21565
19604
10593
31900
8290
19703
15869
680
8736
11412
1518
3199
3637
23524
12074
9737
23774
20309
5238
10550
21223
29570
12064
12977
9513
28719
27956
11921
31476
31596
6589
29183
26848
27409
21653
20029
23905
15423
30481
10722
31240
30140
25527
22922
10052
8903
31535
27876
7775
12400
16109
24847
30017
13656
20813
28268
11305
28688
1941
32026
31188
3626
4524
23370
31099
11865
697
29302
19024
31935
14880
15069
9465
8892
4821
15057
18689
968
32242
24020
13170
8029
23136
30634
5894
14679
23235
29381
13322
16571
22359
24169
49
21010
27366
27936
28003
22163
30003
3184
23201
16997
18383
16820
26017
25635
26166
7303
7054
22814
29609
260
21703
7236
21396
17696
25285
8945
15967
611
2901
19272
13804
17111
206
3956
20183
11224
13426
27528
1194
28193
26457
23940
10354
2651
10283
31752
6610
185
18850
1595
10815
27473
28826
16937
22095
5196
13512
28550
889
21950
27052
26429
11637
7631
8111
19206
7811
27660
21062
18966
4181
5163
24789
31626
22708
24902
1349
7079
12032
967
11017
8882
7819
32249
9541
7070
20522
18593
3298
29770
20451
1589
16299
14614
11672
2100
16341
23840
7376
20062
17167
23828
7673
26316
8214
10056
16506
15966
14541
19192
10892
29487
16596
23015
10398
18729
19240
24215
17842
24529
26476
6859
17884
19634
25869
26885
725
3429
10517
20492
80
10683
3637
24430
31455
3118
22210
11589
17161
15845
13037
5810
23052
30322
28474
27723
31518
6236
28235
15199
12814
3758
29691
13006
11207
28729
1023
4329
1397
4824
19502
7522
12590
31218
12787
8378
19891
22673
18369
28110
4372
3353
9576
31394
91
9804
6482
1282
25748
29858
24162
10559
17797
31875
9754
5944
32513
26808
22413
11600
31985
25653
6621
16583
3998
90
12933
27836
23252
24754
28524
24522
6153
14167
31783
3306
10233
31603
27172
1537
18972
13302
11926
16118
20502
29401
15687
10657
15170
14489
28286
19790
32705
5165
23681
18618
22323
1181
7279
5423
3905
7751
27398
32062
11046
31920
20483
6945
18745
3791
27342
8683
1738
28062
31979
29848
22961
10166
16176
4554
15558
7077
15614
3554
5286
22135
19583
29362
9324
21591
30810
31884
28826
22592
31162
16394
6197
28052
28123
31346
3726
20087
13068
2299
28151
17728
17001
20307
77
24627
28341
2925
18383
3716
11290
3472
7715
11462
20310
25014
19511
21000
25888
21239
32629
1370
5615
14316
11046
31335
23558
14149
27845
13316
19905
107
7913
1986
28709
17241
14136
23240
21929
8076
24849
32617
30299
30172
24937
26459
24768
960
29141
13055
17781
9603
30948
6911
7747
31746
12373
15180
20944
22607
24238
6458
25654
16546
29063
9580
9968
31261
11503
9477
4624
31526
14049
10967
10700
16314
230
7343
27270
20946
31424
12493
4381
21420
29789
14181
28153
9543
30867
13509
14814
20392
32072
16512
15059
12815
13021
10292
12201
23006
16217
9009
15655
32570
22675
18741
3001
24327
2717
6685
13004
14333
31129
20789
19594
19947
17390
29365
31863
7532
17682
30117
32601
21185
20970
4719
30516
21651
9823
26569
30514
15366
32390
24365
19871
24234
10535
28950
14584
27573
5134
31265
24863
3293
19164
30254
2383
26693
10500
5073
15417
29012
30977
31772
15137
9294
9337
24247
32447
24037
12570
29640
32673
30035
19084
27109
4772
32137
29701
20851
3392
12889
3733
11659
19126
14674
21399
9313
4966
23576
26117
32520
3731
29631
17472
27522
23933
335
7510
14700
3792
8081
16116
17726
13681
11767
23271
19257
26009
23417
11420
29908
12967
8266
1838
1281
16855
23162
12033
5580
10040
11272
32065
28458
23267
13345
11992
2355
13820
31469
12006
20387
11336
1980
2411
919
31652
7368
16922
30555
16537
21301
32617
26443
3886
15709
17829
2217
24870
17252
32392
21033
8214
19898
8727
27573
4671
17316
29202
7766
30801
23002
5151
15197
6240
1119
8167
11102
1733
18577
31578
5727
28191
27680
30309
2730
26917
9168
29303
15687
8230
23621
4882
21529
904
32352
31930
20508
12658
22360
31322
32277
24263
31565
10783
9279
29224
16029
23325
3178
17766
21033
20635
3731
32365
23790
19420
30828
10124
10948
30940
26660
17901
10423
22056
12977
14735
8155
16014
13035
5475
13473
4048
30604
21389
1743
17371
31700
27718
14024
16909
2705
29397
21964
29115
24286
5118
11065
23094
13062
29082
23009
2644
28056
16218
1954
19265
24221
13528
11401
5196
15816
24193
4619
21014
24222
5074
1672
27274
23781
26273
149
26222
28390
6855
15742
16836
1105
4370
22368
11058
5002
28471
10562
46
4775
23794
17798
14616
1487
13541
28146
30042
7890
12359
10481
7635
24738
26025
27103
20711
4688
30863
10774
16857
13707
26537
15469
29382
18013
15184
15050
29725
27756
20436
10755
31689
28349
4722
18091
24315
29333
28744
14018
8505
25800
19328
27990
27336
14786
14939
28684
20377
29521
9014
25650
12182
26734
24581
5426
12550
20193
24955
3113
8337
19606
20478
22307
24647
32702
21869
7138
16120
24041
7473
17911
8487
14806
12124
5168
6467
23181
12114
21162
13816
25203
17957
32757
30824
13830
3262
17152
3322
16267
4394
13249
27140
26326
17382
22015
6165
24444
7000
24156
11015
7236
1681
18035
18721
21214
8982
19770
18528
14565
8183
17079
16221
12296
2953
32565
16385
17057
6481
22369
29400
28403
16944
14366
1540
10672
13242
20532
13247
7078
28355
1222
12757
28597
221
242
16650
11040
2129
14771
21182
26680
4598
2534
7098
29209
7563
13441
19224
13180
17023
20490
26467
18236
30675
31730
29821
3261
4226
30775
6887
28646
8904
6241
17024
11613
24134
32530
10609
1028
30439
23885
15962
16812
8705
17834
19055
2986
7300
25784
2517
19602
15699
21299
28997
9988
17899
32379
26184
19844
24232
14693
21607
28539
9549
5782
2827
16660
20695
31362
16990
31604
7980
21542
10641
11270
2015
6266
5493
32616
14105
31691
2062
11302
5526
27901
8423
15921
12159
3609
23127
21761
30462
29914
17781
17844
29861
19266
31405
14549
20678
7930
31353
28833
3142
1191
7471
18885
28237
9241
7206
11123
23994
11506
3814
28635
28503
3247
29599
2323
28288
16904
16976
25512
23552
17732
12049
19026
5939
13898
21824
4312
6323
13063
19997
7108
7609
6418
18000
30818
5185
29352
14285
7762
18855
19157
12715
28684
26978
18090
26230
32064
8772
19869
20694
15222
25991
22174
23643
11567
15449
14742
22084
20776
15275
4640
13200
21960
5356
18891
29422
1689
24530
2347
14887
12383
19819
21370
3851
28218
22912
15016
18338
13776
13919
22006
13461
31965
20816
11739
22615
988
8678
21803
5782
4870
15401
17667
744
2460
13510
1573
5656
9149
1384
13846
12499
15354
14135
11773
2902
3607
22163
27562
12569
12052
133
24510
29416
3847
23123
20117
22455
26526
30475
14331
646
30193
19457
32617
9309
6170
6627
22634
22594
12675
18169
9736
8780
28455
14021
31655
26635
26107
25020
17490
6162
8264
8313
4173
2580
19728
13310
12442
1872
24212
3753
15706
5229
7986
21097
18555
8770
14682
25421
11981
21508
1967
10618
21487
4445
7315
8388
18335
26354
19938
21670
7906
15579
4108
18052
25179
31580
10238
23572
21522
4677
8520
19811
28619
12615
23641
31106
3829
19350
3395
18607
12596
10267
19167
13940
16876
13464
13638
25198
31588
9820
15960
12015
28624
32370
14008
13492
17009
25741
10840
20292
17468
1071
26659
5336
16142
1138
12260
32313
4083
16079
24318
11809
6490
1827
19969
22107
5180
4058
25452
6903
8115
22374
2631
24718
18169
12744
2447
11902
30647
25984
32281
19104
5499
42
6588
11406
16001
17036
18842
21417
8512
9530
11441
26905
3511
5646
10378
11494
24035
8444
20161
3416
19376
20385
30174
6981
4746
31683
27752
23844
3775
25471
24342
15923
23547
24915
26468
6855
21676
14082
16269
24774
14722
8913
26611
15639
30162
23911
25143
17708
29892
15704
6589
6731
30371
1984
28258
5681
11888
27537
8632
824
31953
9532
9916
9194
31782
25099
5002
27351
29387
8945
7229
4312
11416
72
14522
30338
1805
5349
31113
18071
11254
25102
18160
28995
6853
8385
7963
25579
6303
14858
6623
19629
12259
9371
29019
26024
11796
17566
10754
16103
1661
16301
15279
13484
10077
28894
15113
1913
20666
13159
28915
13377
14252
15906
30645
17416
2187
11113
21178
29954
8670
15126
22247
4218
3296
28548
4320
4637
27641
19904
12500
31419
15878
16354
25147
25589
5099
29625
6059
6942
29682
27923
7108
3622
14449
21777
7346
9553
5741
4174
9334
29910
25676
27795
17952
15302
4214
24227
25854
8209
30738
14262
13171
31907
26047
2609
23517
26449
11208
2613
15196
24778
4385
15254
9884
10868
24269
16547
21315
12519
21975
25499
6169
12627
29752
11849
30956
27623
18226
26147
21237
4861
21504
8175
20815
14146
30521
30017
22142
11538
19608
17580
22156
20895
23945
8655
23200
1988
5912
31334
27406
1539
32545
29152
32075
6382
2201
5418
9822
4685
9359
21115
17633
19141
30908
7677
2613
26346
11845
2464
9175
11708
19080
175
4867
2023
5102
13876
13269
13326
13364
4998
2540
5379
17093
18076
25042
27880
19399
13625
31985
24274
21637
3442
1407
8119
20094
26099
3155
26872
5158
29186
8097
21946
215
17392
1800
27915
13784
21434
1133
24540
6997
12666
26468
11978
4221
21171
1077
25612
5210
32381
4418
13860
13470
6020
3583
2398
16061
12301
31538
13578
22876
25826
1181
14933
21224
21260
24000
6841
12368
9489
10940
28433
8259
13912
1916
10919
16
16666
22914
2851
21229
31915
2724
17288
16287
9986
7612
20808
7994
21940
18976
8731
17267
32410
30639
10647
14958
25277
6011
25682
1915
23521
21563
7855
6711
15337
367
21877
7700
24052
28045
78
14591
16580
22958
25144
4394
3466
6153
15820
28263
24013
25265
5966
7868
9715
17726
4934
12923
17900
25677
9826
10831
30767
29832
21990
15916
3317
28283
8920
21613
3657
9007
14019
26380
31824
9201
25178
23288
29705
15259
24449
19049
32629
12120
3404
21509
16121
855
8816
16223
5893
27277
32734
880
21508
9730
3422
19150
30598
20325
12108
21205
23531
19331
24575
7624
23869
9089
2729
3459
16984
22133
24614
1047
17174
32045
29536
25734
20582
1291
19999
32312
12170
26874
10104
23143
26548
9814
7331
14737
12752
600
2320
21518
15290
19699
4796
17253
26946
17900
22482
24040
24741
17506
7502
3162
14777
15842
28436
26307
12262
24309
30788
25003
27311
16249
25327
28576
16447
8283
27619
20265
22915
17968
21919
4984
1630
20429
30216
17623
20594
15691
14925
24036
21457
27611
16984
16351
7593
29818
8417
24267
15287
5389
20417
9894
31424
30531
4237
23147
28839
13556
23571
7754
21893
11269
14120
26116
25560
5842
25422
25186
17599
5835
7187
27550
11277
18039
8
17416
4636
4274
13445
21199
19445
28343
26669
8198
11251
12593
13965
315
2283
21868
25549
215
31055
32561
7755
30269
29302
17143
4749
2918
8557
14456
6741
2454
32336
30513
1873
32644
26671
8883
21581
18512
19136
9802
32171
11642
19950
4815
913
17651
32306
12037
20270
8935
11696
16362
14527
23341
12273
20163
12010
13120
29992
12782
16757
17672
15195
6064
22606
6211
4682
25349
2289
20063
6988
14550
6400
8129
28055
428
4800
6968
6287
13149
26603
18825
3381
25536
5396
1143
24699
25806
13487
4785
18190
15173
640
16882
10584
5907
6479
20740
4204
25944
4943
31692
23207
12205
10363
20891
27860
7630
3460
4860
11005
7339
29784
24705
31899
30996
23468
10141
28928
4720
15880
8219
27540
30032
1381
21773
32630
26220
5997
19419
17527
3329
28314
1806
27552
7475
11438
11618
22542
19747
29938
31411
12456
2771
20430
7308
25269
12659
6569
24820
1879
12425
5059
13999
20866
24120
29859
12502
30622
29688
17950
9943
8981
4604
26714
6965
1863
8687
29675
9757
2207
14492
18555
11737
15460
28999
13314
10029
20866
22194
26193
8990
18177
24855
23802
29631
21048
8713
13179
11304
6589
1750
6551
22740
31441
25169
24165
4581
11564
23932
12114
29935
6482
8900
16724
14224
10338
25275
12538
18815
349
23560
27813
29420
16567
22036
1454
692
17544
393
26861
16872
4714
17131
11578
2409
9105
22097
6157
17214
19479
19982
9256
25417
6835
14
21455
30362
17903
30096
2240
20837
31456
11680
2191
7777
18297
30073
11478
24964
19728
7729
19375
2061
22198
31732
1690
9193
14156
14315
29821
23869
28512
21168
30744
3845
21791
14052
3683
15644
15361
2989
20914
10374
19286
22450
5353
31180
7637
24278
1845
24288
27339
22689
20942
1854
18688
28141
11651
14658
16077
12943
29243
19974
2202
30068
14708
13609
26837
5430
14981
13715
2034
27729
29213
8411
20458
26291
9244
32202
10010
17755
2713
6791
29422
11152
20464
21746
3370
712
13689
21153
29637
18934
26273
2242
17799
28595
5578
15052
28759
1931
23135
25532
7719
22285
28334
16137
6997
18123
21915
4443
9383
28421
1521
26115
1391
1872
17376
19011
18108
15216
24075
20639
14774
3015
25050
24005
31695
1793
6089
22961
15580
12710
23690
1236
15241
30274
8760
22097
9893
29470
275
22399
5516
25954
19713
12468
10620
15315
25825
9686
13189
10387
27607
18303
1384
12852
17727
24324
23051
11583
13198
25073
12999
29107
16840
29942
24452
30353
29367
29495
19258
7829
27758
22625
27837
8576
2906
1571
7272
8275
29758
23999
20066
9084
28665
32220
9007
961
9683
26706
6292
28146
31647
17557
23294
361
26973
7225
8076
27570
11411
12645
9220
11661
17253
26383
13966
28364
20337
24008
8583
27029
31190
11713
933
30482
4117
29897
24653
14119
15795
21205
18850
830
31223
28434
23801
8920
17008
27016
11760
17370
27467
22386
13321
1210
7423
24799
4976
17940
9001
3776
8270
7147
15880
7872
8665
27830
28327
14047
13136
9501
23451
17776
22920
12248
21364
8254
5521
1799
8317
9925
9679
32490
22171
11551
7765
31657
17505
29416
13674
7658
13431
5188
14747
14616
6129
3790
18340
837
26051
10468
25571
181
11160
26245
27237
17988
25718
21708
30505
18292
18055
4565
29883
22096
20590
11885
11389
28746
20368
16633
26240
8073
1229
32528
14707
25046
1046
30718
25356
31812
29911
28286
20966
3239
19924
20760
10025
19959
24104
26767
24233
22482
19450
11802
31279
27860
3137
9846
14151
28451
2505
10029
14358
29685
10299
893
19205
21927
31760
23334
16254
14210
1212
5063
14923
25759
20019
18074
17822
13979
18525
591
21178
28599
2863
2866
23363
14873
29533
7878
10872
1966
32492
26180
8715
10059
25263
31272
9893
24786
15424
18100
30267
26164
10225
3623
28182
3884
20394
20648
8600
24082
12547
2680
2235
27811
30593
21478
27197
31856
16357
3499
31920
21299
5236
5735
30027
22874
21299
29168
1328
17530
29745
5073
21344
3875
8230
24579
10194
2860
20551
11146
18613
9518
8753
5739
3249
32171
7903
25817
13806
29784
25964
18381
14970
25265
4295
17515
1279
11555
7785
10262
4741
11065
1389
22142
6222
31181
19457
10406
29675
30336
2500
17082
30326
30520
11196
27996
31664
11400
22395
26986
30775
16104
11217
23822
2497
5703
24496
17040
12801
7753
29297
32558
18132
12506
1137
22178
31758
22623
25033
5940
3174
17129
6864
9819
17616
4029
4099
25048
27382
26738
12962
21960
27720
7208
24430
2436
29968
3814
29534
16882
7502
3147
26927
21573
8720
29567
22104
435
18527
11922
20358
8282
21193
22154
16277
4981
3941
22668
8284
10166
25955
30734
7108
15165
31353
15078
2183
4748
17307
19843
32301
1442
10185
9068
15688
7118
7186
1558
19487
22423
14202
31905
31820
571
14243
30091
21769
25523
13314
13745
11673
29072
23674
200
27375
11171
3880
18042
15500
14549
23154
12153
2681
19844
16264
10035
16083
22742
4843
22171
10353
26999
17486
5880
11205
21593
16001
14181
5401
16369
3534
32544
22169
2404
10035
18527
12475
26940
2327
3949
23722
30011
14387
23462
7109
21188
32448
3130
207
21322
18537
13150
14574
20998
20932
14402
14839
19903
3628
17714
2426
31340
7131
3500
22746
8456
19826
14608
1146
5313
26271
4029
32413
7081
15807
32128
9640
25789
25397
22858
23776
10752
8207
29257
22779
2188
23175
8621
9806
31334
3378
32320
25499
4745
7179
17787
12934
18145
13125
13486
13760
28631
21892
27402
31759
31017
17102
5436
18032
4112
20299
8458
16228
6931
11873
10532
13472
20827
2590
22391
1706
20445
24182
26288
30420
3352
23569
2510
4494
17139
10104
1215
21280
7381
14663
14921
11667
16389
10639
5150
2160
15302
27446
25224
3811
8607
1765
28698
4652
24476
16929
12900
31456
11410
18270
19167
19653
29945
25764
7335
24822
30695
11785
7708
23986
31519
21206
32291
21552
23480
26341
32497
15901
1090
25118
30308
29995
13602
8401
20919
29232
1438
9324
24536
32573
10555
6004
28093
19741
18760
18221
5860
4348
18365
448
3119
9392
26534
26782
11009
29295
7582
11509
16074
513
17731
31849
3582
15955
28275
7377
735
9432
8078
20608
19702
22369
28449
4085
24005
25026
17894
13927
31545
12983
18783
12280
27513
1356
5565
22260
25265
28805
29039
25954
11788
19653
19937
8553
7043
616
20636
1294
7372
22239
2000
12697
1634
12942
20709
18288
17842
28698
2827
10795
11873
8631
6225
18932
21199
24478
22566
27366
20807
16341
3775
26801
25109
9815
26854
5193
3641
4442
18844
19059
28808
7023
20420
27109
2244
22146
13630
20948
22361
18040
16031
4719
3854
1616
7867
14282
32377
371
30560
26117
30693
1266
31849
3593
13307
28349
28324
32668
4620
11912
5827
5557
24374
4122
16332
4129
10469
31190
8570
5387
24334
27096
12539
20529
31004
22078
17988
27804
19361
807
7156
2612
5024
18772
18347
830
5070
24689
26543
22732
23500
21552
27123
5459
19980
4972
15044
28273
4806
16706
4629
20784
29553
22356
2480
11364
3861
28036
10747
17310
29269
969
17802
15587
101
1726
16874
16712
11944
18074
21778
17319
17466
5078
3726
17602
26137
8343
17673
868
26356
24818
26320
12104
22635
31265
13643
1940
11167
2055
14436
29893
799
