10708
28423
4344
24338
23091
32148
16392
31294
14795
32395
5544
8017
8280
7063
31659
22435
13973
12362
31736
2055
9269
26885
27655
1360
7622
27232
5065
12355
9222
13988
26711
20167
13222
13048
2966
18126
16519
4637
39
22913
18412
12551
4787
28502
18852
28454
30812
5303
19702
29278
11949
12335
10108
32124
2870
24902
29468
31526
8688
17603
13018
13659
16643
28911
11945
31861
8770
20521
746
8337
18957
23029
7985
29775
18485
15784
4846
9351
14237
17051
29584
20190
9127
28442
27732
17242
929
29018
7235
7993
3675
10692
9823
194
25351
14510
24914
1065
19729
13786
12527
23102
17527
13034
21253
14003
17622
24205
13814
21757
31635
7095
16282
27122
21426
10032
30666
12179
7064
22690
17135
11663
18617
9860
22746
2304
4753
7528
15629
19952
6220
18667
23051
18829
4408
4887
486
24881
13916
6764
24499
4114
18962
4417
7102
32628
23483
9909
1906
8477
19944
27544
30021
24125
11728
28063
850
18641
25373
17800
13404
16618
4487
27538
28175
23945
4033
8701
9737
27735
31387
31879
8387
5640
9474
28776
3403
21781
11103
9035
23293
18298
28224
26513
1661
12428
23578
24533
28047
31635
9885
16269
1901
10114
9205
32533
5572
19164
24840
1538
15566
9793
12219
26350
22264
24689
21754
7390
25813
12010
13093
3401
1688
11571
19619
15499
8040
13405
28293
4
16576
17404
11827
19109
27216
18901
25473
1568
24721
4195
12341
2646
18309
3802
23822
25417
4030
16488
11631
4219
6679
12478
19282
18722
5717
18184
2888
29488
3976
27432
22736
31474
29897
1589
18275
2497
1665
13828
99
886
24606
30925
5964
15422
16422
13948
21942
23579
15698
11696
10515
29751
30585
32314
21410
31880
31828
16881
4889
8262
7404
27791
16352
19138
15667
3187
8265
19071
8818
15650
14213
17189
30688
20507
25973
9111
25591
14916
9173
15436
29519
1202
29519
5361
10232
10693
5201
9115
15000
9660
31609
26319
24533
26981
5336
8203
29095
11292
3124
23477
31202
10974
2178
17692
27299
4984
19090
4354
27539
23313
24644
26379
11873
9783
14822
776
9152
17556
29826
9853
4321
30672
18343
21618
17789
16016
7247
15353
3719
31196
5846
1146
10977
26666
21840
9087
12469
6423
31484
703
1577
15324
11173
1185
6481
25412
19434
4061
13137
23648
32694
16714
4391
15677
17547
15340
24267
14455
19248
6390
29476
6384
27758
18469
4854
30208
6706
724
25210
27771
7423
1797
32089
7948
6982
11759
32743
20646
31921
5508
14261
7370
23609
24841
28583
1820
5548
7860
27482
15019
30721
22948
25775
22822
11308
16119
7088
30231
8414
6292
28626
2392
8957
27698
26822
16246
7896
13184
26376
5199
30090
3585
3016
6912
27258
16229
19205
785
3386
10609
30839
29609
10903
28677
3555
307
32070
7692
25090
13422
28095
21227
2453
24869
2522
27938
30768
25004
1816
29739
24243
6220
25584
30648
924
7268
17871
14381
25816
26228
7437
2900
3083
27371
13927
26195
4041
12431
18253
23486
29356
22217
17194
19992
12490
28913
6825
30465
10545
7810
4125
830
13486
14059
16708
7048
17681
7908
22639
15402
2617
31735
27748
18020
30685
2057
19390
26396
368
10277
20548
29770
24742
22141
25377
21715
18090
8234
18190
4399
27983
799
16832
18451
9319
6374
21752
6263
27293
9106
32361
28060
28598
19901
2808
29653
22590
2949
5235
26320
7004
21864
15580
25642
12595
22298
14398
5868
2141
27921
12334
24292
31555
12856
7192
12736
28367
4259
30364
16513
31505
21180
28033
20636
21947
3827
12191
16761
13031
32112
29924
23103
7776
25648
15422
26805
28330
3496
20605
3062
4540
31760
13921
30398
31547
3883
2102
14232
6608
19561
22747
12449
16937
15239
24867
26715
25471
18369
7665
5959
23465
23734
2873
2834
925
1369
20575
14840
3392
9539
11861
29685
2347
1325
8685
30427
28089
25812
21053
27486
1817
10742
1835
22427
12306
15414
22891
13881
7305
9741
30375
3112
27765
8705
17933
20257
8716
5867
16402
1081
27902
28790
7111
17884
3396
2614
13195
6981
11427
8624
27996
21178
20847
7412
5276
18156
1028
21001
8843
31682
21196
31592
2135
12671
17971
26029
753
19132
19501
25734
14120
18029
28423
30148
23022
15943
28774
22057
29470
29750
24195
6423
23736
28517
30950
8887
27670
20390
27486
7728
352
8109
21386
19492
1368
32207
29413
21184
3249
28929
19776
30691
2742
23955
4857
30048
19885
15219
20083
2237
20188
31151
8064
18288
24060
310
24160
9892
9962
30437
25779
21391
6170
12330
22824
2788
12773
22922
9586
13077
25660
30870
23985
24528
1919
30800
10282
473
6403
19744
10221
3033
31880
1370
4735
4284
28024
10737
26035
5991
14408
7259
30851
2357
14610
30901
27329
29794
148
10088
31316
27328
8495
21616
17376
19778
32183
15724
18260
4478
11724
26295
8154
16650
20765
3586
24910
3869
28857
9556
1842
14599
16070
23596
6307
12285
14389
17318
30932
18636
6957
28149
15506
20793
19174
7766
17120
9584
12087
30733
19369
25576
15270
19171
8813
20828
16756
27222
22612
14982
26220
3529
22051
19309
1727
16783
25949
2734
27331
26230
28513
28310
24231
23041
7753
28355
8189
15788
4446
25524
3166
10337
8417
24450
28126
21111
8672
18568
13762
10925
4039
224
16779
22944
16546
7276
7022
9885
16975
10259
8052
13218
7662
6018
4774
11517
27173
20292
15191
27708
9264
29197
32335
15015
18708
32393
9608
15830
28186
13879
12937
683
26759
13344
22295
24781
21704
19161
18177
14887
12410
17951
24455
24066
10960
29783
14582
17017
13954
16457
10577
15366
1895
9827
825
27472
5636
2649
10073
8576
13177
8778
31807
21266
25191
8741
26092
15991
12292
12073
30034
5716
9456
15158
12582
28882
5563
28045
29199
3588
18151
5059
11468
24688
5845
13447
18586
15212
23487
6214
22472
21604
4112
24048
2539
30601
24876
11594
2189
3583
9176
1110
789
2800
14826
25868
5812
14107
8510
19037
19946
29725
20410
3877
9194
10157
11336
23432
3284
22899
15975
13214
5285
4451
9107
12303
19859
5285
12799
31603
2762
4145
8770
23955
10281
26532
29615
14945
3512
27397
18438
8538
22472
12392
13752
4795
26981
15318
31592
18293
30311
15130
1504
746
3519
21010
21522
16415
28709
13625
24529
22092
23015
7485
14215
21833
30544
27572
19372
14031
32277
13694
13847
19312
25228
2842
13109
1646
24932
13650
28912
29249
15879
24142
1439
16126
17220
29950
3262
25187
10218
12019
3322
17519
1262
24848
1340
23185
1680
8178
1572
23345
16874
7449
2885
10870
25008
14521
16655
28062
27567
22010
24757
25430
22956
23830
823
21944
16467
25640
20466
19576
258
1583
13882
20886
4716
16974
27198
19723
22521
29131
8421
25093
23289
20318
25094
9285
23392
12609
28800
5294
24662
30975
32028
5029
22469
9517
25288
3153
26000
11329
4606
3582
19373
4262
22559
12125
17772
24691
22499
6195
801
12773
26996
1094
22965
11722
497
11029
4796
5975
30211
25553
23329
5351
4882
18319
14338
10482
19401
14601
14916
25489
30388
18108
8348
9315
9009
8486
3872
8402
30304
21266
5776
1467
29445
800
31683
30029
12734
20436
7030
3854
6116
10933
1391
30210
15665
310
9467
31977
21387
924
13782
19831
26675
16423
2892
25896
713
8451
31589
20466
24647
9804
29464
22566
21046
9201
28585
1922
12046
5702
855
7706
30686
13395
28749
3828
30591
31234
26631
24608
11934
12117
17937
9488
31126
7511
32378
22057
29475
17651
27868
12092
12442
8174
29014
27804
14102
10359
16674
20452
20646
30766
23655
6188
15228
4484
18544
32222
14709
20261
12552
17870
230
8835
32360
32617
30370
16000
26847
10231
28349
29490
31711
4024
12682
4512
18286
19945
8021
19001
7862
23590
7166
27198
10788
25534
27656
14016
20396
31251
17648
14424
30057
2578
25851
29264
16316
7397
9452
22708
20898
15506
23126
30191
15316
30979
26559
26302
26499
28367
32156
16315
17578
11824
8698
30956
2107
10267
18378
26712
8947
19762
20453
8210
8348
3664
31828
8235
7246
8621
12389
2226
2330
14017
28682
30790
4802
13958
20536
21299
26230
396
18508
5020
7884
1179
4198
16322
1677
17517
9961
22079
31791
15576
25576
16122
26760
29525
6182
14079
21334
2175
116
25606
881
14216
4236
5948
14086
16331
26440
24072
12754
11264
1558
15167
17552
32603
20849
29774
32541
27098
13290
28786
2392
5351
9582
8261
13641
28
20225
10178
21033
10863
12864
21932
22850
20582
12348
28248
29804
2354
2607
24040
1144
2047
5375
16644
4647
853
2923
21213
21466
16071
6778
1759
16132
23770
14879
29216
15126
17187
646
25008
5334
5472
9690
22947
9353
17783
13195
12192
30589
21369
23191
13468
14711
2579
10955
16334
3985
20844
25287
17065
2719
6475
16832
26210
31463
1099
4049
2094
14519
20079
1297
31755
207
15162
919
24952
21909
18736
7836
14019
4009
29745
25801
26892
22701
5532
26068
31403
9684
8187
22761
26276
15874
4884
17078
29622
29640
9417
21402
32237
5266
15809
5799
25927
23877
6790
5008
6750
16681
2896
23835
17862
28324
2694
8035
22397
5604
21910
9967
22180
23904
1978
26168
6783
9926
17428
13296
9549
15278
26183
26801
32351
26055
11738
32098
30315
10617
2228
1388
17378
230
11086
20521
22902
31381
3902
27624
8843
30790
25028
23002
16516
26999
11518
1050
29324
31231
30447
26693
11223
31452
17101
26873
26745
7063
2645
107
7259
20946
2705
31730
28670
11905
23117
4634
18105
17318
32583
13403
26194
21253
14047
9627
15021
25167
27286
27701
11640
30818
11337
11657
21365
26047
4217
6441
30845
5278
15230
29489
20703
8449
9679
31350
4020
14499
32629
11419
15715
27245
17777
14434
20796
28675
5364
20842
17976
17438
18744
14342
19146
13773
24034
22867
10573
12738
31832
6006
3715
31802
29985
28085
15073
22071
23064
10919
22809
7039
22107
14138
4371
11058
7724
13289
19138
16052
17547
13625
520
31219
4435
1564
16401
18364
19656
14066
30213
1965
11402
17231
18057
9702
19387
13361
16181
31414
5642
6969
28290
18163
7041
128
10995
5365
10173
18167
10145
27192
19295
31269
12977
17783
23168
20106
29926
20921
31459
9695
30146
25225
26639
27387
24590
22938
11537
31490
3246
5856
5601
5470
7471
12926
10424
9212
18572
13997
25482
5747
11042
2074
13469
21670
7375
30446
16749
7466
28662
9186
27394
3659
5067
15042
21093
12251
3709
24627
31095
13451
16231
20967
21835
2318
11583
10495
7384
18383
8429
20135
28343
27817
437
14181
9905
3025
2324
21017
8711
10172
22675
16483
29536
20891
21906
6176
15113
6867
17896
14077
20546
28605
2279
8070
18512
16389
17348
14706
6959
22011
3082
5899
29411
23638
26425
10202
10595
23530
7602
28483
20422
11949
5497
32273
17040
20987
1780
18729
18496
535
25488
24441
23510
25879
731
17490
15443
11196
3247
24849
28164
9735
28074
4459
14269
13285
9428
3899
4375
11117
10273
11693
26920
983
26915
8275
20933
32471
6907
9555
7310
23653
9222
18971
32407
9623
11519
21756
4075
25270
28907
29772
29106
9670
12460
17452
32307
25879
7837
10300
17667
2562
17907
29440
13723
31442
15757
17745
29312
29939
16597
2542
16448
26277
6284
21819
29026
5294
30810
1232
19419
14935
21272
31493
15671
5320
6803
28480
2257
1283
21677
28119
7121
26652
21766
9396
17798
15215
19030
606
5995
17256
5484
12041
16566
14025
2193
13830
7294
14058
31872
30643
25161
21682
13653
7721
24551
32075
7350
16081
26864
8039
26428
20892
6251
18794
8152
15539
18715
11703
28417
27415
27506
12076
9014
20816
524
13473
21424
1177
7252
28583
27542
1214
7472
31709
4775
26704
3357
9818
11418
23694
12742
23988
10444
11583
9180
27233
18760
24838
3829
8559
21337
15529
22286
4319
28743
760
9242
479
6967
30117
17044
14181
28361
31731
24180
12371
17246
6496
4324
2070
12090
13993
13683
18375
9347
24251
27928
28240
25556
7772
21039
25592
22043
23432
24346
25822
20913
25449
17482
31547
31898
8989
26244
1270
26927
23710
16451
3836
2122
3127
12166
14211
9169
16679
12365
25638
10249
13671
8003
7899
25369
21929
31089
10616
9180
25917
17059
32489
10629
3269
31215
1342
24458
32200
1089
29181
20881
16399
25839
18153
3236
3084
11744
9150
23054
27509
287
18681
4321
17521
5586
15178
16563
21367
25399
31902
8256
31229
6292
21789
4719
2617
25366
23305
27031
32259
6230
2735
10202
12104
31113
23755
15857
16096
5191
2371
25645
28137
7958
11389
28060
20528
16638
14845
18390
3366
3319
26438
31692
26009
22474
26726
10078
13036
26211
5312
3378
252
20095
14291
13652
30534
23442
29212
11255
17437
8589
2209
20838
23255
9238
25884
17827
2012
18053
2732
31625
5238
367
30795
19435
21780
28602
16903
31784
17353
29492
32085
467
25363
13485
4380
4661
29971
20478
2393
31203
31430
1527
21064
19733
26149
21074
19649
26402
3603
19538
15228
2944
13711
2037
11060
9356
3120
31075
2184
24121
9415
9778
25974
28817
4739
5511
31329
10014
23748
30965
28367
9812
3748
20512
3695
21475
32072
9399
4177
30208
9087
15794
10498
28594
16486
10153
27380
5909
5226
30052
6538
30490
10432
6708
28835
685
448
7978
8848
24660
30936
20030
2484
16110
14526
24935
25315
32374
10326
24503
14927
22727
12953
31048
4259
1836
31297
28608
19389
1006
7997
11938
14071
26900
30139
2310
14812
19705
7098
380
8408
7901
2514
3561
2481
2932
4363
16758
489
13426
19245
7679
1732
31113
26740
23439
16147
9981
517
22495
16550
29722
1213
20196
31921
1106
23613
497
14733
11182
21523
19063
4434
26095
25226
940
22116
364
12809
2654
18710
28963
2773
31993
32002
15164
3498
28767
8564
7758
20086
341
12317
6206
18664
13498
18060
12000
13471
3325
642
29062
18236
28124
14103
4860
14680
5259
24025
6892
17302
20679
28362
14446
6564
9609
2273
15972
18804
10972
4829
8789
18562
3775
17344
14479
3568
18172
29471
6884
13512
3850
6749
436
31415
21753
26579
8405
10863
8226
22180
26853
15789
24529
25107
1986
4082
10642
28768
535
29424
10643
7757
7690
28454
22329
13696
6541
19062
18203
2700
8544
27884
22272
28106
6048
24450
8367
986
3284
1745
18707
8425
16661
3227
16435
30541
1027
4487
24984
214
13531
29002
31765
29543
12324
26968
17670
19139
8468
30831
4105
27353
9626
19147
31790
1714
16560
8072
15852
5506
11464
14186
20277
22910
5867
18895
31945
19728
10939
10251
15923
16988
22329
6607
7605
4568
17976
10827
25917
14539
16423
24460
13224
32170
17956
15925
15006
8741
19600
11332
23435
23693
27801
25714
8520
21121
20869
8564
1562
25938
11188
27766
2153
24071
28214
28129
8007
5421
2451
14400
19500
10777
9130
13219
27865
15320
7267
29215
5462
25757
17837
14754
29326
4194
16825
1349
11762
16721
29291
6715
21835
28550
3701
23548
17259
32373
2699
22362
32691
32113
11956
28913
31983
30817
23
5624
28063
2240
16505
5085
13990
245
8714
3891
9409
21180
25108
23080
16458
4238
7446
23590
31061
29020
29370
13171
5345
28764
31877
19406
7915
30651
16790
10192
1634
25140
27272
21576
28248
11506
7310
28360
17236
31426
1753
23054
4209
3959
242
18921
7719
23125
8400
27298
30041
25148
3384
2149
17422
17209
11848
20177
18770
31973
21306
16602
23975
15241
30250
5435
5199
3477
28992
28317
11648
23357
9725
19983
3221
17622
609
19906
12357
21957
18718
4400
9316
29254
32228
11727
18234
3385
16585
30321
9974
7738
20196
144
5381
20447
25580
17349
5917
12785
1185
8432
16876
7810
17503
22743
18454
29923
10251
7243
20381
7186
6158
23755
15262
10602
5049
133
24990
28618
3256
12498
29120
4553
25655
13338
23646
29342
2303
29569
29511
30603
5294
24301
24251
2790
12258
18004
32634
17463
8346
11277
9769
5559
25266
19399
14829
13581
18093
18482
29965
27439
2464
6691
13560
17850
32074
9760
14484
17321
20272
13738
29687
6233
19824
5837
10921
24435
13280
22362
9631
6928
1597
20461
11372
13812
27119
30035
30886
30581
19377
4670
25859
22943
88
12775
31980
1753
19080
31143
536
7327
11439
15171
24556
8112
4432
27864
13198
24464
8439
27421
4494
21531
5114
9484
31137
30466
18398
6176
8915
26532
26539
13017
3609
13450
31265
13343
9552
1251
29514
20829
31096
958
28602
26104
17885
21251
8741
21877
8842
24080
2542
9461
30256
31758
9319
3593
13093
5329
22595
15818
26645
24627
30888
32650
6902
19396
21551
30565
9646
3890
22103
12925
132
13324
20119
28838
24997
29666
11221
28327
29087
18547
17029
23308
6877
25556
11546
11540
8812
5507
30073
31011
3165
26587
9914
15537
18982
23094
24915
18483
25565
29157
11728
25839
15132
23434
26838
30098
26672
19113
22969
21668
4513
12591
8642
31622
17118
9194
30391
14305
16547
18842
22940
28092
3200
21242
17170
5329
23311
4288
23921
22239
886
32353
22949
616
9540
13088
5986
29081
7297
770
14068
30103
15615
12992
13422
23900
7069
12918
2536
4457
18224
15638
8249
15840
2312
5894
20173
16763
15527
19978
14597
7407
17280
21019
17327
27078
7669
25956
20185
17018
11545
30985
28863
15452
1422
22557
5468
27642
9192
848
9285
25292
2615
29961
24872
18280
14184
18941
17728
8916
11953
17109
31836
8083
17205
9545
6152
26482
5690
26163
21988
3717
24226
115
23707
3968
30541
9296
18773
8391
5900
16139
7341
30246
29307
9461
32618
18472
5407
24118
23547
32627
573
16569
26618
6810
12460
11161
7616
1167
3041
40
8236
875
10358
2566
15314
8850
22212
4280
26414
14624
14125
3672
21553
7621
15887
10402
21771
31967
13192
23515
16475
15238
11898
2650
18735
2689
23839
20799
23491
7027
24502
19708
23320
22127
17737
5762
19729
28903
287
20196
4115
29338
13657
17016
29405
17846
27165
18921
15823
9824
12600
5808
11845
28762
23368
6246
9768
26893
892
5673
2548
14891
1241
1073
1710
23849
28106
12471
23444
4057
17914
21541
7510
21698
12692
14715
22216
5262
5138
2147
29220
17980
24864
11004
21727
15208
25064
1962
32285
22686
18835
31775
9547
3606
8959
24564
26187
7353
512
27959
27941
14625
26526
28995
15215
5800
16717
17263
19690
27416
4551
21692
16801
28919
11611
28980
26740
26028
16327
29358
17941
16532
3834
28491
28023
25980
20763
28532
24521
14461
16045
2946
16711
16579
28056
24929
19958
31690
10887
10463
2547
32175
14546
11843
1654
29683
6451
2027
8460
19770
15175
23575
15261
4240
3151
23030
944
16925
12413
11325
9556
27296
28058
28541
18340
4525
14416
22269
20575
23959
6313
11454
19159
16730
19772
26407
21554
21983
24003
31821
17381
15519
11009
8624
19850
24349
3276
19029
13370
31864
26223
17687
14989
8228
27979
8562
30927
10070
16383
14969
31989
2427
17932
24320
7909
9022
25928
12979
24569
5725
29139
29460
30402
22684
4199
8581
22688
9908
16768
29351
32054
16791
16691
11435
18405
15902
16810
16607
16671
10940
30006
18962
9345
19130
6435
7218
29233
4587
5700
10332
27581
3456
11310
13896
805
9649
25583
14216
245
10552
14925
14539
13628
16736
10747
17364
16914
23157
28174
11691
32260
30541
2509
5317
21299
2851
24315
1024
25991
12515
11493
15681
13574
25293
18881
22890
871
14499
6386
2111
11331
8741
24226
13732
19360
7539
16454
898
32504
1406
26979
1831
26498
19082
25796
18442
18581
1828
2198
24295
14618
2171
30777
16580
10575
10935
31965
23773
32406
26854
8722
2329
8676
19690
15034
24823
17965
26269
30994
14508
21772
19177
23673
12932
5985
5371
5228
1463
27809
32416
1405
32132
10811
24208
1751
15619
15583
29389
8546
25844
28828
23246
11473
8281
27861
22308
9053
31199
26221
18301
12487
6928
24870
14347
1966
29504
3953
31219
3789
31690
21034
4524
20471
10125
16736
11714
18314
29617
9055
30313
1700
12771
30503
23046
29136
27405
26416
10236
13195
13009
28880
8358
16659
9000
27327
30009
16989
1885
3883
2957
3698
4764
6395
15496
19949
13457
15692
6959
527
24796
26679
16494
15723
349
8994
12153
24902
23574
31478
30920
27521
11161
9727
10766
6992
25380
28187
20411
13081
25467
23533
30252
4356
29115
32406
29676
10269
15900
28668
18785
7498
9679
24215
24295
16463
11439
25033
1148
1646
17239
13581
15672
27764
7
5902
24657
7520
10245
2026
13787
26113
5977
7800
10020
1918
7476
26883
31286
16622
29148
24739
11064
17958
11613
29194
7645
13657
6504
13976
26007
22197
16840
25682
1150
2540
5772
5540
29314
28668
19104
8403
17538
22142
3348
17842
450
10100
3855
20063
24680
4151
22677
31415
21852
23470
22143
27168
14154
13569
844
6635
20850
16133
15595
4545
29765
8433
23134
29227
1953
7076
20203
24127
8143
6521
4377
21648
724
126
27891
30068
22001
7159
15687
23488
27022
13070
31586
2618
13173
32373
1308
15877
3460
5865
22967
22467
29496
4456
28036
8740
16651
25978
314
23108
18283
31884
9633
12425
13353
7463
5154
744
2324
9918
10170
23333
10298
11043
11396
17909
13224
7866
31218
7853
6736
8173
11340
1749
21141
29522
12696
8873
19575
21490
22589
24989
26298
2523
13765
15759
6349
28154
26031
1066
9858
29611
11767
24271
6241
12703
2431
17775
6444
23874
25823
8984
17607
720
28588
20944
29419
21181
19190
14670
28452
28864
29211
10119
13931
21749
28554
28796
2085
24024
12538
7309
18606
15933
16732
9691
29546
517
25521
12710
17650
6268
6691
8344
2167
31672
11605
31340
29450
23959
10188
560
17587
5659
8163
16323
17989
32624
19022
3783
20655
12268
1747
22359
15222
1399
27470
29753
6616
834
14117
11870
15842
2522
9232
22349
20489
22176
21832
4846
27339
21255
15546
32062
5726
7298
19421
16874
10346
26456
29289
7092
1609
21374
7384
20259
10637
3663
14157
16662
15755
16945
17001
15277
13591
18861
9083
32472
18101
17086
4213
13898
31885
16075
11316
23002
19718
6709
27510
24169
872
28753
10756
3914
1226
17542
30436
8288
8176
28931
19749
27521
6315
24864
13447
18366
19818
13350
21883
18727
25962
24944
8781
7903
31698
23408
22760
3229
14630
13433
18059
5829
15742
15788
14378
31929
5883
30073
8731
19579
26288
23495
1830
11572
22559
9525
24549
30000
31925
30450
25503
11711
4444
31714
29978
21190
4363
11402
19174
2666
24969
10651
21376
10768
12082
8234
18424
3169
31654
10267
13021
8319
6196
10457
5968
20678
19229
32297
27131
12652
20636
22738
5700
30333
11943
1642
29720
4585
11811
7383
5888
11193
8400
1789
27224
21787
9108
32004
24037
949
8836
24312
6090
7702
22668
10448
7409
19326
909
23163
1325
30123
23613
31775
2737
16997
14447
21999
25018
13765
29064
20882
5718
15747
2043
11186
22035
7154
32664
30385
7945
14235
22496
28406
13931
22724
27739
30625
12870
25605
21184
1299
30559
16117
9120
32346
6662
16878
6142
19515
30444
7539
15237
20235
4374
27222
25469
21516
15986
378
5479
18862
2710
12657
15551
20565
21749
18987
32543
31545
8147
1101
5557
20167
3828
1228
16775
24254
23181
14666
23261
6743
8364
21219
2670
4217
15851
14987
19240
23398
23861
29532
15269
28785
12443
26513
9312
30825
31455
1115
16358
27253
30305
3414
17877
26408
14710
9821
27922
2566
27505
5961
29100
32176
31531
3576
25918
9965
12157
23881
757
26657
8653
14089
26487
2481
30508
13557
25981
18360
19744
6439
29825
26031
31207
27124
15819
31036
2396
5654
15159
25691
27199
6640
4368
29057
28350
12472
11829
20436
12612
1231
30686
27976
23638
18633
13242
16384
5740
18571
18854
4114
12497
2201
13322
13956
21450
11184
2078
2595
17899
7624
27158
8175
23643
9617
8458
27100
3223
15465
16400
13577
10339
9840
24860
13983
8381
12814
28255
18001
20121
31391
2222
5228
27825
9758
15713
28832
17057
5485
21573
12142
361
23475
25624
9131
30680
11062
11294
16342
9286
18513
23745
22639
32357
19379
3274
30747
21457
4324
11101
15472
2243
25623
31426
30573
13639
2402
9330
32448
8612
29151
7394
4246
12011
4433
10275
23915
24864
12547
23964
22103
2844
3999
26405
20272
8756
8464
17512
16107
1425
5742
23457
24336
20728
4772
4901
10094
26173
21152
23442
9258
5086
12271
18041
29934
26461
15798
15498
18088
6991
9067
8770
19358
16348
19146
19666
19771
8643
18394
29905
28590
10342
3389
28876
3031
3877
5493
2889
6735
30639
24124
29452
19224
23152
7696
19092
31439
22210
30970
8230
29023
28212
23840
1113
6435
4284
18798
32528
12513
10716
2385
23819
13675
18219
13076
16276
18998
28391
11936
16615
18561
26546
10416
23004
12629
26883
2924
15007
30952
26964
26593
15919
20577
15258
7368
12302
4839
17013
19965
21654
1254
18441
1725
11143
20986
19187
23630
10383
25910
2813
17320
27494
4946
17242
9787
15199
11135
30696
31394
20136
10319
11500
987
19819
22580
23358
26445
20007
1772
19959
12351
10109
19399
9565
11085
7920
27943
26260
8590
12791
4855
16269
3397
27252
7798
7090
28406
6936
8631
7293
5556
7599
3523
19617
11870
15785
20071
857
30947
9353
20640
4203
2693
22017
9091
18676
20617
1261
15681
20227
28250
32056
2719
286
7988
17440
26712
9652
6569
25665
2613
27259
1004
9731
14759
19889
24047
20490
30918
12938
15286
27569
2801
4463
19277
20851
13084
15382
31138
21679
30249
11579
18454
30788
3976
20755
3524
25426
31333
14859
31303
8835
26473
30804
8961
18037
24434
24935
3182
19562
24793
1686
8105
16158
7911
3591
6335
29525
631
1021
2053
21855
6263
31848
21367
1616
13106
28980
24917
22681
29492
11539
3448
30267
22178
26877
24152
2000
10399
11132
13621
21895
14119
14786
10125
25544
5058
18982
22979
22934
9741
27730
22194
1482
21807
21349
23300
4650
23792
19530
15723
5836
21528
9907
1250
26452
26588
16719
27177
18564
32310
24215
21171
3574
18516
15992
28329
22591
14043
15876
9485
13711
5830
21295
30560
2360
1409
8325
15694
577
13532
31651
16111
25996
10311
7963
31121
15102
18784
23402
20758
21110
27068
26031
1013
6687
8158
28743
32461
2781
22822
7473
19903
21297
23827
25830
3123
13614
291
24714
12530
10222
21718
26743
14601
12882
18077
7260
32716
28764
23559
5377
5994
20262
6785
12118
5169
25890
27963
29306
31857
2658
28249
17009
16314
4367
10592
422
1370
3042
27846
3424
25499
32702
27304
29431
1165
29685
5378
31085
9029
20702
22896
3416
24802
22892
598
10897
14223
23113
7108
4828
21907
315
28829
9750
9286
7768
31097
19854
27531
10092
26372
135
20235
296
12449
21385
3917
16017
18365
5171
20533
8842
25206
25937
29730
10313
28930
31232
23908
31897
20724
28204
26996
2944
11513
25668
26212
21426
9175
15339
29304
28360
23498
32122
5894
15766
25284
29006
25882
25393
31933
31835
32557
15121
8505
32238
19102
26693
10764
16620
32387
27406
5336
9129
28536
27375
9206
17660
20114
6980
14646
15704
299
32050
6393
24535
22293
24950
16367
10664
5259
26623
26859
18531
7063
10827
23475
26520
28564
697
28218
27309
17764
21538
16983
6104
16641
30924
14162
16150
24028
14738
29637
10969
12112
23682
10772
21464
16936
9851
603
25947
2601
19273
22363
23836
2933
902
8364
10628
18705
20607
7644
5586
18768
25278
20164
31446
21278
7951
15846
30812
14943
31955
11205
18497
18485
25078
11155
30587
27281
2312
13818
19895
22728
30420
32317
13385
23478
23974
6004
26231
16599
4006
9747
24770
8849
31768
25459
23724
15778
6592
10979
22825
28375
1522
6492
9007
3903
18352
20659
24368
27205
9945
10673
152
8454
16038
17148
980
11067
938
26368
2011
4060
28034
3811
12257
3266
21324
21321
2958
24372
30561
18435
3101
3502
19219
30592
6969
26756
2944
14767
24077
30155
221
1006
20390
26096
9864
20641
11919
1777
27396
1963
17568
3640
20021
16970
21172
25276
18211
10538
24773
16993
6319
16187
5883
27489
24909
11884
32272
706
19797
9324
25189
681
27816
11964
26722
9551
12948
20463
11363
26067
11149
31692
18479
11200
31999
31579
24689
16427
25921
19608
27110
7397
21778
26008
9711
18825
3194
24796
18769
7218
27318
31042
2262
18834
21914
4497
2064
11182
23537
30888
5595
31188
6201
5638
8436
5647
30915
930
11905
13727
4863
18837
31825
25804
21506
11628
12279
11448
12544
9727
12334
22888
1857
31601
895
18140
16452
21456
16385
23419
12689
24232
2939
24786
14962
17081
10580
10189
8700
17895
2806
26356
17375
10274
6282
24465
32223
25652
23932
10780
17119
25668
29982
17119
6208
17771
20913
113
12028
21278
6410
11013
628
11295
21050
1773
31702
20440
7596
20978
7748
22885
15130
24478
15175
25708
10944
24355
7558
6396
29275
24233
26798
12273
6480
1189
10578
5860
2011
23758
13984
31388
21169
7069
1727
5339
25774
14429
3712
17358
19578
14775
23679
13819
20690
22991
25391
26944
10508
0
22800
19760
23515
14395
31348
29988
11324
29327
24936
9495
13095
32166
23739
10253
5685
8017
11947
2437
12015
30241
15242
9000
21609
4892
17766
32577
17700
5774
6753
5822
19742
18353
1523
16490
9029
12865
1162
18390
28427
28331
27672
22810
235
2834
30694
23178
26989
17681
12802
18463
5740
19105
22942
26445
6824
11603
23511
15299
13391
32605
31569
9749
327
31603
28740
21743
20209
31746
9868
28352
13028
16801
24079
27580
11310
23334
28778
2672
750
10935
4701
21560
1139
29819
32239
5052
29140
23481
27492
6612
29043
32651
9606
12937
150
15765
8499
19838
21821
21796
27068
28634
28718
2847
20660
13077
32390
16175
26726
23855
28537
14058
25051
13914
30576
30937
13318
18945
16501
7012
32041
15198
26708
10751
20356
4035
8902
4506
22564
23775
28346
18158
32531
24340
27120
17992
25372
29837
845
4211
10450
15391
13703
22643
12394
20427
21566
30211
28107
18522
15765
12681
28023
27300
25892
23820
28809
4163
22661
9030
10012
17165
21471
965
18499
25451
10140
17688
31927
1931
2431
6069
5057
4052
23029
3723
4760
21970
3029
5070
27543
22744
27045
1130
27011
20464
23794
22779
1357
21507
28097
23969
10589
29304
19950
30650
29614
24536
12438
167
1868
13811
8170
23625
685
24040
31226
15309
23249
2133
15419
28393
12810
29399
12577
14802
25873
6750
25960
21355
18034
11189
16846
29537
16633
23738
27268
19542
30911
7828
12438
577
8336
28796
5643
2721
30070
29850
25518
32206
11428
29537
16315
24547
20879
10776
27680
31079
2992
29629
19862
26027
431
17241
11522
2494
17688
22424
26039
11907
14612
30526
12191
13680
3364
4510
22627
1293
21680
19290
19331
24609
15208
23355
11814
28698
25861
22320
19881
24215
15621
24998
704
24833
10298
20696
14094
17396
32589
19624
18889
32735
22069
31658
6117
2345
15644
14305
22337
18571
16799
23548
14716
17292
24392
8161
17857
18407
26982
19036
12897
19367
26562
3914
5671
7102
10639
3878
20922
21777
30570
8005
2580
30191
28996
18535
2137
18896
6928
26396
15803
5849
8015
22413
13657
5644
8152
16168
11956
20074
12932
8108
5415
26739
6851
20599
24654
17211
9882
7369
2007
2200
23750
1233
3912
28498
5786
10667
14506
21244
20958
7099
15468
13563
1175
7074
61
24851
213
26793
19489
19863
4520
31751
29866
4508
13706
8409
15088
13869
31059
24434
