21563
11127
11924
15753
15387
23332
23471
30449
26605
15267
8430
7389
13589
7315
6720
5548
3370
218
2489
11458
17836
15339
2831
15090
1630
17950
31186
27340
15785
20305
3937
26610
1081
1520
1245
1111
15578
15567
30951
25119
8705
4913
5951
22039
19482
27602
1218
9904
18324
32109
10422
30676
8904
20648
30077
32590
10649
8448
26017
28075
16781
18452
23919
16687
17013
22429
24215
13284
6244
30992
17624
24223
15580
24890
23448
8051
22190
3458
2524
30057
30968
1450
14530
31596
9525
32711
16393
12467
27711
22739
12792
15456
28641
18379
1709
7775
10887
18028
14499
11106
20408
32602
11353
23660
23134
10022
22892
29970
8063
6461
11239
8114
8253
19978
4106
9116
7367
5959
2839
21102
24015
26027
31412
3355
1617
21648
24591
6412
1141
23360
25816
30349
16812
21090
25137
8970
7317
20258
25031
31307
10915
2003
27503
31695
31466
17194
17842
18624
29076
29018
6855
18612
26748
17173
26355
31009
4838
23692
13161
22512
622
22429
18140
17638
13490
14466
11387
1114
2707
26613
17771
7876
9175
5587
5567
31887
17886
16583
8415
19975
30826
20950
3031
3554
5471
16851
12749
19097
13425
17318
28161
14237
21378
19760
14941
32752
10326
25644
13241
28523
407
5354
27574
8632
28393
23074
5603
15218
2905
21863
5623
18508
16270
22014
22474
21323
15206
18734
10973
13771
23849
421
10748
1879
3630
15092
6865
19872
2686
11888
4180
10015
15520
1934
8198
14676
22179
8796
29694
18935
6895
30128
6825
29928
433
24785
5608
30917
4259
31610
21169
14671
7450
18727
18102
8505
23608
2401
6039
27337
27005
18803
22641
242
19528
19186
7324
28875
29266
6330
4000
31983
31463
31122
8998
26874
16736
13271
17021
14764
3842
31237
327
4546
11638
24565
7007
7470
24287
19526
12900
4030
9186
26753
8755
4631
27319
23777
31978
16438
19326
23197
22225
24253
3242
8290
20987
22917
2287
11530
10340
23531
16675
4916
30052
18734
11192
29002
25244
5200
27656
8763
10942
29160
260
25195
31990
15198
19757
28338
6008
31217
2717
977
16293
13715
28072
25182
25737
14504
22314
14334
21077
28086
27872
15122
14886
21102
1420
979
18919
6939
15021
32457
1881
14347
13190
29975
22897
22710
24226
5040
21091
331
12797
425
8066
21425
13736
701
4316
10270
8093
10363
28956
6144
32697
26792
17920
23804
19300
16017
29777
10692
18096
9287
27714
1226
9785
14316
7024
30068
26380
31560
30422
8209
24894
22578
5133
11050
968
32760
18707
15737
5798
14045
14792
8422
14207
18583
29851
15213
8067
2075
19917
1555
5416
7473
13453
24171
25052
21455
2124
978
30503
21768
14299
21464
11552
17473
10783
31905
3226
10521
30596
9300
19077
7061
8049
21567
20396
24670
24667
19176
3942
4597
13774
17696
3730
24994
10813
16242
11010
18958
14651
28899
7918
18599
8004
26981
12107
16569
21182
44
26681
10937
5417
24830
29100
3468
6732
11187
7293
310
16217
14583
14797
2478
14831
8777
5554
8426
6801
23311
31030
28019
15231
21831
747
19575
18494
10748
9583
25199
11654
32007
32761
1765
22189
19051
23864
16962
7485
18247
10118
9575
11890
5223
8114
15707
16135
9266
884
1280
25975
11283
16031
4073
25360
22266
29504
12950
14086
16579
28586
21279
14590
32667
18419
29752
10452
6399
18009
12178
24552
17678
26287
17119
25014
16175
23884
20697
32306
9578
1300
8586
14533
23879
13297
16627
12552
15843
23821
7601
6319
19708
30484
25846
3577
6269
28068
27854
1932
21810
7628
24160
13003
28095
13809
6973
3912
5349
900
10668
31145
7033
18996
26645
286
4679
14146
32615
25905
14338
25290
3608
3910
24524
29138
16601
3176
20283
18872
5948
6650
9737
17018
8413
24171
6037
29321
13849
32039
23103
7422
12848
16086
11124
5850
5308
24717
30769
12740
909
18857
21381
2016
14534
11159
32039
22500
32151
31588
6700
26336
13287
18353
24358
29922
30337
13577
14011
1736
25641
24748
504
3459
19275
18710
26800
22772
6588
23639
3404
13271
3395
23473
1667
13537
18150
20258
27121
32388
16924
1956
29239
15880
12251
8918
26548
10337
14066
4227
18900
10836
17321
19027
22012
22496
32283
15967
29895
28987
5853
24311
26665
256
30328
28869
24323
24162
6468
23796
17505
2495
11382
9157
5709
23546
16402
533
20438
12925
20415
16037
31748
16331
32437
28749
31959
11002
11212
1389
23627
30318
21692
20864
18764
29434
11834
12513
10708
23987
25950
9237
31939
5682
30941
5808
14734
17019
27902
13950
12723
5799
30729
29665
22036
27368
26387
24208
1503
4852
1625
30263
17764
27400
11160
18624
25927
15401
20324
29024
29551
15936
1617
26500
23215
24890
20074
24069
30591
3421
32481
9510
855
29493
20313
4735
30715
18235
10491
18015
16528
31398
24546
6368
21553
6042
19880
1818
24757
23844
8876
2094
24009
1215
15038
28134
17208
27146
28410
15449
11560
31054
11469
29860
5375
7016
2678
27743
29642
1065
23209
12730
31015
19245
6105
22083
1443
20366
19333
17081
17850
4723
5412
11798
31827
28158
4949
25249
29040
13790
16392
6493
30670
12424
1732
23737
21552
24597
8399
12651
17387
20850
22182
21729
10965
23366
1307
20953
12850
13274
24326
13559
8168
5381
22470
15802
16379
15449
12809
13277
12855
2581
6806
10695
4651
7830
13068
1711
32109
13986
30041
30111
16089
25695
28521
3408
14444
31986
9305
1327
29243
21475
31388
15583
30411
23002
12685
16969
27931
11155
26857
15856
1165
29388
31946
23373
20229
7212
11893
22074
10172
24663
18959
20337
15379
9124
7110
9575
26393
16049
31883
22467
31028
6744
11567
5240
10655
9598
4857
19685
1090
22865
3355
13481
8402
27220
21103
16746
28168
10061
19736
5285
6896
16080
2366
27363
3175
5453
17527
1945
7134
18494
13873
31092
2106
17985
6973
26166
8043
31617
4220
869
3504
26132
1265
17543
21914
7537
14532
1387
512
29433
30536
21814
4275
7568
1367
19316
20465
4016
7067
6770
24386
1665
7642
5899
2328
21334
2137
21872
23182
19835
3836
30876
8715
20866
21031
13337
11791
1148
6287
31635
19791
21945
11010
16535
17909
5480
14960
14745
9795
9792
25454
27325
24027
9509
27818
17767
16169
19620
24607
13609
15246
14644
20652
6045
5884
6709
24810
21125
16468
9555
9477
15703
21549
2945
30726
30695
31871
14042
17616
26068
7921
516
6795
16338
7799
18306
17711
28012
28451
8681
4280
22320
18909
31054
7253
18401
25170
15224
30183
12340
17634
5748
24729
31850
18215
29542
31031
11239
6168
28838
18523
31811
18837
10637
3710
16497
25698
13559
443
19279
2471
21201
29059
10682
5631
19844
19270
14918
6803
29759
10188
24711
28411
27325
19815
17005
17049
9716
23790
24779
31098
23088
21732
8084
27578
23978
29878
9460
17788
8506
17421
27312
30157
15132
20169
15549
26816
21510
32411
18661
27208
28467
20325
18280
12028
28554
30234
28150
30258
31169
16859
23261
11779
8612
15377
19469
2587
6071
8929
14863
1887
9587
23971
8037
17857
8922
20816
226
9869
4234
5478
2629
124
2641
27477
17269
32281
24554
7021
28141
1890
3903
4983
5602
25276
751
17993
10698
14013
121
23918
5852
30019
19793
10232
14970
30997
8642
27023
25781
25098
13543
27998
4222
31816
9764
23401
6050
22577
11456
9569
25045
14969
4789
20576
32216
18936
2796
21637
2715
28516
19512
13854
11005
29789
11616
7150
23815
17150
22097
13838
2690
31912
5939
21667
19769
6384
32725
19075
32074
14207
14379
15745
2314
4454
28745
32470
26150
28086
27616
1810
19810
14828
26505
9491
18999
849
27568
7612
30764
17724
8787
12360
9522
17123
8555
15182
20034
7691
10552
30377
28131
4842
3227
20301
8480
1585
21745
27094
15504
24631
26453
13127
6589
26884
19105
27353
28258
11566
24917
23451
29754
14252
14142
26991
6922
3119
12052
32379
6558
32652
7308
1871
8223
32654
32725
7902
8913
31998
14041
13443
22142
17797
25497
2766
1069
26938
14080
12714
13154
9485
11815
10631
6321
24781
23774
20344
10226
19513
30847
13903
19154
29104
31905
20295
27550
9407
20973
20888
31851
8792
30079
14912
23696
17125
31252
2744
23096
19857
11587
22638
16227
12802
17943
22270
23811
15564
13782
19560
1366
11062
6959
23621
650
20507
24961
31682
21338
23085
29979
662
5528
28796
1266
32639
8062
21971
16631
25804
12820
1259
8744
13460
777
30482
30416
28563
19927
32156
14039
13161
28666
21720
22970
7846
29047
32579
13703
24346
25859
27614
3114
16267
24469
30851
4680
29987
7079
9402
23425
11037
14353
3680
29518
23183
13811
13230
15981
4467
24096
19058
13362
2882
25605
23128
3149
13793
1962
21429
22864
26264
10146
8329
18603
28666
13310
5974
22089
12212
31399
2935
291
25510
22141
23294
10249
17225
3110
13750
24502
24825
9344
8790
32355
15746
16212
18457
12991
20235
1734
29894
10868
25258
23419
8671
30702
691
2778
19408
2873
9008
17610
23878
23348
24857
3539
26089
22029
19932
30595
2817
5746
24817
3658
25220
3776
13694
12251
9594
4888
27010
1804
29659
3156
6526
32093
5508
23532
14664
19939
13730
30825
21270
28811
28778
2722
17735
30184
3984
486
16805
1201
22401
30726
7199
3800
19849
13404
19442
12058
1802
19588
16319
28303
7430
19585
29486
30364
10837
990
3296
30411
16082
3374
637
3141
22349
21098
2589
7500
14481
5128
22175
6730
9245
16505
3878
13438
4222
28129
30020
28352
8336
946
30653
27443
12077
27977
6455
8243
9672
4167
31882
30653
17163
13541
29597
9475
6924
28779
8180
10586
32127
16045
31636
1938
12495
10457
24959
5177
31382
12558
16595
15096
9794
23711
407
11597
28372
31581
25777
28083
9649
22004
22691
25546
13132
5108
21275
28221
9003
2206
31321
11835
23980
29735
28456
28637
14291
16900
23802
22976
7757
10086
14132
1152
6888
8049
21644
31203
22245
29137
28922
19303
6771
13137
21289
19235
14087
20823
31271
22055
18468
27114
18206
17806
6845
7540
21355
23414
19977
27753
171
11991
27239
22514
4638
17827
9560
3364
26701
13581
3209
20871
19791
20261
12970
22573
4341
31196
10899
15104
16890
22283
23391
32514
6767
16705
25537
13310
13847
16043
6201
4630
14597
13075
29723
25752
2381
19026
29128
20292
18443
256
28489
16122
17724
9785
6250
11498
4267
8467
14206
21692
22850
15216
26774
2132
6451
12604
4575
9110
3665
3469
25575
11254
27355
8035
20749
29792
4877
604
3755
22864
24630
13563
1582
31666
4834
20846
16650
10023
8342
31603
5942
10702
17342
14790
5252
4016
9964
1883
2029
31545
12187
17793
15959
3503
13023
31406
24475
30561
22990
15363
5525
4265
30974
11984
13861
2783
3717
24576
22418
28848
20879
22678
12516
27389
19178
3242
9274
2880
14608
32540
16850
787
4397
31296
8249
15217
9902
9940
20879
11614
6032
8003
4107
28065
9467
11400
27118
24563
6201
27095
29977
31300
20907
28250
12692
18454
16349
29038
9035
26603
10376
15048
19869
15644
15908
30291
28036
17519
1528
5340
19779
10739
17397
10166
27304
22779
30976
16510
25549
31670
15540
9648
31063
5095
26974
21454
11717
2997
20759
29836
26014
17443
32034
6803
32511
23310
13082
5995
13970
1205
10082
24206
4815
32139
24035
9394
31548
20381
29165
17193
5395
16821
11096
24906
28970
19754
18116
16512
27280
18393
8448
12086
10798
25041
10224
7055
32420
29967
23478
10496
2727
6789
22617
240
22232
9145
28049
28429
1871
12740
1136
32323
11902
31683
30886
3913
20062
15792
5193
5479
19785
15964
26536
5125
1864
22866
29262
7446
24591
6827
8440
17993
8510
17756
14612
29588
6777
13540
11813
9014
24177
31138
12272
23673
15838
29504
14386
1360
29352
10260
4781
20208
14639
6702
31713
19634
26441
9217
25480
11570
30299
4041
31423
28614
20358
1488
18123
29920
18399
15861
26104
8017
23990
11533
3401
1651
9180
1179
31743
32575
21627
1375
18505
258
22
24678
8775
11160
18476
834
7908
14345
387
25603
12734
762
17498
10662
28258
14050
3228
657
10174
28965
23205
19396
1725
3892
22039
11674
10025
12738
5166
32553
32323
3007
18963
25296
27512
19026
28919
13631
24396
6814
21761
1319
6538
782
18487
18881
18876
30607
6448
15916
4132
24861
27208
25921
23368
29760
29116
18293
3142
26218
5062
29376
28948
9871
19456
14380
7778
27100
7059
465
27686
29590
14675
16116
14812
29005
5617
17281
9383
32095
6347
2870
24476
13600
29545
14656
20016
23136
9036
29937
18710
27513
31961
16942
12872
19612
14898
24461
30267
14975
1811
17667
1228
13711
32609
32095
1217
22090
28262
3904
29264
5529
15836
570
31167
12525
20051
29986
16830
29556
29256
31003
3644
24389
22727
9110
8138
21333
18342
1191
13976
25207
9159
829
26062
26257
30305
13007
3642
16050
20744
1853
22196
30256
26566
9891
28833
906
9500
28207
2113
6453
12970
2783
32665
20519
22888
24422
19725
16842
22919
27026
4738
25655
13208
29505
1571
2491
8409
21933
1156
9774
21595
30019
8719
16730
13731
14197
12269
5473
13115
12696
12927
26712
16683
18744
7023
29177
23306
7689
3906
28979
28722
6848
3335
25631
31842
10815
19628
28694
1273
21281
24354
423
22360
6479
20782
22954
23298
12107
11174
20235
2876
21301
1382
4583
4168
9499
13980
186
32496
25551
26950
7733
27070
22227
25467
16828
24124
2497
727
8414
32727
9334
29109
32475
3041
6013
20805
10455
26838
22757
26471
29234
24846
8671
28474
27072
3897
15204
26464
9850
22041
23444
31046
11227
2997
17973
24657
4655
9785
15125
7080
27932
27729
27649
24400
22160
18936
28482
3694
9380
25828
22788
21165
4971
12486
29653
24222
30586
10513
24096
22246
22465
25340
23588
2232
6445
9162
23135
21852
26209
16362
22740
26718
12065
16707
20938
29867
12385
32638
30832
9018
31695
30675
28252
8443
2993
27301
20167
4050
31104
28382
30513
2748
2170
14762
3363
17234
3002
6367
30909
3267
13003
28997
14235
30918
18608
16512
25029
30232
18163
11075
22895
24263
11612
4614
4113
5907
10985
28947
28489
24026
13238
9799
10786
23082
7648
4143
11968
29423
32692
20148
23273
19205
22110
615
31781
14119
11870
19425
25933
27646
15828
30027
24758
30362
18574
9319
7966
12515
24398
19385
7526
16554
31338
30925
11755
19461
2272
24433
18148
26804
24462
4005
27320
8962
13445
13364
27882
20026
4425
4769
23013
2529
24620
4778
10890
29881
18701
11578
22958
20769
27405
31712
22912
13376
32141
1886
32153
877
16710
32245
8481
7204
17204
12578
1274
4885
32247
3312
14685
17216
25222
32170
24762
31874
6579
218
3590
21194
2986
2529
21556
26064
28546
28751
4368
21852
23122
30012
31506
4143
12564
15080
8810
1938
10766
7480
31437
705
31963
23674
7784
6457
4061
5069
22099
13432
27380
26525
7910
18314
2065
24738
30714
32623
28684
18374
19359
32687
23764
15062
24400
10869
7607
2558
21782
20000
14849
13601
19338
2935
23666
2473
28677
6264
5897
30359
1271
10502
27446
22793
4524
4070
1659
7943
13399
25034
28807
21750
2336
24527
16068
1096
28055
3197
7485
23845
25517
5124
22782
15341
4151
15181
3577
10594
12219
29144
21368
10415
6502
6285
4232
28526
31189
11759
19527
7365
3955
311
28637
26874
13675
16433
12121
15114
17703
22131
17448
29109
31214
6225
3818
32557
5563
32039
10783
4953
3684
30755
6599
12426
4542
3057
17684
24316
19265
26639
2532
7121
4804
17801
31501
28370
22718
28275
5841
7950
31705
12808
29030
8345
30554
4830
26820
28076
31778
24950
25348
29829
7028
6513
28216
24091
25069
27907
11659
22585
16317
16451
3229
19113
26936
9429
27553
25706
3518
27057
6833
31457
9315
8725
16879
29735
2361
20274
1383
1666
28268
7804
12606
1526
13207
22249
10412
32081
6875
18125
26347
7140
28205
29609
2139
23029
1711
3269
6262
17154
2064
29058
19072
14837
9007
7335
21863
12625
30836
25842
6435
27189
29275
30251
20155
5394
11154
15894
20908
5729
32102
25356
28342
19698
25888
15712
11679
24481
8553
9926
25121
4745
6038
19473
7139
30691
6050
22939
6963
31535
27425
8419
17546
3341
7177
13884
26424
17981
596
795
14610
31591
26287
7968
7603
32260
5730
14125
2759
21178
25849
19912
23973
19910
19359
63
25592
28359
31610
9163
16586
18487
28363
1777
22454
10707
707
30247
6106
5714
3158
1581
16844
25870
21986
11963
16077
9484
31910
16914
23315
610
18523
31838
21280
5714
6186
16696
6976
14666
21366
8948
2868
22339
15217
7840
28543
10682
8717
8790
1026
30594
15172
13930
11525
27997
5289
1927
29546
4481
22785
8786
31995
3569
7157
10786
30157
16138
1077
32146
15689
9850
20411
8738
1744
25770
7359
6128
19522
7908
21390
24558
17248
28957
24169
32759
25628
10248
24214
30030
31871
7749
32600
16638
11254
16582
19851
5401
30620
21716
32143
28324
31088
28450
27353
29262
10597
31302
10844
22667
21632
20029
18974
21518
13693
25507
16490
14072
11347
17214
27308
26240
4421
2325
30425
23907
22664
8915
2265
13733
15378
26891
5805
21958
32220
11002
12888
29652
3704
3969
11843
31880
3385
20870
30204
15379
9171
5140
26620
9167
14857
26987
8118
16393
27451
15306
31369
28145
17321
14429
10838
14376
27753
16498
6327
13818
26644
20862
23095
6523
10138
16493
29455
7330
6639
22573
16824
26770
30568
5682
861
31337
23089
2951
10409
18216
16710
1210
10575
11673
17736
11718
32245
4051
14114
15253
1227
20183
16547
15615
14043
10483
14562
10005
4640
5019
28764
28340
18173
22562
22656
3913
21132
8440
17822
21481
10116
32274
2620
12452
2671
7753
28301
7614
17625
14523
9815
15018
9665
21584
1835
25191
31402
20610
18712
1839
31001
9736
1705
28585
1070
8767
9749
30531
27841
10980
2606
324
26702
31099
18868
25956
14849
15763
23487
11588
1971
12085
4555
28553
12034
24700
12101
328
18233
12956
21303
29908
15815
12255
10486
23749
16150
29671
30763
32753
30503
29907
30134
17876
2396
14230
7137
32166
17993
15461
11385
3465
25564
23977
13963
10376
6153
11459
2046
21768
13944
15571
27498
9922
14629
23436
30857
3062
3545
24057
14149
26995
11751
25422
18942
3870
6910
30252
2936
18474
6629
11791
12491
3546
12741
22915
31609
29518
9437
24018
14656
30255
24473
2787
29363
29531
14484
12216
7453
11132
539
30330
112
23200
27925
22002
13385
22613
25939
500
28059
13668
4424
17101
19251
21124
12484
14989
22732
31899
17049
29558
31406
24142
2132
5580
22358
3406
23009
27338
17055
557
30110
30940
922
8525
31824
6243
20039
18314
27391
17313
8876
31743
31789
11965
11667
11254
17811
22014
16854
28461
20244
26065
6818
23289
22873
449
28441
10742
9151
30519
25329
30280
13657
14856
7132
19405
17572
4736
20564
4492
21782
26942
10243
13328
23195
20691
5452
20325
13825
13899
8236
23306
5223
12562
24222
31310
21365
26515
14687
22527
29331
17262
16489
27867
30069
10892
32090
20153
3159
20190
5211
750
7924
700
19893
30831
24753
20381
29407
22819
14944
15698
8877
14993
9641
14783
26499
27984
28131
29175
22580
160
26126
26253
28738
15807
30597
445
26976
20767
2529
17670
15459
14028
16165
18959
18329
25936
13106
29614
25896
25983
7357
26870
5026
5601
4966
11850
11901
22763
26058
21466
27635
25293
10488
28225
10853
6541
10535
6132
23483
2004
13299
23745
23538
9518
16360
19200
11567
17848
3848
3845
25056
1194
23716
18096
4210
21647
18456
30910
23302
8532
17311
21017
8287
28785
22164
11612
7770
22872
29615
823
19145
5315
20225
27339
1354
23765
22854
21360
5079
25397
24358
31410
3541
14301
16897
5521
6019
23204
25837
12560
22164
21300
15456
31322
25836
29682
13907
13557
25181
9632
28493
21847
6854
28203
7216
14703
24814
20971
30478
3699
22338
31248
2727
2219
26816
28708
32498
29480
7282
18991
12017
201
24312
11892
28930
32617
29561
15943
28983
8882
32260
2743
17759
9982
6778
5951
19956
27853
17993
16543
18627
16902
24326
17768
21393
29228
22143
21622
13145
13978
28903
32110
25167
31600
10189
20865
14277
16086
8168
30882
9812
29302
23955
14623
24394
9892
13200
28066
26710
918
14425
5699
23885
3600
28361
2186
25339
2281
12534
15863
25954
8941
21687
4750
23042
1028
25913
15780
10486
23402
17112
18726
12622
5422
22253
8563
13620
14991
14209
18218
14662
22463
25331
4529
21728
1331
11945
31796
32394
15011
32253
15215
5959
26231
16086
1530
2845
14931
24103
1675
22535
32589
29121
26718
10843
28306
30646
29564
9006
28655
26881
5364
26187
1939
28124
24840
12204
4314
30284
20706
19449
6291
11110
21216
5342
21801
7141
30359
31213
29675
26953
27190
18871
13531
21823
27266
7923
12549
2284
7037
21763
26162
12996
8750
15109
8888
12169
6327
16409
19918
24957
32389
7003
7704
24512
25895
15597
15409
27095
21549
7500
5909
7958
1888
29734
15457
11632
18283
32742
9433
28803
19405
10949
18867
12679
28619
17994
28118
17253
24970
30018
32489
12312
8215
7692
23040
25067
25980
24248
19687
5906
31302
10786
31595
29273
31336
5690
5633
25749
11633
32186
6189
22112
4497
1153
32358
1723
11754
8151
32434
1302
5430
23505
6831
11815
17760
30914
19143
6528
18024
12369
14281
12469
28324
1542
8058
24536
14941
30980
17057
10008
19344
32165
7320
4330
18519
149
2401
2893
17147
10645
7535
9856
15498
19455
10150
21400
28601
7869
18067
10882
31101
8297
5797
20559
13169
30074
19168
1768
6005
10444
4904
25332
11708
13297
14208
32169
4106
21502
7763
13360
31808
7733
775
31299
25124
24910
27749
1441
17117
5241
26169
26310
8120
3248
10488
27942
3719
371
31843
397
32299
4060
30776
25606
26783
29628
2084
6560
6075
17139
10762
5519
8712
24430
30472
21225
30520
14104
11841
25397
32170
23958
19719
12389
4538
28975
6873
19866
27404
2084
17471
19403
16616
1865
9284
3388
10020
29759
32526
12299
29812
14756
874
29057
10153
7412
3270
21807
22496
2608
31606
8786
21753
28976
19945
7171
26056
30130
6948
5270
13704
15414
22951
10977
25893
2624
4170
18035
29583
26178
5962
8881
12746
7926
25474
5159
13599
11736
30707
11627
6760
25812
16773
19813
24845
30008
23055
15550
8125
29398
30175
10940
31351
24820
31009
3966
20516
3249
24091
4691
14490
21264
2527
15833
13773
26999
17621
20689
9882
27074
25867
1416
143
30805
25439
16745
5428
10656
1833
26853
19937
16510
14349
6067
5486
6834
28562
10879
6443
30051
25111
10287
18474
30143
6992
20642
3086
2667
7011
16410
3411
29985
4715
30321
11200
28025
21435
29274
8482
981
19885
26999
17632
9421
25972
17963
22885
15023
894
4302
32312
23030
21503
21630
25803
10030
29730
9206
9743
16914
21440
2713
26986
28286
17125
30338
4965
31846
16983
1259
3321
25597
7797
28046
16366
17752
24760
955
11382
14777
31339
18508
9071
4687
10920
13901
20387
31111
22885
10811
17010
10285
21551
31
8244
31204
14237
28266
18890
8497
28948
29830
26456
31963
16314
7687
2618
10610
8774
25059
9059
3180
22345
16055
14182
10897
28852
24652
22941
311
8013
21645
11526
13758
972
1787
9536
20814
30621
11002
10156
20737
21284
3974
25954
13130
30704
22645
12358
6091
27271
26681
17647
32213
30363
30389
16167
16106
10185
13000
15703
21929
5256
16396
3764
2177
4751
9986
18085
20915
5417
30833
25987
18337
27167
27005
13115
5990
22326
24118
26483
23224
14143
22076
13071
20763
29490
9995
4535
15244
1346
24918
10213
25351
9550
18233
3747
12819
20867
8969
25167
30590
14637
26824
23925
32319
6781
23849
19957
16524
27693
19614
26286
25930
9582
12388
12630
23360
4340
21840
18711
15322
1355
8706
21129
23284
28309
13708
10259
15840
2440
6942
30458
24705
30245
17275
2027
528
17503
28092
1535
18789
12407
4827
14868
14053
8825
26544
11648
864
20360
14689
27300
30235
1844
17830
14737
1284
29868
29885
24251
5940
6038
13278
1773
1496
31108
7871
15477
21191
17648
17417
31564
32532
7732
9396
24630
7746
20962
2689
16511
30882
9660
9402
30275
27613
13493
3800
21185
10693
991
18324
5701
23536
15052
23341
10589
17813
26055
17291
5482
1546
15575
2522
5427
6141
15228
4699
17417
21934
28848
384
14187
28660
17626
5289
12806
19763
5207
5744
23645
201
22757
32140
13219
21571
8753
5111
22939
32543
2939
31961
24654
19745
29325
19840
17189
26458
1362
27474
9922
10426
30880
10684
9058
19200
6948
13684
29818
12118
3078
11879
13211
17034
10515
29716
10071
24086
6366
19074
20670
6921
5942
7419
32017
15035
29400
7690
27704
30586
8926
21233
7784
3273
15627
19053
29785
23035
3740
29219
5653
4323
21457
23828
30845
1759
25111
32601
31195
22654
5746
16534
3236
16246
303
22937
2849
32339
6985
31026
4849
23119
17845
5679
15502
20467
1652
22221
32623
347
8868
30787
18170
28756
20856
19055
24781
3783
23001
26661
2832
28586
24641
9840
8176
27567
2776
17392
2993
16470
32290
12361
13181
29790
31818
3521
17565
22528
13549
30546
712
17758
24760
3083
32095
7194
9628
4
13734
18556
7587
29659
20922
20748
10973
16755
14191
32505
20958
28498
4549
30106
5184
18964
3382
5783
18870
8172
25864
6293
12168
20095
8541
2502
24553
28250
6045
27545
22864
24820
28948
31189
27070
30410
28997
12064
11293
20093
18740
11678
7016
8997
2270
25406
20657
20505
24963
5666
16148
23889
14469
30105
18362
13339
13522
29259
15945
31363
1673
23473
30110
13858
17595
28170
10044
29445
8197
1404
19540
22708
24964
28616
2376
11814
31430
10628
21491
17167
12252
15953
762
10651
21661
15306
27729
26593
15291
11809
7621
17433
3135
22861
8516
12803
12604
1333
32201
15812
15563
30762
19810
31315
28
30480
23512
25070
32716
18278
17479
23897
11631
11938
20408
28069
13634
13040
2127
21133
19496
13140
10230
20749
21170
27800
18596
9738
2072
11266
25360
20202
695
25308
9710
23910
8223
30809
19146
21655
9316
23469
562
30286
7999
180
21716
25787
27257
866
22392
23971
6833
12112
31854
21261
8618
30955
12972
30603
26919
13917
22572
24147
20893
25323
29731
28212
27062
30730
4354
17311
10707
14215
17842
30837
3651
2550
16529
17765
10145
30469
12409
2590
898
7945
18596
24566
14635
22542
15266
22459
734
27689
18854
31738
8503
21195
23577
8067
6854
26689
24663
3620
11322
23429
13568
13386
11249
2194
19368
8355
23053
22533
29904
10343
13173
25715
30288
23054
5643
30907
28297
8725
17547
18461
13891
13182
29520
14402
13562
22307
31190
30198
13958
24859
32194
1291
15642
13832
4856
8903
21578
905
20193
24435
11022
29060
14938
5668
20693
11327
8531
1778
21648
24567
11707
994
14233
27486
7204
9144
17885
20658
4960
23204
28532
32014
27654
17091
12718
14283
8992
14839
16676
31809
24865
28817
4793
1775
4732
17676
22000
11938
27498
7168
4103
25587
13605
25285
4699
20189
15117
7153
18383
3736
19808
1415
332
29676
22893
14184
17920
20513
22809
18393
16719
28086
28442
19887
21421
10025
10466
11083
2079
31795
5758
30915
26723
2019
32000
22918
14322
5151
11865
8241
6874
15293
20541
10982
11904
5023
24768
10820
12640
21871
5949
21646
23142
962
29685
7744
12607
24073
22257
15614
90
24363
7393
17288
28656
7888
10531
28581
2459
27923
16184
7631
10267
9593
28073
8426
2758
4906
19158
22753
30215
32559
13483
31915
4452
27171
25091
22588
588
32179
7556
28181
22226
7444
18480
26758
32097
8906
22315
29206
12714
21435
16813
3303
22234
23404
23901
24548
15850
3727
29308
27524
28165
20467
6129
6435
3568
19111
27978
24510
29703
5789
15480
12608
10454
19854
17233
13373
15503
29756
11439
23033
9940
27522
31862
29345
1132
32551
6985
876
566
22291
29615
6359
27113
29592
19015
20157
9022
6006
32518
8676
16422
21869
11329
11323
11372
13298
3091
30407
11437
24082
18946
26806
21804
23294
30914
15342
17895
31719
8690
24898
31702
18647
29957
23416
23943
6166
5111
31201
28757
5963
25078
14655
971
18952
8812
3151
24352
23314
12947
11282
5322
12103
6779
12036
19860
3194
30828
15502
26643
24360
5423
6817
3643
8053
28443
31936
22728
29845
2573
11185
13858
8765
9068
10698
16117
4578
23461
30942
24200
30972
8725
28279
29284
15868
2481
2578
184
1406
14867
25862
2638
14874
8393
18296
24377
20740
8402
2141
13434
2288
3535
24063
14307
21396
30553
5097
1134
32582
7818
5552
2487
31002
22574
31629
7549
16938
4202
20098
1057
16260
19413
24268
16626
10416
29664
9510
4424
25380
29176
3135
17188
8172
4397
21881
20679
31084
23412
31156
28325
12898
24222
31210
15853
28794
1092
14451
23592
7420
13921
19797
10555
4918
30354
12108
21229
26856
3462
30991
8102
28596
19840
17656
19688
16713
31380
17611
15754
23093
29374
20768
17402
11021
10277
24897
12936
18170
196
29770
18141
9425
24913
12591
23648
29448
25160
6325
26292
27307
10508
11270
23897
13504
23649
9740
15113
4904
622
17618
1187
4523
19459
8548
29233
17172
8499
29193
20915
4092
17965
3001
20699
2828
29489
13592
27739
3782
1547
654
30251
16240
3564
8832
23990
13546
17822
26102
7374
23790
18985
8104
2266
27507
31761
3791
29484
4
20457
31488
5920
28736
21771
28417
21513
20603
28431
29522
17368
29140
23801
8559
23214
6521
31309
32510
6573
19185
19713
20496
32211
30684
12185
1350
22966
54
774
8298
21910
17736
11505
9225
31090
30032
4509
13942
12476
10872
30911
29317
15702
8229
9183
10107
18552
3534
4138
4401
30143
30965
30675
28720
1673
18345
31207
27856
9378
23316
14304
9455
951
6243
11356
31210
18052
18094
27451
14700
4375
11913
24193
16756
30481
8922
22598
10684
16835
6759
14164
2148
358
28483
20573
18918
23202
6964
8336
5555
21939
2135
10205
22317
29280
21080
16191
2739
13248
15328
14286
28197
5376
32595
30270
14178
19204
9906
4438
23351
8884
31766
10654
30741
22014
25136
28883
29218
29538
30344
32691
128
31121
24425
7697
15691
15830
26176
14103
31467
3969
32342
6721
30955
26693
11047
15134
21805
8808
8924
18731
23397
30944
28364
18695
7639
19983
5596
18930
30273
23190
26271
7607
6697
13814
18646
4881
6971
5030
9685
7898
18378
31100
4839
17084
1483
31572
2764
4565
23080
12170
22478
24597
20678
17922
21924
8627
3441
21231
28767
14240
14126
21954
28021
19018
6360
24937
1502
24222
32420
2592
27021
30954
1207
25212
5995
10111
17190
6658
16806
17458
28312
24873
1690
7574
14044
18589
27123
31691
7788
26034
9891
24806
24669
17391
19500
2821
10445
24520
7537
11927
427
10891
12741
20154
22848
9775
66
14029
29941
12909
13450
3298
1890
24064
29030
12089
32425
23537
24067
21633
3835
15456
5303
19659
30365
5852
25620
11021
13571
7574
12764
14968
28455
7218
26040
20515
21080
18999
13840
9259
22503
7773
15191
9916
18461
7190
10482
30599
29870
6749
9084
22152
6112
13464
7644
2398
22596
11563
1733
6412
6738
17207
28640
31631
5178
14020
16904
16259
28422
9525
22830
7135
4974
19577
20955
22084
26069
17617
19368
13114
16998
22938
20461
11288
13391
24401
30737
23844
10931
6808
5038
21601
1821
19579
17718
8201
24524
3288
24197
18039
23143
31856
19843
7585
