30081
14976
32113
21286
3130
4655
5689
17696
22540
9585
15988
20567
11404
27820
28039
31269
26790
5504
19978
16701
24794
25567
25660
31113
27014
10787
7696
19713
17824
24703
26075
20100
6713
26314
30732
9498
740
31875
19665
19357
3785
26579
218
8215
2043
6184
9534
21225
30910
12054
28883
30254
25820
17993
3591
8273
21922
20233
4355
3904
29610
20094
26046
24131
21435
24844
2461
23056
28982
26302
7770
20933
2735
12519
26651
27643
20607
1176
25803
6768
20155
7394
26509
6034
8994
20586
32292
17486
9643
12973
21491
8575
23804
31226
25729
2944
10136
13940
6532
23025
10484
21538
8674
11861
29341
22264
25353
7052
15981
7633
22967
9336
29567
20718
1688
16995
11793
470
25505
12144
13510
29480
4486
9553
8070
29003
14680
27261
29766
21447
27988
19504
5828
18184
4534
3586
19539
14867
32571
7883
27680
74
9242
30645
12030
1189
4542
29846
28432
18337
20275
28757
8612
13735
3100
13987
17405
29437
656
24144
5376
27461
17605
7017
13448
9903
18760
28816
13090
14921
25341
7423
31328
27553
24504
19325
9947
16887
28835
739
25171
22157
1481
5455
4734
17619
10363
26974
21741
22279
12105
10540
19983
924
7284
10030
642
27794
7658
4770
28316
4820
29943
18740
13960
25195
13314
19556
28540
4856
9038
32077
7590
10645
16844
23851
22261
7129
5314
7034
14787
32531
31884
28840
30278
16688
23792
16099
29454
14605
9639
15565
692
16103
20908
18422
14500
15048
24682
30001
5733
31221
25086
17129
29029
24191
9174
25382
10842
22213
23885
15577
6762
28105
18646
14112
21376
21491
16049
4332
18313
7405
17217
14316
14636
11593
14347
2458
1911
20186
6063
14104
23326
27081
17095
27392
3777
22420
2578
17022
5851
24979
11807
21143
4822
30759
27521
6874
12440
28651
31429
16535
17022
5834
26795
32086
14976
30114
1620
20999
1540
6143
10330
28868
6039
453
27104
5975
31443
26833
12960
32021
3131
21559
15956
8678
20031
21134
5986
18793
23457
22007
4519
16178
4841
8151
14102
14200
30963
19395
6850
25956
23937
30055
28121
32670
8700
27671
10031
15702
8955
13128
30012
2864
10039
18410
7325
14030
22103
5974
26340
15728
11823
24801
3050
26478
12883
7035
31831
4119
8465
7424
5485
24764
11741
17015
20227
2302
7397
13321
26509
6175
24635
31679
22994
2896
30828
10404
23275
18154
24322
8605
32231
31187
11749
28926
2102
16580
18404
30123
3106
13000
10066
6736
14556
14849
27049
29675
335
16402
8465
7178
742
4268
16804
19513
20821
31276
6372
31499
14369
13433
20693
2326
17926
26826
31402
22454
10739
28128
20989
29280
12077
4035
2293
13393
24230
10212
14855
31979
21397
13076
11772
16815
30335
18043
1600
6725
20073
3136
29443
10117
24803
3241
1461
25859
30463
7103
24915
14169
30145
11189
15949
1485
29865
9292
9106
3771
15577
30403
18329
10854
17404
32740
3846
7174
518
2591
14435
2294
30397
7240
31685
25942
18836
17134
21145
26393
19072
26330
8925
14155
17417
28895
26737
4593
6472
5815
2957
31205
25533
23186
23727
13818
22345
13292
32164
30462
15292
21383
6419
1859
26161
18431
3313
26263
26176
18743
24312
17452
29006
982
11609
30992
11717
9582
4237
19280
18132
12998
6312
5644
6603
170
16669
11987
15746
24050
517
15503
8480
2737
13101
8204
8877
13413
5013
22215
32195
17714
9465
4672
18393
7154
779
26604
25938
18574
135
24359
13099
809
21759
2695
25901
4325
21633
2341
33
8180
1495
16121
9942
21394
19387
5046
25416
23689
26791
27306
25185
8970
2065
28044
23674
8499
25980
32635
13521
16276
21272
31094
26393
14433
17957
28944
12071
27451
11404
28604
27367
2757
14823
9983
24542
9111
12034
23267
6704
30535
5270
24880
29072
32124
10084
25768
10532
10867
15557
20977
23438
6635
14303
28140
29310
20822
16117
3446
27692
6264
11126
8030
11224
3735
888
23308
15463
17482
8616
16382
25666
23024
30292
21569
8551
12938
18632
487
15339
4734
19740
13004
6239
20230
23936
19655
15556
5858
5507
63
20817
20704
19449
7019
12458
17830
29321
19438
6100
11306
6976
12786
20041
14473
20995
1005
23347
14722
15452
24990
29549
19056
7495
25842
2753
19818
5866
18
24294
180
489
12519
11080
21572
26455
18081
11711
10436
11412
20749
230
7853
10792
25644
24755
17122
13912
5845
16126
28640
938
22720
17751
12169
5945
29624
745
24539
25020
20362
9167
9051
22168
19256
6641
14900
398
26875
22376
18962
1916
15080
10900
31476
24783
25172
15716
10483
11207
25921
27000
310
9252
28794
6915
4523
16201
11021
14343
9550
16946
14822
1000
16594
14615
22535
157
30806
4821
8037
23704
10939
14306
7533
12916
13063
25704
6415
31517
2576
22475
7219
32605
32553
4573
760
8639
20898
947
5701
14798
14443
7096
9127
1073
32107
17348
17397
22985
24562
20552
18749
28646
14897
16110
17273
30319
18756
16608
27870
14993
14566
12166
22861
10240
19259
18468
2846
7997
10689
23228
8762
27361
31500
29551
14648
15289
5203
12043
6636
32754
15613
22117
22212
31573
11232
16943
25955
32727
21632
25657
1451
21623
1192
26958
11260
25445
11588
186
24061
12136
6809
25379
18969
29220
14179
31921
32707
3020
8367
4354
23512
5687
15785
20381
10434
32193
23289
26575
9432
1744
25463
29668
15828
1645
1695
25480
15863
19797
14588
27685
10854
18354
15669
12802
31992
14784
17754
25816
30888
13111
6318
7394
24536
4338
21205
25366
28651
28235
10912
6907
4892
24070
2014
18461
11069
3015
31966
29888
12320
15494
10483
12226
4182
10902
10129
29525
11982
826
29813
32128
60
10632
29289
9193
24189
10705
30994
19013
8429
17968
12145
32241
13753
18010
3184
18524
21760
19227
3633
23523
20435
27717
25134
29056
22999
31988
13486
11381
23895
22056
13029
666
28874
4458
550
13003
29956
8330
4976
15096
17060
14818
26949
27180
7446
16890
21454
14817
3940
12801
2403
28976
10189
21395
10627
10719
9145
5647
29100
4438
30947
18086
24729
23
1195
15135
9033
17473
10830
14408
21006
20644
931
335
10895
15870
19489
16747
31255
11937
10235
512
2102
21775
8328
31848
14062
6404
32190
7714
29021
20963
27333
29186
11374
6440
20321
8023
22583
8994
15161
27189
23772
12627
27397
14749
7242
1928
5068
3137
20886
4379
22196
31609
30659
20681
5788
14430
24167
3776
14208
27658
25239
27047
31361
20654
4440
28257
27193
5546
10576
3576
28544
28063
16472
30480
31500
9788
28174
31722
25088
17265
27584
22253
12620
15565
29140
24162
15284
19685
32060
3006
9393
14398
13992
1669
22056
31259
8999
12159
23551
31944
26854
64
3024
16970
21467
5615
8438
7468
31821
17714
11180
28419
1628
21968
5605
6911
13958
26675
4538
31767
8573
28882
5252
9847
11201
25129
10068
18248
9335
9520
6286
20575
12425
13506
24766
8312
27421
4357
698
12976
32582
27991
11425
9782
20910
16052
28823
28485
15423
28893
27696
8036
31398
28977
29630
213
24293
24871
7612
19412
4989
5052
22537
28888
16815
28776
6406
7710
32387
32312
15752
276
27783
22042
31791
16465
9695
5022
4000
28639
14560
11310
18337
15395
27690
27824
25093
2190
27934
10459
25613
22567
15260
16483
28308
3201
11188
2915
20880
8877
12799
12552
16857
14180
20598
10470
18507
1246
21694
9950
2995
27139
2187
8948
26532
27105
31596
7939
18632
27425
2885
6982
21310
15285
12198
3443
13763
15575
5454
21055
24781
27385
22050
7701
12758
9965
12112
31875
9941
15304
3123
18023
21942
20713
13525
23326
14648
22979
27706
7062
21670
5121
27640
16252
4975
12564
27788
11825
18667
26821
14522
1440
7320
24863
29402
2446
28688
25015
32129
27073
19474
2269
9008
23253
31282
9713
14334
19187
18191
26050
21910
16139
4383
12176
15590
27596
15067
14143
13476
22078
22150
14541
18154
32734
31625
11449
19443
6209
5964
7263
20527
27602
23451
23918
9587
20724
7862
3040
22246
28428
13812
26556
1954
20751
24168
20791
10097
15701
29925
8774
26354
26391
13603
25637
985
20139
64
16549
18277
25186
15139
11012
22855
330
16647
2459
22978
5972
21333
20364
15561
29022
4681
7035
31340
27402
240
17551
10480
25953
4153
14966
23815
10790
21914
5437
572
28808
6959
58
14326
10593
18008
3738
31857
10615
2786
22459
1164
9907
31782
21830
5812
20396
18556
769
23263
11790
16454
21375
1424
21557
516
6096
6215
31756
6412
9259
13436
23551
1227
23829
18930
30061
1884
22012
12686
4543
18392
23271
13327
3733
3184
17133
6656
6013
12863
32387
32408
22146
19818
12551
30396
28211
3183
6268
6885
22846
9953
23136
4135
16042
15220
31225
28148
21132
15214
27902
15038
20796
31653
14711
31767
30647
16140
29725
22044
28918
23950
14833
17710
8721
23834
12720
30354
15149
22479
9788
22813
18521
3381
26930
30835
32578
1919
27679
7727
25771
16580
24895
4611
15253
27249
21167
2050
4701
17011
26787
32204
14674
30439
32481
7837
4477
27595
9953
14305
29017
23970
25051
5853
14331
24826
3785
20917
5847
16633
29558
26843
17956
2975
10676
7222
19696
23967
4985
5181
29349
1095
247
10606
6152
27369
9646
6319
19676
15993
11079
25490
19510
15947
31767
6583
24692
12981
26200
15394
32332
3274
17370
29716
8833
2137
13061
19504
946
24023
6261
23074
12188
18534
16374
1661
14341
4030
10486
27674
30860
31331
16265
2217
17667
807
9891
17551
13673
22956
30284
18618
24393
26511
15346
12759
20195
22121
19014
25377
20240
26712
8318
30831
4074
5956
12344
162
18706
32642
29723
15120
21217
30788
23367
20394
24049
19172
26775
17770
3543
22478
23179
11751
26382
25968
19438
15718
17637
14250
19816
16845
9404
66
5669
1471
5624
10927
31269
13963
5700
8320
21780
28525
10406
26200
27913
4436
23898
32602
15477
32152
19503
28135
4212
32679
25249
678
3555
1444
11429
11283
28804
7612
30847
9525
27521
14369
14416
22423
18041
3092
12541
325
31464
24161
30220
12573
15516
25301
12529
18032
8969
18042
5115
31221
7363
25967
6727
2369
15455
11744
2037
7861
20142
14092
6725
28210
21567
16378
26830
30428
14908
23698
15983
10660
2873
29418
32587
20298
9174
25263
29581
26549
17672
22056
31209
29093
17669
6529
4941
18363
30223
2339
13556
8500
5094
332
27905
9787
7291
3573
10992
18479
21994
8863
20845
28798
4638
18489
21602
18494
4331
31258
414
395
2456
6653
29605
4070
7429
27611
17323
12844
4651
8043
18847
6705
21610
20435
21395
31652
31088
19667
21807
13459
18232
22196
32074
13554
17813
23244
11383
23283
13341
7056
13384
12074
3757
21592
5586
26697
25831
5778
31559
9161
7921
1837
24855
20369
24407
27613
13084
5953
22951
10509
24043
3288
2975
8198
9905
30882
8317
18189
18824
11488
27608
21157
10515
25909
7676
16620
5148
1774
17196
22700
13042
1094
21528
7208
19757
2006
16998
4425
9304
13826
30634
4729
110
24566
23191
18932
32541
187
10946
20880
8718
31743
21737
19988
21293
3043
6517
11388
18139
2855
30011
18765
15095
21843
5908
30319
12639
6522
29753
6332
13537
31973
20858
23270
22582
6663
5859
21108
31841
4242
5045
31315
12364
9581
19672
6959
22964
4966
17059
5202
18022
29383
7315
11218
11210
13769
23919
26651
29288
23163
24748
30977
31912
22157
3635
2749
7510
6514
18385
2633
27468
4703
15048
24313
894
4119
10852
23325
3189
10808
29115
26553
18206
20379
26083
15161
27192
14269
6822
26166
12323
2211
21968
32110
30363
25834
3905
14083
25139
12618
10687
2056
5417
27447
3265
9914
8893
22881
15797
1728
20660
32295
1897
10840
18916
14360
30911
25548
8792
3923
16359
7483
17138
22712
27904
16877
24196
20151
2415
5858
30957
27335
31084
31707
4783
21356
1841
16291
17382
26
23638
27449
9131
30939
6251
16582
24096
12396
23388
7855
11280
2517
20684
14320
17985
30468
1632
10979
15380
30452
18256
6843
14538
2525
23388
4953
23956
29209
2873
3611
19259
17233
11069
24170
18018
27404
10553
5702
6261
1695
3167
24693
20012
25443
20777
13809
12483
2531
19267
21853
9728
2282
30184
10135
26776
31159
9877
18777
14903
17622
241
27877
2735
16618
1646
30404
25405
23655
6330
2411
7569
24274
2322
10300
19233
3814
16940
31375
31548
23114
22553
348
32738
7006
25778
3753
17871
28333
18844
15911
8283
5210
22701
3587
11288
6658
11520
9040
10718
2049
21406
1455
24410
26468
5577
2529
16149
19144
14554
5134
26268
11480
28311
13470
11644
32640
299
19819
867
5745
6452
18320
3832
23614
13870
15977
12477
31718
23900
24972
30732
5587
30794
7733
23821
11718
25197
10934
20999
9870
1998
13059
22016
19505
22414
801
13887
7340
12547
2523
22892
5697
22884
4413
1505
7468
23358
1857
28730
10821
26096
14916
25978
1081
104
26800
11041
8782
2200
2323
1089
8308
24722
24318
11718
29385
2709
5392
4606
2767
18485
26751
3222
7725
22612
8052
8340
12618
18692
20323
3887
7390
27219
14964
20577
13888
22332
22524
16296
307
4858
12961
7268
14440
28111
1817
14340
13095
2342
25502
21692
15630
13518
526
4803
24039
8049
24235
28787
18331
20692
14091
24043
16331
31823
19047
25865
31175
9800
6462
31296
22495
12731
5827
10426
28089
17604
16794
5873
1333
1535
27175
30388
31214
7548
32213
22041
8622
19315
12368
31078
24026
25799
4962
20757
27738
23116
31665
21547
12145
20150
26464
836
3912
6172
12954
18817
22153
30481
21550
28620
27634
11913
23940
13779
20858
21866
25652
25409
32330
26512
19926
21439
23834
5454
26316
12633
27346
11109
15980
18220
15448
31397
13691
15166
12965
14471
20810
31163
14779
24311
413
12551
28075
5927
11723
16065
19696
22238
14939
20403
4428
21282
120
6419
31480
22877
17353
175
7035
31151
9421
12878
29046
8804
2490
19529
5571
4037
8673
5840
29960
2913
16489
31836
6614
26658
22046
4014
1700
17613
7628
25434
24413
31097
17584
15325
22599
27324
31081
12806
18681
2275
17067
7144
23868
22503
14829
19474
900
28282
25467
25000
10465
6402
12035
13682
11540
13389
19380
14756
545
28204
11699
28206
16184
9927
7674
24196
2249
6152
28301
14229
26810
26008
3178
8347
25725
8803
23891
18944
7567
27265
31300
15374
26307
14644
23852
16810
20407
7900
20536
26785
17213
5424
18015
18913
32655
12038
23700
10732
2192
902
4575
27968
16456
2398
19574
1589
16009
17866
359
28578
13309
28369
31804
4502
18362
21457
3598
26993
19592
5612
32281
28397
23024
28552
10023
7683
29896
9033
19522
10402
23797
8376
14426
16787
29383
15125
2052
25919
22697
2970
25474
17810
5704
12081
4853
24991
15170
16339
29765
9711
5203
2400
16817
32607
22615
5230
1029
4358
23209
21348
8975
23074
4063
10385
5488
18214
27486
9076
29476
23969
4992
31146
25135
14338
23790
24431
19129
3401
24040
26684
30572
30777
12165
5334
3253
7562
6653
1457
1329
31713
11208
12975
12439
24406
11503
15024
18564
7092
31077
5097
27907
5472
6834
25033
3570
18224
31915
26988
32689
4449
12572
24125
12659
11094
28615
15364
23573
11963
5931
25758
32207
25415
31863
6953
17278
24979
11891
21565
7540
30057
1794
26524
25009
28283
2918
4889
30299
891
17806
9314
30769
4291
16885
5182
13891
1471
27301
14931
25548
8735
17161
15992
1051
21312
14002
8733
25247
29383
10127
25747
10161
32032
1818
30138
25725
4501
30135
25810
14997
19534
15628
6607
16039
29200
12622
16340
12265
4440
20002
29214
24417
9579
13019
419
19147
6723
24165
2175
4386
29020
28033
31410
23061
27918
23683
19527
3016
12168
22899
20524
20334
2900
22016
16488
8962
2734
28300
24583
17926
21107
17501
30505
31823
20193
20700
24627
214
4391
15850
30438
7698
31243
15097
23855
26509
3167
22348
31481
9077
6420
10832
14323
31074
23851
28176
13098
23270
29402
25989
23735
4954
8276
8330
2304
31735
28468
25444
30165
16178
2273
13892
2145
29062
13504
19381
8041
22199
9640
23154
20280
3923
15448
24349
3332
21317
13002
10947
17755
30466
27993
9182
32059
27146
22865
3222
4696
3186
25928
4516
28549
14532
31989
1555
1824
5665
29938
26253
29233
11479
8258
6827
2097
7372
28616
24515
16837
12628
21375
1710
10567
16898
19036
7377
3558
21313
7101
27050
29534
21045
28720
3410
15247
21863
9419
23550
23662
2285
7840
29608
28360
26415
31443
22256
23235
30586
3539
27141
16494
20071
7662
18439
25686
27147
5650
19730
3109
10173
1923
18827
1085
7564
30954
9903
22599
24150
9828
17385
7647
19911
3928
2882
14955
2392
18437
4574
25207
16316
32175
7493
26515
12875
3602
1058
8072
14324
15266
14855
26065
12832
4598
29072
29513
23819
22996
14040
20647
19477
17622
5145
8122
17172
8966
5181
2764
13418
21360
12397
6745
30842
17697
20354
14313
30598
18782
29708
5567
664
30457
8931
5413
32749
31159
1184
18794
6226
24804
23946
11577
10421
22024
19051
25342
14364
861
9794
3723
30639
14219
25490
11584
5891
7582
5240
1616
7981
27480
15625
21364
15770
488
27016
14896
18991
3713
22316
15925
26640
11369
28769
18036
5510
19254
32125
26337
28252
1740
27037
2151
31445
3958
18843
5470
2830
31297
4214
2939
2559
30237
13475
24924
3602
30342
5699
25665
8034
9098
522
7977
2762
31662
5340
15325
29850
30581
30586
8671
1015
30195
21637
14386
5078
6346
19343
18770
24302
11631
11517
16588
13011
27981
2012
10321
11489
7217
10388
20047
17671
8027
18754
25084
15064
25094
21147
4122
21777
6534
27620
30433
1345
17818
22545
27535
18433
29342
7513
31491
8753
31219
26058
22234
13252
17793
19702
29522
14978
31362
15884
21037
10413
16364
16372
31882
5180
8116
11870
21787
12648
23734
3585
7713
19288
8341
19325
9293
22917
26856
2909
20099
22065
30812
814
29516
8740
7715
24680
6847
13674
28897
32672
5422
12279
11866
21557
5830
16956
18885
24287
19663
29424
4175
3827
12441
20621
11706
23108
27148
31827
1925
32668
3452
6845
12962
598
32410
25123
6887
29400
4075
13950
13421
7302
22789
11500
28341
27594
28204
19940
2971
12522
30875
25392
14083
30850
28284
13510
21622
13908
9098
27207
9786
28890
7988
14970
31941
1956
30836
23002
9300
24418
28985
32548
13865
3226
7694
19597
32097
16575
30275
54
30941
15075
27220
27162
2992
1159
30028
7480
2361
20955
21943
14738
31284
10928
12393
2988
27049
8154
23969
10734
26821
8487
22830
10451
26341
26826
17271
26921
23556
25477
20742
768
5347
32715
5201
29342
12828
31134
14150
591
28293
12737
11700
10990
11140
15614
5051
11207
13454
3749
8412
203
13090
16718
2098
15932
11193
11226
11073
2957
2361
10072
15368
2330
24917
24821
6169
20046
5394
8781
7679
8729
27083
24630
17219
16845
12683
19041
27245
14031
2229
16636
12210
1070
9805
12055
11641
2930
12404
25213
10006
26956
23037
13388
1901
16134
24114
18382
19856
22853
5507
9115
25810
24383
15878
11957
13780
5638
4602
2524
29842
19164
2995
20839
31867
19134
17296
30565
14771
20917
30661
19662
9560
28444
23153
20765
4684
28622
28326
11857
2234
13779
27641
23274
25822
20079
4827
1986
29201
31037
14352
28143
1624
14062
1211
24143
16202
19544
22987
18596
12398
12228
15801
29264
15673
2159
23564
15767
12845
29021
20439
31815
14202
28385
7219
2214
2807
2939
25972
31143
31178
1258
29235
5593
5718
16837
7520
13749
12916
389
25963
29948
3158
4045
2163
4398
15209
4167
26626
6554
4859
27441
12173
30788
2587
7364
24547
23817
16019
18695
5297
17639
24201
21081
7412
12824
7777
16988
17986
24272
26593
11733
21895
15583
4502
17976
9694
21528
5878
6059
32139
1372
4542
10606
11615
32268
31279
26758
4618
31969
17352
20741
21192
8173
23403
10743
26487
29027
22700
22053
15795
3092
14212
27756
31892
12593
12059
22408
30217
29389
10457
4582
13311
945
2109
5096
15525
8504
2372
7152
1350
25190
18540
28749
6833
9613
4468
9010
23510
4192
20926
15864
9333
22323
3492
16684
30312
508
69
28749
29409
19237
3737
4678
31102
1081
30947
11917
255
5947
19120
11282
28486
528
9055
84
13354
20907
846
20700
26348
20483
8051
855
26118
14781
20409
21069
26440
19606
12962
31649
24189
8384
30261
20279
27836
19764
14644
12166
23941
31295
30492
721
16520
27632
11042
1653
13959
31371
3982
4107
32118
32132
5860
28692
2302
13148
8944
457
28715
19329
11320
23733
10110
27590
24261
4191
32295
31821
18899
29958
271
18175
17114
17810
16712
3346
15864
15891
11979
14610
3615
27815
7858
886
26407
28350
18147
956
21569
12943
3637
2141
28083
20966
1294
9454
20774
26891
5502
19237
4083
19243
8544
24642
21215
24236
15433
31784
31272
8028
7000
23226
8146
20982
17277
6672
13315
543
1042
26059
14231
15810
10700
19985
3342
15397
28427
24084
18963
28573
24936
15107
31870
21250
26999
12816
28715
25200
20973
26113
6095
15806
12224
3942
7718
3398
16424
14002
239
27667
32165
14442
30688
23755
23551
638
19166
31204
13043
9540
23674
10671
25768
7125
23612
16464
475
12116
3628
13164
15144
24983
10015
9282
4563
20956
28380
1582
21243
14804
27390
31678
21147
24682
2335
3908
23615
19987
30373
2586
22639
9617
12341
1509
14802
16962
17398
606
15627
31274
31053
26469
23273
10358
514
29556
30025
18334
30382
22763
32613
5098
12524
8035
14711
3770
30564
602
5752
24302
5906
29553
12222
16106
11734
541
2981
12277
19900
7629
10204
2890
25381
25708
9436
14175
884
25921
24733
15679
7947
10776
20125
32006
23400
17366
26742
15585
4122
27867
31418
31394
31198
6469
12666
29608
17026
16173
32189
20861
1999
1054
31824
13177
32726
28180
11781
31331
8860
29951
14270
16452
21229
2920
131
15790
7880
10184
3995
21670
11270
3922
29871
19071
4646
16034
16081
24431
11349
12413
13886
27131
10085
30687
2774
2822
30331
19104
4375
15439
12547
2770
12108
26929
12401
6211
29610
17428
15059
7180
32310
21061
32583
22112
2810
16926
3423
4415
24585
16295
14294
3601
12955
14354
25061
19688
25888
15038
26432
25295
12685
23704
18378
18304
26433
2707
25546
15619
22211
24710
12831
16995
10307
4833
10235
28477
20462
22546
21446
10063
24953
4714
6683
12200
31362
13528
6695
18733
28856
31688
12941
31431
16959
21829
21013
4994
27725
1008
20362
14306
29454
24260
18361
8513
24246
21140
7618
24411
663
9490
199
12624
22346
31690
12156
9825
18628
27571
3571
32455
28649
19901
1139
28082
6880
6388
29838
26766
1552
20173
20135
26252
18116
10444
16938
6022
4490
18456
17571
21022
22739
12551
7234
28569
26401
27829
2376
8239
14875
30859
17422
9220
9889
23984
10747
20069
32006
27251
22984
32296
18547
5198
24300
12477
25909
8746
17889
1761
15067
9675
20591
24977
20143
1316
20582
11161
3446
31723
14386
14182
12797
10237
9062
12461
24550
9640
5474
12504
21222
7689
1243
4178
13974
1464
12437
10780
16629
22207
15218
31436
4482
17998
27199
1661
19340
10506
2954
25239
23144
11355
19141
28064
24356
30407
9547
1257
8380
21276
3451
17817
4276
28754
25330
13499
2880
20393
2980
23051
26052
25060
571
14324
20178
6266
5603
9618
27182
8827
2861
1947
9953
13290
32634
17512
16710
13774
11762
15105
26582
20466
26037
27505
432
6436
21050
12541
23365
15363
3809
13285
14970
29939
9035
22476
15697
16475
18015
21439
25405
27374
29023
20237
1109
15206
20838
19740
5306
31200
12059
29102
1914
6416
2870
11951
7897
29272
14204
25943
31404
21749
27515
13560
12231
3847
24276
28714
4299
14479
23552
21591
15901
13707
1020
14417
4126
31618
12828
3027
32754
12753
12155
29507
23635
10625
896
308
8613
3564
9297
2576
18686
20249
5596
32083
31813
22356
4338
24009
24419
4972
27030
17840
28594
14452
2741
4252
20517
25642
11528
2906
27998
26823
5090
10649
17356
20562
1706
8710
22949
1911
18250
6759
11988
11863
31673
19622
22811
11977
22140
2687
15148
3420
26375
12304
2076
14431
14155
23798
26380
25807
8937
16775
10484
21442
15210
1061
24124
747
17690
24958
20607
7012
30468
185
6516
11276
7382
22426
27561
588
30223
4044
20114
405
11279
25598
1781
31365
31372
23362
9976
10445
23344
28383
13185
6058
17336
755
26916
24406
11983
18537
9964
11496
24769
27138
28578
10580
5641
18820
21015
12589
23269
16647
797
6712
3413
4573
24805
13120
32425
13783
22764
6939
11772
21948
1612
8453
10065
4580
24169
27356
13515
15211
14395
1426
23643
1752
32577
13493
9791
16409
729
18218
17519
9160
23840
13697
24761
22410
17552
28869
23237
26423
31603
26265
26140
97
5257
31662
1089
7499
24666
26455
10369
528
8731
24209
10564
29631
19924
28420
11131
17697
20154
18817
1652
29779
9262
30927
7581
1877
2056
7712
3303
25142
7249
17635
12550
17413
29227
10922
15958
13156
3518
23498
28135
13925
19543
1812
606
2271
15283
737
10122
6308
30201
30542
20562
5226
24690
4554
16057
10488
20974
3285
15045
32409
6341
21157
28660
16580
20276
9066
25206
44
1336
27086
30047
27671
12075
3226
31421
24887
4467
20645
11339
15445
18825
26212
31231
31773
8506
2911
18251
17262
16252
5832
32202
2655
5558
2548
19010
21833
26537
14155
16463
18390
31593
31512
9942
21276
2761
18860
26102
21299
3158
6317
16083
26129
3418
14578
25918
502
29153
13225
24594
25166
3539
18930
1901
13006
20728
31263
12045
19693
31483
18648
1063
23738
29645
18254
4518
18011
17484
3682
7105
30085
6947
28904
27244
11222
10965
11882
25484
20746
1286
2890
24576
24769
22520
8886
4517
8494
1137
27632
8251
12883
13686
306
15824
31901
31017
7111
23486
22221
1103
2407
1511
23957
32764
10910
18205
30711
6966
10849
26969
9624
18474
3286
29370
26916
2045
9852
25732
25726
18943
11096
30991
28875
27864
30951
15472
2527
25851
22313
1135
25817
3866
16524
17369
9235
13066
29916
22340
24186
16723
21495
22841
24071
30405
10574
28489
16260
14410
18674
13211
16792
4890
20167
11194
26305
16279
5635
25641
31306
27238
6569
21235
902
8558
25130
26492
12071
174
23056
4538
32543
5356
19251
18905
30193
22721
2518
28607
14042
23949
12593
13971
9767
31451
4378
3240
15747
4058
31631
7178
9538
15786
16665
30115
31240
19585
22403
32259
8760
18750
19735
16197
5424
17641
17433
26633
24188
28937
21204
12510
29001
12021
6615
19306
23766
12712
18783
14240
5995
4354
20735
20294
9046
14453
14720
21446
7128
23139
16638
10785
14732
20516
4206
20783
2039
4080
30679
7628
1760
30915
31396
26596
28218
25017
32404
26625
18417
27705
21942
16580
13704
20345
12545
3005
28846
32684
13064
30674
13045
19431
23533
23427
21277
23583
12834
29619
12174
17495
30377
4499
5947
17632
999
3002
15381
20580
12530
13357
6098
2254
19951
11191
14807
5040
13242
18323
19689
30899
31798
27717
23357
23739
20441
29712
30569
20219
27891
5807
29865
13193
11871
4549
30141
30009
19184
687
3279
4436
19674
14288
29395
18182
12649
12513
8411
13649
2603
22741
14607
24151
16992
29724
10238
17709
14414
16182
19684
15729
933
27884
16918
28667
5501
31654
6766
1249
32664
2406
18976
19930
17009
24979
8814
6706
31662
3791
27784
9804
7465
15943
17438
27343
29482
1007
31432
13727
13087
23876
23681
25556
14290
30737
48
6000
1964
938
17073
11230
14857
20409
14255
32092
30163
17047
28611
6933
10730
5467
12867
32569
11025
2402
14844
6036
17461
10686
8324
31819
28601
13290
28364
18409
14318
11610
10395
310
18527
6747
6184
4501
2854
14196
29503
25941
20653
16067
4920
7809
31775
1876
18079
19891
19887
21809
23502
26773
21359
24202
29898
16232
3354
20607
1836
11984
4411
5915
18629
13433
9076
22029
4495
29000
21888
8914
9854
21118
28572
5726
16104
19671
56
11837
1124
31205
23873
8634
22638
18985
2608
2714
15132
20916
12485
12631
25787
28657
31447
25468
1440
1708
14709
24301
29244
28272
16334
18029
29769
7548
3909
15809
27543
25262
25870
19331
22476
15215
11248
25146
27875
23123
13470
16020
1008
20837
5770
1164
20285
25495
32478
29937
19053
31743
23950
21285
25171
25718
14660
24457
16435
353
18499
1235
22940
23281
19015
8127
23140
32179
8390
20346
29713
24819
4031
28569
31739
30797
24671
16796
17589
26089
26621
17344
17556
9806
10067
25679
11515
15882
18311
7367
6933
13241
30205
25191
5856
4184
22405
649
8840
27678
31770
24228
1879
773
28394
8356
10705
32421
23578
31341
12942
24677
23290
8849
3626
1998
2162
7754
21571
8650
4792
6262
5149
12599
24079
25998
658
4538
30285
31891
15815
5325
29684
24830
27820
15375
7329
24901
21250
31628
21240
18101
13235
2906
335
11184
32456
22058
10717
14681
18652
13950
14873
32434
30566
7471
12878
19301
7449
11159
8746
20097
10846
23279
11652
22569
18446
18834
23188
380
5802
9537
3416
12738
967
19277
31840
17382
21177
6263
22026
29043
3968
18303
14155
27608
30488
1974
32083
9896
5820
17996
22230
21620
17494
10802
32423
19098
7608
14419
5108
19690
18451
12027
7653
28050
17581
28015
15955
25518
21881
7956
31599
28431
30862
22395
5619
23417
14328
18063
31460
11297
20859
1188
11
1073
19282
19258
7208
17225
4115
30022
31621
6798
6553
12101
11640
31174
21540
20471
11177
6890
19861
13120
27781
21820
31101
14215
17790
31976
6958
1787
9409
21480
21806
24988
4028
15303
13418
24973
7197
21706
15957
3257
28845
3515
13834
4665
32465
5904
17016
29732
8366
7399
11677
24940
15492
12007
23913
15217
20027
22226
14631
25524
29496
6253
17723
25993
8835
29256
8409
11364
11896
26311
22515
18948
31392
26277
13240
20591
22288
1520
8243
10012
22211
21667
18487
16577
31853
10861
4674
20894
7069
5141
19286
22002
12021
29788
31827
32655
17518
18162
28103
31509
23941
2571
4913
5320
31395
1633
3421
29393
14539
25638
9628
18664
21526
15503
11352
29889
29904
24769
21812
3124
29870
30350
2109
9731
11849
1562
28845
10560
20765
28343
21340
25015
3577
5764
32447
26829
14271
5888
10522
5030
12814
67
30992
15752
29753
26982
32426
3704
16400
12866
14080
8229
15178
17380
28279
29140
22660
5935
25427
4037
6776
2021
31003
32611
2988
3653
5432
18755
7798
8665
29606
29333
24614
384
7728
7438
12238
16924
5921
10976
12691
21177
10515
22946
18946
32733
12194
32580
29141
6104
15530
3998
4913
20332
25742
30100
3511
16147
21548
20745
32694
17803
25394
17506
13848
4280
21635
7852
23785
5467
17704
30413
26490
22067
31977
31897
27570
12895
15189
7004
3458
3859
23036
20525
25456
972
28369
6716
5505
30060
12834
11714
25414
12975
14879
6400
5901
1830
10290
12915
17396
28655
22205
27368
27765
16099
29925
15572
19921
12821
10251
12331
6559
22062
11399
9639
13010
21026
4954
18529
4423
5606
26239
29587
25060
25045
16550
11131
14613
15680
5028
13325
25705
21022
2988
27740
15732
18894
15479
18373
30019
12710
16437
4885
31019
9770
19984
16665
28842
19830
16582
18628
23907
22841
29544
22322
14059
17889
22398
19362
13366
606
11113
20521
25650
21239
30845
6439
30682
17211
30833
3118
17158
30399
11248
20228
11485
15152
28754
