15261
29299
6612
31538
15220
2166
22434
7586
9735
28257
30229
5966
13860
4940
7762
22162
12117
21359
25981
8471
12251
9819
29571
24804
21862
24258
25572
19610
12463
31095
8123
30452
22770
21906
11932
22785
505
16046
28098
31031
24324
16687
12282
26617
26895
10174
20808
4876
18503
22452
14968
22140
3351
446
12011
8195
23260
31087
7829
417
13915
23755
22101
1367
28875
27103
2180
28114
20911
21850
22476
19477
20737
22395
2442
27194
23977
13679
14458
7257
23158
7326
27478
8292
20126
16366
23867
4674
22362
13143
24674
26845
9720
4166
9389
4937
21226
19206
15963
1173
2266
22627
6546
6987
5365
1242
15986
27625
13818
29631
8607
31889
23633
27889
2100
22492
30293
30473
8289
381
29530
22720
23956
17483
25736
18614
23847
26526
28407
23482
26817
12017
11756
10110
30025
26975
11666
10722
4220
26646
21296
16634
5024
11994
9151
29094
31098
25589
5133
13061
22296
6957
25031
31906
15527
13093
25801
32071
7535
12252
22728
23772
12951
11892
1522
28576
17765
11698
21438
2625
4027
32721
15671
16933
20751
30964
4024
11075
25899
5882
8136
12862
11883
13478
9003
2232
3592
30202
19557
6035
25046
18952
10571
14595
6412
1684
5845
13249
29114
12495
5905
11815
14102
9627
11897
20899
18346
15950
8201
577
11225
25674
26928
7714
2404
23106
25670
2384
9898
4967
1059
16186
9593
26813
4703
18050
8528
20709
5468
27490
13439
23184
24985
12244
14941
2095
28545
13579
3102
17852
1524
11161
29429
28601
12748
30351
31711
10133
20222
21511
19798
4072
27938
5984
26132
18360
19774
27836
27106
12248
11523
28963
2656
23988
29798
13140
3256
19483
23427
10378
16228
30181
23984
9722
32357
18936
2153
25019
809
18865
13606
8951
11401
10367
22253
276
29608
27103
20096
23444
10
15918
30756
11605
32665
18170
30929
5117
27047
29453
8266
30904
13850
3511
18050
13268
23376
8665
20010
466
16751
7899
4959
6952
1901
24790
8774
32643
16599
4078
8506
2655
4939
22187
9977
30917
7946
2734
32236
15095
26933
17947
29913
9751
31617
5015
26007
15841
20084
20220
10121
16615
23286
8596
19343
28575
2916
30293
27501
28231
9881
19818
14872
6981
10928
13834
6619
18736
13236
11488
21602
5315
26210
21733
11741
23004
13738
23637
2696
3926
5337
26915
9160
18865
19166
406
28552
27893
2386
1428
27225
20125
24882
28096
10661
14179
8759
28755
1478
14899
15156
1731
9067
1263
11409
5751
14296
31797
14714
7235
16784
7456
15621
27077
8743
22760
4334
7956
10266
28657
28571
31966
6458
21851
2052
25271
14032
14142
7444
25345
2726
17498
11005
28178
14048
25309
28266
9106
27185
955
16073
22011
8013
21354
6157
18462
30160
29377
32483
9391
3339
446
12065
24297
20689
26430
19244
25402
8421
19912
21214
12863
1086
12621
24193
2738
26595
12260
31331
6663
25124
21413
10783
11974
27126
28792
9506
11455
30388
29249
25639
26276
28550
26176
19040
2055
17156
67
31930
29787
13876
15824
30070
16504
22407
1229
21448
7443
2648
19475
6428
13868
11833
28962
5987
9783
16649
23077
30959
19115
24435
16681
4476
4315
27181
19918
15111
8282
17216
21513
26666
31035
14194
27976
20901
26128
19140
25749
15834
27338
16884
9217
30478
806
22033
7025
19413
12706
17067
3891
1311
2543
556
29791
10198
1806
22918
6840
26388
2885
1677
25925
25244
6366
26698
8167
11712
27845
12989
20765
3122
17867
23489
8692
14751
17077
8118
2176
16853
15193
27939
25430
21308
10940
24567
30319
13353
17426
8809
17494
5567
25463
21489
11415
17356
10586
7605
7168
6888
13526
1462
5594
17313
23981
13530
12059
13083
26658
26888
13906
4088
12889
11320
16602
29502
7733
31899
17526
27047
29345
24356
2545
28584
9155
4917
18090
7618
19705
5579
5778
10404
18799
18413
21343
17188
17415
627
6383
9802
30978
14467
17461
16598
19486
30820
4402
9460
17423
2665
10003
5713
25970
28929
21988
14747
5884
19282
8705
14418
12014
22041
17838
26034
10535
30044
10558
24333
27553
22074
13131
22896
8651
14521
19767
2210
3665
12814
29031
27715
19234
24595
9405
5504
9839
29496
12748
4259
25062
31462
26916
1798
29257
21252
731
19293
30109
24113
16129
1523
23091
30365
30081
7576
14980
21562
24444
4700
3483
2216
1522
6380
30290
22125
19288
11271
9091
10446
10436
4997
15680
1674
783
7289
31342
933
2600
6015
23101
31283
23341
3029
30839
10022
32127
23655
11447
21203
27000
6124
12306
6782
8787
16518
16978
28994
32103
20324
30796
27130
23563
10543
7548
23477
27455
18606
22043
21676
3400
5190
8544
30126
10484
27795
25780
4319
31412
6555
12382
3403
25782
2138
6801
24104
21686
6118
20022
32196
1461
1944
20123
23347
11891
18266
12815
10539
29385
11706
16717
25404
17402
1272
29643
13876
26543
13368
8930
16627
16758
27354
13429
18114
3549
24611
16680
27819
8176
2933
22090
26147
23646
22374
1869
11475
30077
3779
26919
16133
10055
30228
27309
13582
30594
12239
29357
24184
26679
12115
19780
26390
9244
29592
8218
15717
802
20866
29274
13964
25615
13966
30447
31803
24874
13707
31469
11088
14871
25156
5756
22981
23470
14816
17414
9067
28263
26222
3297
15647
31774
20284
3057
15958
16147
11931
3198
18146
20382
17575
25681
9717
12537
23735
6249
25607
18753
5596
16665
1657
14611
17862
9802
4518
28720
5144
30272
2307
22271
9528
10621
6076
23674
10023
8482
1546
8292
21852
15915
14450
30825
4601
18301
8820
7243
19755
24279
16007
25691
12538
6137
5801
28138
18422
15857
26879
30402
306
21126
4021
26862
14173
2656
80
17693
18510
15120
23024
24734
23206
8887
20050
12173
9616
26972
14110
17437
28279
5452
25786
12700
9302
24486
14968
22161
4962
15875
29267
83
3356
29506
8636
2413
30765
30773
10008
27618
25731
10417
18395
7685
9332
28630
9852
21733
10543
5160
7575
29751
32563
4669
12138
5420
19881
22627
28285
9801
19701
10824
9832
9315
7239
21242
14465
18694
27226
27217
18626
28778
24687
21084
26298
30914
23846
2493
10789
6104
8385
7083
15547
23282
27028
9101
11471
31590
3314
7197
28274
18492
13714
9375
28656
20441
3149
24666
32735
26490
17893
2190
24288
27913
2424
22408
16895
29603
29146
21018
24463
24772
7788
5573
2077
25154
9502
3146
28979
27896
12919
17741
376
12966
27641
696
18794
11333
2259
3262
14856
10225
26424
12479
212
8772
18544
31974
8252
31063
28455
11778
8961
25476
17215
3793
2582
21029
17815
25190
14218
6637
24499
3976
30896
12280
30199
29482
4442
1293
16640
15615
22235
29490
32427
16641
25975
4833
18905
5298
20985
21267
16868
10393
11141
18348
7059
11112
5319
28849
4675
14901
13713
4278
31313
7696
26237
19733
27593
30730
4797
2905
17170
29443
7596
24264
16338
16836
22519
18378
25172
17045
31088
29124
16910
20441
21494
2213
24762
10650
23482
26286
31195
16389
14552
18198
11755
30364
13055
10024
2104
13668
26094
7343
25139
18357
28796
32724
27458
3370
31730
2194
29689
32547
1302
2039
4262
10751
23350
22783
6822
13735
6990
28020
2094
20344
3244
11393
27227
7071
15196
16560
4487
27806
10382
11086
13516
239
3588
263
12172
27446
328
30533
2596
7765
7592
17437
28690
20540
24754
7464
23313
2685
23861
28176
841
32542
16269
2252
21200
7072
26286
19462
25489
8396
25247
25900
24996
5054
30277
30570
4975
31450
14565
30591
30170
2046
24396
13920
30098
2809
3324
11147
27146
31041
17138
27557
28293
13461
18241
21417
21320
30987
1867
3339
5466
2912
31459
8161
6307
16200
20530
11631
5096
10687
2039
2923
22965
14837
17747
5348
14818
20986
5940
4478
17168
7148
32578
6284
24556
12911
15413
24155
21759
29069
13822
4446
1761
21346
4244
12462
8827
31238
15558
18435
723
11697
28127
28538
28249
13370
27693
11080
20290
16811
25952
15817
2641
6855
18064
23593
26067
21920
13852
7597
6183
21880
1002
19014
4605
18376
25079
17402
6356
12393
25814
20696
14841
22953
2387
21191
17282
27103
23412
16353
32018
27262
20282
16268
9298
9021
8074
24094
16622
31212
20780
31474
22335
4282
16789
30882
9101
17516
23079
32289
32086
25721
2924
13148
5376
30432
4570
12799
31290
11309
25453
26122
22593
24433
10524
10850
11662
29899
6440
27390
26899
14374
1575
4130
58
13639
30590
9270
12792
22570
23996
1721
224
6568
8522
18607
4906
695
123
11225
31347
22962
24129
10866
19070
19612
26010
4827
17913
10111
10712
26927
14210
31056
7508
9435
26170
15274
24902
3084
10887
17971
23427
18747
31715
19318
28236
2948
9260
25718
15008
7967
28114
13075
17357
5416
17682
30471
12632
20521
3882
27199
28705
17539
14884
18369
28597
10430
8639
21128
9220
15177
25496
13058
1995
18732
10883
21866
26815
9807
21521
25802
23184
20781
2447
26802
13511
7137
539
29238
29999
11159
30145
4868
2630
12259
6083
18716
30604
15246
15076
8894
12434
165
30066
23048
29978
12767
29689
8086
22289
28646
8732
6281
642
16956
10329
16680
27883
28537
15716
13742
30285
770
11464
13615
26728
23649
7335
20865
18735
28860
5930
6522
28166
27617
15092
15492
8997
4385
14285
11531
21455
31472
23277
13851
21217
30138
12988
30097
16859
18117
31933
10855
28342
11432
6409
18493
19792
4138
32358
259
9107
24325
3196
30763
29778
3033
29194
18943
14600
4802
23485
12684
4696
3654
27778
3851
29745
24369
18899
29618
32237
29125
23860
22691
27099
28248
11342
25422
25128
2379
30228
15785
16414
9742
410
30623
12094
25240
7404
2000
16735
27828
29149
5277
29908
20282
16358
14860
16147
7622
24137
11860
15243
30005
12896
24865
24245
27116
20031
13519
9817
20614
18312
22323
11922
18051
30763
7251
21611
23680
12949
29717
20473
9907
26639
26457
8790
27941
14815
522
9083
13329
29229
10518
9594
9238
27417
28735
2295
11843
31652
29594
12863
8667
25353
6135
7868
30931
874
21038
4038
14672
3610
1114
27288
32585
28339
21938
26771
25373
15031
30556
23766
5707
15958
10472
22804
2065
17814
17976
13352
25574
12389
29875
27523
1859
4456
31822
5213
16696
27679
8268
6542
2543
1732
24472
8205
1595
12178
22895
13460
10651
8736
16014
11810
22266
4225
22715
12193
15262
8979
29966
9476
28942
1804
24399
23925
23317
7556
32145
32421
12263
12376
10897
21320
15974
18736
14914
28534
27173
21344
5345
3088
4070
27361
12332
15803
31223
4644
11081
32510
837
28652
8001
12253
5784
4363
8718
29840
30017
17358
12555
835
31446
12143
24087
2176
11927
24716
14090
18536
23737
11366
2283
20084
26308
523
18921
2123
5130
22328
23306
11054
13800
14700
6582
8068
23663
6414
12854
13634
16665
31357
28159
7820
15323
21084
15326
11870
21798
21217
31081
14923
17894
11370
4467
24390
14924
2854
5232
28359
27918
1844
2581
6974
24468
18830
18746
13988
29766
29105
14448
7030
398
14807
1334
26694
26800
18517
32413
7507
3218
26100
18701
8066
22453
29024
32727
10445
23267
8956
31627
4298
5443
3812
21659
13321
29408
7312
28507
213
20818
13828
25565
28938
5117
8428
7642
8673
1535
25869
24325
4701
13367
17497
2476
18704
25353
11870
22548
25891
11826
12550
16009
15056
28933
15081
14264
28439
1761
23481
30099
9286
20134
5735
28577
3766
6983
4618
10071
24861
31606
17452
19294
9808
10286
16035
28311
21337
13387
30965
18368
25317
26819
10354
1669
21484
24779
995
1308
5916
29977
31361
26624
30821
2865
27164
12853
1171
5462
26382
27488
11443
23201
13638
22252
19491
12928
19564
28544
1064
14589
8910
9700
29416
11360
7756
27114
9815
24854
18296
21510
1326
19298
11693
2368
3478
4885
878
29583
25769
12424
2639
27592
15668
17613
3974
20505
28848
3340
21923
24156
13041
12103
10923
29046
14172
13925
30362
20794
230
16986
30020
29837
3973
16217
14321
20491
19011
11017
5945
24128
1193
12164
14175
29056
25082
2066
30368
19215
26188
20372
13104
13167
25165
27603
1758
1893
11561
32105
8530
20522
8310
31506
5161
19282
6991
3600
4754
19546
32617
1714
27140
23142
7397
10504
4242
12294
13022
19143
28605
13021
31772
19827
32055
18045
32513
25238
9113
25644
21671
21269
16874
14808
14200
21982
8850
21832
10589
24727
6077
13198
27312
32266
27326
14643
1221
22866
23589
24344
16919
10685
32082
12808
22277
24025
2907
14116
17182
14499
7799
18827
7206
16767
7251
14623
23349
13662
2187
10350
10531
32385
25574
15698
9022
5603
15665
31602
13778
7302
18999
15909
17349
29834
20529
27187
28355
3911
9829
28944
1183
207
28091
16568
19785
16875
1050
2179
5969
2853
20842
10804
2553
2267
9396
24526
7428
4285
8062
26171
23000
11004
23083
5488
5290
28195
25925
25149
12903
15899
2950
22963
20182
30895
25392
2500
25369
14338
18408
5309
22770
13548
17945
16970
19910
19839
32034
25001
17734
7844
24030
15715
1350
4910
30472
27333
20819
30368
18773
5229
23388
4775
14545
16426
25706
12116
20646
28736
6740
10024
28606
22474
27757
15862
6489
31109
15883
31978
8788
22479
8047
22484
24926
10730
28346
13995
19933
8061
3322
19849
6254
6168
11010
14112
16857
22838
6973
26201
4411
23829
16555
15822
29012
6408
11935
30137
25788
12658
2756
1757
23508
5538
31821
30868
5814
12304
4334
12044
840
7320
24741
9348
13320
18285
5446
24770
14188
14900
23729
11832
5329
23346
24803
32149
4515
13692
10744
141
32331
10382
21242
18742
16032
18744
21501
19437
29442
13453
14026
25798
22487
5205
13820
8
26690
30884
2808
18843
3557
26688
4568
19616
21172
21055
31783
2635
6862
9860
15
10741
25616
11051
14872
14827
15370
21490
22462
17035
731
19219
5489
28743
28168
4662
28291
13922
2747
8950
6563
19429
22069
21508
6033
23728
737
18836
23429
20805
13268
17219
5691
9257
9280
9916
8191
21534
11441
27218
23422
25113
10765
28166
2709
22911
16681
17208
27897
28774
4202
26927
11711
7980
20017
6588
16865
30403
11705
7744
8784
29519
28531
12419
1361
23557
30524
22651
19758
25353
14939
30552
28660
15915
17737
32509
16038
17560
9162
27522
20341
14054
23260
22202
3678
2174
16084
131
27310
5931
20090
19764
20682
14041
15005
28587
30643
13633
5559
23365
12152
12933
32191
20180
6574
4118
24063
25285
12814
4241
19391
6610
32120
2538
10858
23499
11302
8596
20378
11926
14590
21641
16041
30275
1064
15277
1843
27181
32682
7485
15901
36
482
20692
13261
6848
3774
7798
2597
14954
24971
5627
22064
7326
1877
2508
162
15643
29780
31362
11280
9031
22644
26614
8592
7132
20091
8791
20748
1901
24795
5296
20300
19558
27700
2512
3801
2810
20369
28434
12470
21943
11950
24391
20867
15576
10256
2695
24010
14267
11067
29578
14448
2704
7626
29534
17377
3174
13577
541
29462
28093
22886
28950
1813
17128
17133
3109
520
12155
28084
26808
15411
32039
22413
8465
1906
8632
21720
31437
18511
30453
31208
4267
775
27067
17195
917
18950
30059
29975
31812
6870
2999
24566
22883
15379
24755
23208
31058
14689
23541
31894
4885
3576
22293
24720
12404
25948
9590
12698
6367
10468
19498
10559
11867
13909
14280
26686
26719
27029
28552
31626
19835
28804
15844
1354
23275
19393
6596
19396
23671
24585
4928
5089
21613
6125
2065
20245
12952
25897
10651
15687
13954
25423
504
6115
30313
12298
1878
18521
31502
31539
3465
28766
23525
21213
21176
23632
20226
10498
30558
2706
8081
3133
5812
12676
9138
9937
11173
2161
27218
19968
7060
27395
24890
25346
24801
29890
18847
2862
14228
4006
10552
30019
20524
19319
6516
15558
8148
16883
166
18578
14613
17474
8529
28373
1380
11416
23288
30266
4548
8355
21272
5168
7655
32456
10929
3710
6536
32378
15030
16418
14471
30132
15767
15076
4354
20790
25179
31969
19405
15120
16769
9342
32217
28744
11581
17008
25598
31291
1070
16482
15740
18423
28843
3429
8116
9835
25592
29562
28733
2248
18851
7947
25695
22723
18375
7435
23961
17950
8163
13168
7850
25668
26474
15732
25410
19153
32136
9786
30731
26759
15030
17739
28221
9403
17346
6926
25319
29957
30202
11538
8540
16289
16582
24793
968
6705
10139
30748
13987
17876
8854
18212
11790
25950
20583
28316
30503
30124
15193
9792
276
7238
29333
28687
7419
16881
31688
10339
8036
12790
24356
21368
12240
15872
19349
26240
3531
16492
7288
24739
14961
8675
25470
2611
20692
16437
1358
25424
23021
11008
27131
10339
18138
13131
17226
31572
311
27814
19131
30286
7687
6130
19735
17270
17027
32474
17175
29848
28292
23520
560
18282
20975
30787
14418
11409
12288
2340
27486
17157
12850
11271
9853
12472
24022
23571
12960
549
29083
15966
16538
28523
7570
13384
5405
24168
21422
29200
8790
6310
28678
14545
17535
13839
27903
12274
973
25108
22275
19830
9314
17186
11913
20808
6965
30800
2967
5312
2123
17197
6292
23582
3910
25673
18780
29009
7388
475
5569
2704
18136
19101
24498
16271
9216
13169
28887
2987
20438
15327
24166
8011
4740
30445
32133
17834
29527
10000
20005
10038
3087
18927
16350
13495
8990
18171
15403
27402
14353
10589
25950
7409
12234
7165
22482
20066
23218
6074
29615
13138
29403
18814
17626
25700
7945
24926
3352
25754
5675
5286
19599
2737
7413
20011
6201
2974
27620
30941
15921
21047
26715
23575
3333
1435
12498
31716
31426
9399
7852
32437
28089
13010
13358
25451
22922
3935
27275
8658
4186
22057
25032
12564
15632
11081
3991
11260
24358
5229
8570
29239
18624
22829
16171
29752
12849
2412
15052
24588
4029
26473
21935
29738
6054
28580
15509
5724
16773
17745
29687
31419
22618
23160
11211
15805
28735
26488
21580
26647
27960
12632
26280
30509
23041
10596
11676
13163
32587
15034
19608
23833
18594
9680
20348
4239
30572
276
29564
6639
21272
27120
11938
27027
27752
19315
5173
25799
32162
26756
29470
31209
1863
27351
32275
25660
19770
29755
29681
4572
10050
32085
31801
19966
10924
24186
16585
4972
22695
29430
11948
31476
21413
20471
11039
18825
27723
3449
24635
2779
22484
28949
24928
1499
8903
4193
1926
2959
31344
10275
23452
10914
16885
28437
972
28359
6767
14909
16012
4801
1214
32370
19631
20998
22184
19890
10421
24161
2634
16362
24440
5701
17782
9094
31172
1599
12382
7433
1136
5194
11568
23118
27013
17692
21264
26373
22222
5832
24963
5370
22878
24920
5220
3452
28884
3854
91
32272
27886
12968
21121
25635
743
23862
8615
11577
13854
14318
3743
8652
1986
457
1250
12999
32660
7637
11033
8555
15791
447
26128
20188
8166
29051
28794
13179
31081
5060
28371
9093
12110
19068
23693
27697
12464
15868
14176
10924
11925
31050
5652
17927
11863
11923
27904
16027
26941
17659
3512
19272
10289
30420
6257
25537
18799
23784
23275
22217
31408
27162
9665
21254
25129
9985
22137
31377
25250
16702
8100
1397
3351
10000
17819
26711
26320
4148
4112
18541
5635
18152
25851
21123
22915
25532
32158
15213
18332
32598
15284
32035
23158
9452
13709
32007
9255
22040
3899
6211
4909
14667
9561
14253
25486
21654
30274
13143
12848
2807
10250
30637
8459
2187
7613
13716
13523
19910
8334
10615
2091
31291
27324
14522
3446
27816
19411
17738
10303
4467
21375
23022
30281
29254
1818
3635
28135
10111
12006
22707
31907
24739
3453
12286
7629
22818
5535
16029
28417
1404
19564
1886
25846
32323
5002
30890
12497
4510
16703
12616
13864
10223
4391
18836
22493
8484
30614
17537
16637
21088
15606
2905
15057
5200
26200
30213
961
16681
2839
12925
1478
19182
9015
13674
6310
25696
6080
28431
5109
29479
24742
2916
9340
5891
28362
22580
25878
18364
22926
21876
21152
10086
21725
15546
13663
16387
9834
22179
17328
1207
26585
1365
18109
24951
1333
5357
8799
15372
22090
19440
11494
27053
2060
26971
1322
21738
3763
16215
13572
13948
16325
16904
22941
2767
19246
27063
15339
4371
11302
15064
24308
7175
22422
32264
6629
9669
21067
31555
4643
32273
20953
16794
10641
6443
32577
22172
17615
6058
24337
13083
3720
8826
16698
26489
25010
12917
19191
24521
20623
31067
622
16275
9973
25840
3334
22663
13823
6503
23715
3110
19211
3539
28971
5145
20058
5281
12770
9064
17656
18057
2007
2077
32154
20116
11248
24239
24021
29007
20454
20445
25922
9376
23280
1423
17857
23419
10973
20321
10960
30421
23298
15248
17936
888
3055
16907
2400
12759
17731
32491
15726
17126
10578
8988
9707
2869
4056
19238
2368
31846
15951
28242
9868
20698
29995
32214
7830
15368
31004
24891
16990
27489
32205
15768
6576
5215
9807
14891
4620
1413
4991
14526
2165
5500
17310
5455
9071
7743
28478
31879
11658
30691
1147
31477
18021
16028
12875
6396
4473
18557
14101
31619
448
11355
20404
2447
12003
5105
25175
2269
3002
3100
22217
23276
942
18396
25239
25667
17918
32273
16879
20976
8761
5352
12724
27954
3037
12526
2668
32720
1065
25626
4330
17258
11953
16958
11936
14403
30195
31412
60
1698
21085
444
6626
27761
9295
24051
10680
18964
13400
10013
1015
1338
24351
5760
922
13986
30699
1647
3521
9976
11561
9712
529
29701
10507
21574
26485
30131
23660
2748
31138
10602
17792
8136
17914
21531
27399
22359
19093
19844
22959
7594
10596
7025
18655
27038
15162
8724
8048
8919
1546
17785
21942
31860
27337
27944
4380
31523
4113
1861
6393
14871
6715
26125
3403
4036
18330
4073
16983
32691
1722
19288
19270
6689
5243
17478
7477
8306
15294
5641
27392
29402
7382
23424
21451
2564
17367
3956
19137
2063
26438
30262
30946
5367
214
32739
27018
11075
25423
10107
11666
1808
20060
15105
1770
14841
22744
35
19135
6102
5065
15784
6709
12492
28990
25525
10674
15690
28492
3431
7128
10856
20871
12054
28186
8914
9735
15708
16891
29571
24730
25700
4128
22582
5291
10489
13110
24080
9567
16494
7207
25304
12364
1922
3039
9955
21495
17211
2803
4071
18886
991
22453
21932
14836
26515
6531
4198
28437
5222
27565
27968
21746
1313
31363
23182
26635
18954
10033
14972
29312
29711
22968
3279
7230
23088
24773
29172
1767
31010
30571
15983
11497
18302
31101
15963
3423
5954
12177
12977
23362
10211
26456
27751
32431
13670
24625
20379
28283
1865
30261
21417
11505
15347
619
23814
1100
21134
12269
12480
26275
1916
15336
6971
25817
3709
28560
11272
4237
26621
22642
27637
19465
3330
22585
19997
10891
17895
4259
3192
25887
825
27882
12104
17634
7547
20440
9795
14588
26100
5395
13370
3377
26989
12145
20361
26219
12369
21992
19342
5269
6484
786
20728
1328
23875
9312
19205
3745
10240
17052
22313
3377
18339
28315
18516
14696
6688
20176
28490
13489
29121
23003
28656
5411
30455
7734
14158
12654
25758
28704
27455
21236
19422
12913
18378
22492
22518
11859
2543
1077
2044
30986
18793
24565
29978
11564
28255
23009
4995
21728
4225
16560
15243
30737
21982
16410
8805
26622
9891
20672
3297
21684
7788
26630
8479
9667
18778
24489
29300
16773
11734
25944
10672
12774
5751
5169
26331
31681
25556
12837
29753
8288
12739
15280
27649
1977
8289
30099
17114
9151
165
10905
23062
2177
32430
30715
18491
23803
13090
22803
6313
16033
6288
27643
26264
11957
5703
21381
28247
26490
15469
29596
16885
4896
29190
9849
29390
31227
28152
28143
8795
24637
25696
14060
26132
18714
8426
11155
7309
4106
24062
27935
19439
27538
23602
569
13546
5169
15041
4825
367
25505
11899
26008
9718
4129
16345
4596
31375
4331
3404
9066
13436
26591
764
5291
16353
9001
5301
8013
9561
5231
17743
32008
17352
23436
27716
4920
6875
21168
20691
7558
6659
23581
7700
30612
15104
20674
8422
5215
14996
3984
26695
27149
22851
2701
455
32617
2983
22191
14463
20532
14839
17679
4979
13763
24340
24033
31642
1370
7262
1344
2584
31090
20229
12083
30253
13000
12114
21835
23210
7639
16535
16832
23217
29956
3913
22168
21962
6206
19729
22556
19007
4594
32553
14384
12973
6949
22102
20902
3753
9323
14650
24198
24883
1810
26588
19714
6250
1202
641
15084
2929
19339
23100
21956
2541
32561
6940
5234
3005
27864
2496
22108
27769
12020
24915
16064
32251
8677
29859
6396
648
30909
2889
3785
28045
268
1518
5411
623
2642
19720
422
29668
17063
13259
9547
5832
24849
29250
31622
18956
4700
3487
1333
12469
2440
30012
31444
9643
17266
15299
11114
2327
30925
30900
18667
27061
5503
777
4717
27217
6101
31695
8397
17922
1605
20763
6874
11794
17389
19311
5404
15689
20311
10235
30112
10138
14011
253
7569
27698
3287
21148
18553
18317
20385
102
26435
10236
27473
25014
6805
19699
10628
27111
1408
23230
11333
2769
19551
19554
3555
31053
22010
17405
27877
235
4759
21429
17947
27115
2909
18193
26918
25242
13755
10129
17175
16573
2388
10469
29829
30390
21488
25201
11982
30419
28398
27964
9475
8663
27394
306
14077
22120
8254
31949
14444
22618
15455
9479
10499
24042
26762
977
11721
11890
30310
31259
20026
27468
31770
20882
4813
4986
25414
10040
134
9582
30452
17525
10687
31736
30284
10719
3849
21428
4160
3045
7715
19884
6201
2836
6786
6036
6251
17901
7674
14958
18067
8573
14789
894
1064
1915
22099
9208
13376
32434
8969
28918
26386
30478
1161
32236
15839
9224
26318
32711
10570
31015
19085
16428
14517
7285
25332
20196
10046
31777
9866
23622
6726
13557
27192
22339
18706
30881
20876
23582
3180
13990
3944
18579
31782
28071
9207
1099
9041
14646
9853
7785
11596
316
23913
18495
17452
18307
17581
375
32099
12254
24677
17105
23270
21819
28784
8289
5244
32414
23785
6430
10916
15418
19039
22336
31086
18970
9815
15474
9852
28854
32591
18405
15948
10530
8892
17185
25059
17934
3072
5233
17578
12314
20780
29703
17849
14140
32501
23509
19121
24200
26946
4031
28162
2838
1265
13648
15670
27183
2927
25403
26431
7978
9764
15532
6904
14775
19255
12940
14405
32337
17696
25438
26249
19125
27289
4934
10053
16610
26360
17899
4338
18569
14225
16254
15717
31229
2995
15847
10695
7049
32300
18119
31860
26896
15606
24147
20485
7638
7473
7580
4183
4451
6252
3172
6802
15336
20503
16738
12570
146
11143
23912
5526
21844
19581
19640
31859
6997
10739
18493
16474
9515
31648
32522
10991
27800
14231
25792
5632
1175
4622
12094
13629
27938
986
4128
26627
16790
7079
10245
15538
9120
13007
30032
9062
15869
29046
9468
20556
28120
20159
14994
4916
32006
16222
25798
13865
28129
31812
5991
5898
17520
14604
4694
5354
14395
26200
26876
19372
10755
19325
18348
5477
15987
18556
3007
29599
1266
1937
5818
11082
10168
27062
25047
4061
18309
5937
25528
6225
12627
25901
6232
25401
24661
17150
29714
7410
10347
11188
29523
31720
28687
5105
25600
29354
12256
20291
30820
10051
30626
24948
22449
20799
20521
4535
19455
29214
26209
11365
26598
19702
951
2392
14359
9639
12381
19165
12600
3956
21583
13347
8493
20027
13526
5196
20446
21400
19499
18659
27907
15170
14469
24078
13839
22348
4409
28273
30990
13391
23928
8218
20835
4067
8264
5704
28243
18028
9687
1059
22575
13933
31761
31225
29943
13416
22988
13186
27184
11434
9119
16448
1451
25740
233
26927
14095
29074
31534
11601
19207
5028
20871
9302
10753
28551
17122
11605
28326
2184
28096
8342
30687
10760
9974
7568
13329
1247
2595
13084
20011
11105
3056
546
10970
32619
4652
10103
20081
8159
12188
30839
6846
540
10013
13962
28102
7649
19214
10318
26224
1027
7024
2156
6881
27483
18067
4345
10288
12608
3353
14944
18682
27676
22317
4822
23944
20243
8689
4205
6007
25416
14256
23796
29948
5180
18415
17210
16640
13085
1909
27966
13305
24872
24914
1716
18891
29577
29327
13141
15475
27658
9375
5272
23692
14760
7200
15892
24380
31313
13294
28704
6540
26165
21243
12077
30523
3413
29530
25351
14428
26206
32584
9590
15334
17508
22865
32016
23010
15780
2954
27654
21651
12880
19979
32475
3928
1349
16977
10853
4198
28028
15995
13315
25075
14177
627
31719
19566
470
22215
127
16621
11003
26174
15830
24837
13386
14211
19381
11263
19048
7558
3414
12189
18378
20777
11701
4598
49
15856
10493
14823
11891
21403
16149
21021
18475
22900
1242
8915
2724
28566
92
26358
27214
19892
6329
16502
10941
170
19063
28719
25867
28082
26202
26223
9147
8162
19460
26361
3679
19756
23645
9991
29048
23029
14906
32179
19535
32443
94
25390
3985
13113
14206
1400
20189
12991
25233
19427
29636
31591
28558
337
3839
10860
27157
10310
21767
32551
31409
10265
21054
1297
25852
4521
6022
11818
32520
14650
21357
14818
23064
13978
2406
11203
27177
28750
17545
20538
25253
2981
13271
1741
22683
21737
16243
26329
32386
17400
11389
3033
3100
14890
26452
4597
12641
4687
11086
17340
16344
22809
13068
32654
31359
17673
5323
24486
12368
481
2263
7562
5444
31960
3836
29199
28747
7286
20031
18892
4843
10361
24174
22533
25485
5984
27312
5252
13447
15555
22530
15134
30968
12355
18406
1905
18119
26017
28306
25054
27928
1848
15303
11911
32034
1257
3043
15711
23402
16159
25463
18212
26922
30017
19955
19591
26090
5511
7771
11591
17507
29682
21898
32757
22109
12236
11924
7078
2371
19871
13661
17847
9781
4415
32091
11314
16148
28900
13988
30655
21844
20099
14327
1659
4766
1649
2650
19003
9043
26996
224
12882
19296
26715
21539
7138
18348
17497
30379
9796
30827
25206
3068
4403
30296
10463
7724
10985
27805
4314
744
1145
29050
9958
7036
8153
7194
5825
5347
1199
10689
24925
17086
30140
12798
22606
2654
23388
17294
19416
4283
8170
30645
11197
13334
21814
27501
27571
23700
22174
29111
28514
24004
10792
26353
2059
16529
7085
22331
8435
26583
1736
29819
5358
19796
26524
994
16742
13432
26067
11010
17765
8855
9659
22411
2257
6823
28762
30576
1971
19192
5985
14760
690
8739
31041
21737
18894
12389
30309
4548
974
8346
11395
6558
489
4131
8626
27219
6427
28394
2564
22193
13069
18513
30840
13786
9748
7537
1311
206
1640
18567
23438
28893
29046
13011
31241
9873
10664
5562
9507
30971
22609
31013
4593
10588
7452
26216
27141
5263
25676
24351
17089
23263
9566
26425
1408
20627
16396
6609
7049
2452
3626
17658
18106
1024
19243
7474
3536
578
23263
9792
22650
23962
22946
28453
3432
21674
5067
18704
109
13693
20875
21880
22483
6803
22397
32524
2652
15742
20292
16561
29985
32544
12320
20568
26052
799
17055
4342
13652
22242
23071
29641
26502
18647
21455
31911
29591
623
28066
565
8339
15036
23950
16657
5530
29059
3465
31508
12551
2971
14770
4392
5465
13615
23326
15674
27932
8743
26740
23929
32539
720
31288
11058
5080
28061
864
14125
3505
9494
27680
26900
18072
18346
14535
26850
27992
29068
18749
8581
25702
4406
12631
31198
1927
23618
12376
12030
21399
32643
14071
22545
443
20490
6450
20164
20734
1732
3182
24585
6137
3044
27115
26378
32604
18759
3819
9166
27820
22490
28546
25729
11635
4095
29156
27928
6041
27747
32746
32439
23500
20895
18509
26036
20670
4474
1565
7879
17614
26013
19290
10976
3877
2854
14181
8886
31671
936
19327
14763
16703
19515
