23661
11096
20866
1062
2078
11621
29071
209
18401
15062
25269
32169
7306
32267
22287
14551
27535
13393
1519
27168
894
28119
6087
10534
10092
18047
29258
13171
27846
5147
19024
29824
16498
18391
7285
32725
14947
4627
15634
12525
21540
11810
1537
29732
2420
25731
5183
28675
10810
7720
3094
11261
15814
22704
23522
4888
20661
23120
4580
24695
441
13952
17419
24354
25745
11507
14470
8814
8880
396
12518
27036
18582
11300
9298
8794
7539
9548
32042
1698
16783
15308
30242
32481
3711
22729
4997
20418
6938
27271
25678
27236
9812
7492
6855
23137
13301
29923
10155
849
839
22418
30571
27335
28543
14029
3186
14055
10907
20042
10431
14793
29295
1018
25332
17299
10623
29375
30492
1618
20426
31152
22778
21963
11312
17021
25897
9967
17561
15429
3188
19412
115
13436
5381
22757
26364
25487
5230
2956
20954
2696
13345
645
5978
21767
32286
2621
25329
28079
22644
19795
17723
30033
21216
14899
9484
3101
2130
32469
6577
29266
1461
28743
26510
15971
11920
10959
22220
8654
31547
12281
21746
32683
2496
21576
5558
32670
32067
2089
2681
24291
20469
450
13153
30916
11076
17182
6156
5971
32042
28589
1988
8519
1240
18496
7391
18748
19982
6140
28004
3772
10441
19607
340
1584
2290
31970
32329
5791
15937
16379
8367
3487
3926
7457
8004
28467
7745
31839
4849
25859
847
26745
4907
7947
20621
11464
21793
9590
15212
21602
16988
24323
1293
26839
19754
11358
31361
19984
9690
23266
30095
16899
31570
4408
10444
5755
7060
14934
6780
5089
16000
7188
4238
4666
23552
14110
21611
5461
21804
4995
10008
23609
19220
22791
30884
560
16868
15476
9418
29551
6632
8290
23411
8442
18432
14097
3178
24846
8804
4491
32288
5189
31791
14662
23487
113
8856
1739
12459
21907
26853
22787
29120
6980
25825
6928
27693
17607
17006
5888
11638
15546
977
19293
526
5641
19631
18475
19930
31518
3868
12231
31454
22099
2450
8387
1113
12586
30574
384
8436
8889
27662
12808
20259
21703
7551
10253
5865
14832
1439
19271
27410
13542
14530
5204
27730
12092
12358
3442
1536
13476
22370
16302
2563
31343
26897
11785
30579
26879
29756
26123
1000
7919
10219
3057
20405
20352
2346
268
26319
26615
12585
21484
21457
27092
13676
29800
12534
3993
9910
18656
4037
31059
24227
15638
5887
29125
6223
18137
9719
22233
4781
19228
14623
25224
2940
9741
16613
12539
26179
23712
21595
20033
23290
8576
13681
19927
32097
14347
4051
9915
6288
25504
16819
3450
3757
10099
9978
11869
12538
6966
10065
31952
30128
12702
16265
31982
3281
4283
1643
9781
6103
24939
24232
10747
18216
20193
19110
31267
24324
19198
8562
30933
15212
20791
15218
24990
10784
22161
1145
17842
23198
32615
28249
22707
146
5646
20049
1159
28738
10817
28380
23332
25720
21206
7412
9379
5200
23479
1410
17880
10284
11819
26200
26465
15500
19060
14952
15352
24171
32155
32388
26904
23632
16968
12971
15668
27851
16528
21530
18665
25177
5787
29472
23399
30139
2550
14413
3025
1785
4881
32225
7466
26714
8219
445
21755
25804
15205
11136
12987
28082
24871
8214
14521
10274
2120
20488
32695
31913
27936
6012
29301
14786
18865
19247
6020
12314
13393
27163
18933
18213
3238
12423
13642
11845
329
11778
22892
25513
8220
17442
15150
9365
31463
697
4436
25755
6455
9806
4899
9739
29627
22431
9796
6463
8603
9176
3251
23164
20049
29091
23987
12838
585
12641
10140
20346
7601
4997
17175
25718
14658
22743
14965
11193
9910
9372
10608
9161
4781
25247
20911
27089
19933
11283
15699
17033
24701
26551
29533
13275
13534
603
27032
11557
1411
10285
26216
2226
32087
5706
2256
12684
15046
27693
10581
25500
28202
23511
8206
6717
23181
5223
16007
26799
24819
5173
139
30996
22441
25025
6381
5491
26783
24811
17067
13796
26825
2910
27426
18889
27156
6569
17300
23321
8293
7841
917
21582
5004
6665
473
2141
23186
21715
8017
14646
12388
11700
24801
10078
19698
24806
17091
14993
23010
16909
16847
9352
477
7626
4094
7294
17005
11202
27535
21557
5153
8445
25502
29650
3099
27711
30462
29948
1218
1313
29877
14614
2621
22968
30148
19282
8880
29022
5841
18177
27070
22503
10218
17855
7987
10936
20390
28730
14981
6808
20248
20948
32270
9903
27345
27649
25442
27893
2985
14660
22298
15713
27407
18516
8802
30788
25657
8350
9485
10838
14042
27782
7096
31061
27010
5445
15684
5920
3727
6836
31150
21549
31744
8482
6185
29596
10576
30318
24021
4304
7359
29494
13777
24583
17660
16467
15813
7473
18254
32554
30820
4148
30630
23817
18319
10910
6088
5614
4192
16000
5550
4228
27748
25526
5866
12654
24240
14265
5426
11685
22158
19451
4942
5407
20024
27832
16788
4155
13417
11399
6146
32241
1730
26052
26491
4254
15416
11213
18519
5971
27837
18793
13849
19935
12600
5456
759
30895
29616
25125
3443
10569
9952
28107
20113
22055
30082
25535
21425
14153
20931
7693
5284
15105
29687
9310
21752
5740
24868
11608
8474
2513
20772
23934
18331
16347
25732
16802
19307
9694
24765
23344
31014
32115
22789
9155
7042
11228
13847
16963
4811
8297
2691
31715
17454
19070
27501
29364
18581
20471
7497
16760
29954
10235
3447
12537
26602
1516
31463
6491
18809
29825
3391
16749
14337
1150
15011
32451
376
16684
28783
25795
2725
13279
17669
4993
20776
24619
32243
12909
16549
19768
25965
2050
27697
8904
15620
3917
11542
16028
11670
3248
17927
12102
31362
2481
31163
11837
19952
31220
9504
13705
2036
20149
28685
1095
31033
17582
11751
15392
119
20917
30985
28305
12349
19720
4075
13045
19901
31407
16224
26662
26700
31549
6020
13415
11912
5040
15732
25923
17319
14279
4596
30787
16909
16412
19396
25387
24185
4915
17193
28587
782
25936
7300
29105
29026
31259
12264
19137
2073
22077
28866
29965
28710
3539
24241
30885
15464
11780
16319
18823
26243
29208
14387
21395
9354
32077
6143
1872
20748
18519
8973
20673
22591
12487
5952
17064
28534
26658
25774
13725
1378
12882
19755
158
22271
9315
4842
1081
1405
3574
17129
5
26062
27881
22629
4399
27038
14391
28300
29360
18674
17985
11516
8307
9993
28484
5437
10696
19543
7985
4359
16037
5736
23917
21513
18233
6403
19548
22463
1785
3459
15561
20995
4640
17161
21821
24722
26337
2823
17467
16182
5694
7380
16834
30963
19538
28515
30510
18827
8744
15576
11207
14082
8207
24056
7876
4799
24289
9053
849
30752
13287
17515
4618
3479
31931
12994
10056
13279
19999
5675
10105
19260
5713
20911
29667
2924
6561
24495
31510
5553
26111
6788
1677
26719
24520
1217
28779
20679
26777
13297
26340
12346
1150
3299
25922
8914
13641
30521
4592
19746
10895
24630
21710
15652
17204
20565
17047
31642
23762
2332
16190
20836
21417
10149
29377
12384
12611
24917
25847
19742
17834
22362
13188
16679
17660
21074
9695
5455
9482
2994
3421
6194
12506
30415
14665
5923
15142
26275
4809
26858
5700
32290
4238
2436
28382
22503
7798
7300
19541
1718
29421
18315
16290
24951
3202
30881
28695
18675
476
19227
8486
2310
14888
26201
12681
22588
696
16088
3147
13447
16582
20577
13657
9749
21057
23338
17002
2785
1815
7981
2422
20784
29609
31551
17394
31345
21718
30534
14502
15865
30866
32393
32645
4921
21647
15914
302
12962
21680
6772
3243
29479
9585
26578
24369
19039
23708
17835
10217
20286
8001
16822
17112
7929
3871
5210
22084
20629
11733
22642
16829
15076
4514
23397
8720
5679
1276
3013
28429
29382
28316
4114
21585
20803
9947
17299
12869
1177
9095
11990
4311
26680
24869
27732
9910
16204
29000
28579
31502
9436
12050
7746
19692
27475
16447
5428
18488
7209
198
25673
7054
14793
30400
22802
30173
12868
15907
5656
19620
19615
1057
19913
26938
10354
4716
14945
3376
8277
27769
20796
27915
17982
17468
881
15585
489
2999
25788
11284
5672
25058
26587
2273
18639
27195
4633
853
3704
5896
15509
2624
15830
25703
24352
28458
29872
1031
7387
4829
10132
1155
31243
3411
30985
4629
25758
2533
21216
19496
12038
27238
9369
29791
15796
8584
1716
20441
1591
17339
30837
1645
14822
21981
29429
2287
21922
16049
11697
30459
30934
19047
29939
9752
10945
12973
14087
20782
21142
8683
8594
17012
2760
30217
7628
6032
7584
19241
15211
7555
13256
23107
650
31486
29309
14114
15182
15399
18273
8
12033
18282
7914
23593
15104
9731
17681
15731
28066
30918
27073
14246
17691
16541
21890
31515
19479
12645
8173
13717
4771
19507
21966
2431
19154
19886
12255
13384
16265
3271
915
26440
29335
22157
3951
226
12430
26119
13026
20287
24582
27066
22056
11434
3878
17277
8176
8850
29773
12805
2405
9398
17704
29645
23633
28832
28183
26306
27514
14675
19164
1367
25088
4769
17417
1776
6515
28134
28966
14464
3415
6687
4336
18662
6702
26933
28388
2599
16432
17336
5663
1968
25030
18129
4336
17237
21091
6225
17154
2952
13177
7971
24844
8120
15713
19095
9627
11289
20648
8653
18633
17249
21182
24665
16921
17390
4714
13318
21283
24039
2219
16091
23027
2162
7663
27225
8798
28403
17234
6805
20861
1933
31584
8828
20046
393
4901
5733
4266
10899
27150
3553
31891
14019
4421
5158
9487
13526
10387
26780
11442
7048
8046
12014
19626
32262
484
22015
12470
19743
25247
21321
13720
10893
21076
14399
2407
2367
22043
14904
27802
13102
19792
6569
23024
20812
11924
10165
12868
27121
6178
15200
29826
13460
15530
1183
12818
3161
21029
8696
26579
4295
14367
22143
26493
7356
21656
28135
31428
11000
21985
23068
7556
26105
28832
19729
25924
2156
16545
14603
8884
32338
1606
6711
27445
14298
26781
30877
26422
26047
5469
11929
26427
9536
14235
28137
9949
15578
20330
4176
12446
7641
25185
4244
15705
27125
3074
754
15396
6517
10821
15087
30558
30249
18310
29621
18248
27941
21047
29830
16677
14404
8747
29657
21795
13435
14960
21400
23086
8419
24501
4709
23729
3211
12725
9304
25365
15652
19850
31655
20039
25439
11478
16745
31047
27554
10263
13294
8338
7716
3810
16712
15054
18966
4415
3933
28461
8325
18898
14770
30994
11163
29017
15382
2953
32073
2589
16840
1579
9907
23414
19273
25419
28463
12168
12622
21106
134
1979
20419
12146
3330
20202
3214
24134
27912
19375
2973
18263
21513
15404
10931
8842
25381
20704
32300
18768
24999
16458
28216
20906
19395
8388
24765
27893
29514
12979
10296
14389
22119
23788
25139
16998
28182
1509
14776
31760
23055
25478
19723
13159
3344
28990
24337
1400
16874
13176
10711
32721
13783
4442
28406
11884
29176
11811
14677
12368
8787
6010
667
15335
23195
17964
17205
8811
19499
16716
1911
15920
25915
13916
4903
5830
22863
5068
27622
7534
19430
6403
21246
32500
6034
6685
17205
864
25072
10604
10660
5250
3982
22944
27771
16367
9950
31434
6792
30726
11191
20748
11738
24806
21238
22501
11517
26410
13955
9613
26873
27294
23148
2494
16860
11253
6943
24839
24209
18653
19861
13104
22691
26816
16804
13181
31701
1935
4021
30742
11016
28783
15127
7954
32095
4993
18615
4943
24325
29184
11231
7054
9842
19357
24088
22282
10524
15674
31991
3781
25607
25752
3279
16024
17366
23899
12427
7891
23388
7667
26067
15156
32179
12644
27289
13077
25005
23969
13263
14378
10011
9184
2219
27401
29943
17285
2642
15214
835
22135
16271
7112
13022
21336
25694
10947
11322
27213
16947
28713
21079
3705
25289
16134
23270
2121
5756
21489
14070
11153
3440
20870
31391
3102
15260
10847
30356
13236
4222
30494
11542
10627
9891
26432
27327
27004
29346
11899
24214
1908
29858
25641
29513
3900
264
25111
30114
9782
27228
6107
23852
20728
8424
12426
28949
14262
25682
29923
8026
28431
7688
16781
12013
26741
8507
26686
29464
22079
3771
29409
26642
13081
67
30486
7200
19985
27002
29666
17842
25414
11478
17579
31832
19025
24928
993
24499
10442
4655
30819
31132
16205
10342
2663
12000
7151
7247
12151
32629
31955
12785
31745
27804
16672
23572
30834
22100
18222
18574
8194
14743
1724
18473
13345
3068
7030
4410
7505
23933
30713
14042
31543
31298
12738
366
4331
2530
32633
10063
23981
11553
31083
5604
23060
3919
26579
10377
32396
20040
5081
10889
16284
18636
29974
17343
27776
27500
23241
31811
25954
16326
5273
1461
2461
17407
16437
2761
18044
12284
2277
4270
15080
32167
4865
20828
19760
17460
3120
20519
3370
25449
23152
4315
21349
18680
24633
243
30513
24366
2171
7940
29891
28574
6033
25837
8622
21318
26840
32165
8173
7609
14472
3242
15034
22599
27936
6301
17430
9347
27865
20131
19910
17570
17231
14218
25584
29923
1289
12123
15820
25334
18719
24846
13027
1254
25644
9550
16893
27178
11580
6222
18511
23144
4110
12404
16216
31449
6159
8402
30601
31777
5480
5296
27625
18978
14567
1368
453
32703
10156
19719
14566
12063
31163
10314
21923
30276
9313
12424
3324
10191
14928
1660
22129
22437
19123
932
24544
7753
3786
8189
22044
8621
9240
25686
7790
6689
16176
3960
14374
31694
28405
20356
12942
18974
10170
19912
23977
10407
13555
31601
23166
23328
18882
3437
11043
23436
27889
26432
15984
25434
23480
26514
29861
8993
2647
30055
30846
23513
10737
15098
16082
4571
5550
561
3916
4394
13089
28843
2009
25933
24833
25447
14326
9204
17548
737
9799
14906
28146
1078
11167
8877
15639
25213
18892
19890
14007
20828
14509
14030
27258
7320
7419
26420
16877
1818
24147
21880
30481
15617
24467
29957
16146
5261
26205
8498
4328
8536
21472
21826
3647
7367
27148
29243
18103
24973
9436
16825
30928
31118
2271
16279
10154
11364
31640
25819
866
16054
29708
5853
9512
5328
9552
19738
15796
8667
30595
31167
18629
6923
10544
12673
24976
3980
19923
2998
32727
12599
20561
11731
20522
12320
13870
9539
4083
16264
10413
20991
31703
3781
1345
16375
8579
17628
26900
31086
23200
4813
30724
6332
13399
30977
19977
1280
32599
31634
25386
1875
4970
12953
2059
15428
21497
20429
23955
5710
9180
32589
15602
2095
3524
1292
5762
29709
13500
28792
2258
22842
8328
2095
5964
11744
8168
1486
20537
27440
19803
24154
13136
26131
14328
18558
7295
30469
6791
28683
8141
31784
27327
21878
32156
27367
5158
5643
25981
17983
3619
22972
7728
3073
28292
20484
28598
23007
4583
1343
13145
14222
31932
18369
30943
20513
17732
12327
1182
16443
4660
21395
8664
4662
19960
9446
16034
18513
23718
15886
12520
1874
18385
9526
18809
26692
31941
17214
21306
22446
7038
6528
21049
28366
26234
5204
27982
21976
4495
31396
24808
21239
30394
26920
27085
24892
26325
30996
25301
26367
15102
16138
25243
26509
6863
26189
375
23549
1168
20554
19177
25664
25741
15007
19077
3183
8609
4919
12248
25541
28539
7326
226
16362
30444
19829
619
24110
18517
3352
24228
4218
1403
8319
17045
24975
18156
29740
7840
20188
31339
13114
29675
246
15149
26099
22659
18157
16205
1547
32533
28891
26606
31744
5424
19682
10149
30144
22149
21128
4073
24996
9518
6804
15989
16342
7890
6887
22874
28910
17599
4577
29326
27560
6770
26033
25771
23940
20682
16458
26443
6087
11032
4881
6655
31700
20782
23771
21590
31865
4642
15767
15492
15963
7415
22902
4066
24379
25159
20654
3403
1804
30066
27747
11299
28087
21945
6763
3516
31680
15152
9775
8746
6325
20324
31097
12611
18198
7722
7597
32555
3778
7663
27721
30331
23550
15486
21136
17747
4501
8060
12690
5806
15467
24237
30274
2024
27340
10752
14865
28735
23611
17744
13444
28885
22006
21038
32649
15837
8490
7624
24294
3406
11983
20649
25587
8908
21530
7600
14383
27177
32139
30764
23158
9529
4679
5557
26044
18623
8017
13009
5471
19501
18646
8277
21022
20066
11950
17907
11847
25323
20895
23805
14565
4834
20896
9487
13255
4915
12676
3190
17935
19226
19446
11799
9469
3594
30365
27461
14456
6330
2892
32633
8401
16335
25745
11612
12192
2201
10405
14635
5088
3715
29544
28062
16640
16523
6252
32348
4994
31821
22585
20919
2594
6280
16992
28275
23898
3393
22632
24925
27015
17590
13311
25833
22851
30724
29725
17004
25243
26853
19714
2161
2008
5227
21624
23399
30895
23583
6840
24060
3917
13818
20445
27596
22995
25912
6364
12581
21048
11404
29206
13855
24059
14600
5787
13999
21126
32239
11122
32575
20569
23319
6684
32551
13151
32257
9924
12496
27026
9393
2040
28969
30857
7881
31664
2273
12618
19194
1299
27467
26340
14947
31450
22750
31525
2116
28881
357
16621
11385
1742
27729
2096
9740
3958
25626
6878
2999
25967
9479
11181
11834
7067
3993
14844
11677
31772
12333
5930
8257
10422
8061
27944
1469
28724
8176
30119
24713
1577
6603
127
13447
13897
14002
7506
7557
18666
6866
31514
12170
26936
293
26449
11301
22820
32535
25805
32622
23879
10872
2644
21166
28305
15671
13460
15731
9610
17739
4483
28312
4861
24286
1307
22483
13424
28103
31665
31742
32693
30360
4927
17144
24479
6942
8776
19869
23549
4515
15023
24442
2776
15190
10265
19940
20953
14399
24962
27620
6617
20664
15033
25827
4793
25259
2683
11795
5264
19400
28172
2049
6090
6982
23865
27719
23347
5822
27762
24469
27030
16150
29722
8073
3952
21657
15274
23313
31275
27724
9619
5124
22349
14169
21787
8581
26151
23600
31509
31646
32760
18226
27751
13663
15061
16805
23218
7370
22799
7544
29985
5891
5165
17950
7365
30301
1317
179
9946
28186
10668
9130
10846
19650
3142
28621
21744
30093
14260
10822
7907
8091
6546
27340
9432
14046
25438
1583
12731
14003
24342
18182
9943
4327
19599
26969
8324
26173
30700
32729
7350
5187
27247
20317
14143
20309
12013
792
23523
19802
31048
13824
685
25127
4817
6925
18070
28413
32167
4832
2027
13001
24344
31671
1224
5741
7854
3774
11809
10822
4051
1642
21342
6390
45
16431
8924
19721
14742
19034
8359
1706
13618
6621
19286
21687
27474
843
24541
24851
21388
25673
6939
25742
30400
4519
10047
24147
16500
13073
20727
23775
32451
31063
6932
29387
9832
6875
25245
26844
27659
26968
21403
8131
27836
1711
2791
153
2464
4559
26498
14487
24956
28542
503
13096
17610
24541
28483
24706
5808
17441
29516
8705
15658
24460
9542
16178
10564
21170
16998
21945
5852
29002
1858
11048
29789
17166
2967
9594
2889
11655
11664
8805
21068
6336
7195
24208
30257
19061
27076
1605
24080
4094
3026
10995
26295
17242
26631
639
9639
14182
12280
23
7229
9272
5167
21415
9112
3652
16606
31427
16851
15227
12103
10248
17938
30267
26187
4930
3770
4540
2215
10771
28317
11806
28561
16557
19562
26728
20827
1478
15303
16482
12308
6292
20125
32438
7332
31763
5994
21484
27953
2411
5472
29269
31946
489
2743
8166
24217
17137
32685
27924
811
23072
17483
14697
17169
22828
7031
29530
20265
25654
20808
1474
14838
2273
17874
14834
5594
28596
28454
808
4561
873
4650
19513
24788
14727
4653
29585
24555
1694
8866
2345
7358
23386
19167
16327
28467
19177
17421
25115
1183
6258
11791
8441
32605
20486
5082
1218
10364
13319
25566
22208
6154
28363
32149
4008
31884
7515
28739
3524
25482
16381
13757
15807
28839
10553
4874
19238
31384
18809
32143
26557
30030
8479
21385
6301
4343
29882
10184
22875
16236
1603
27495
31699
9345
17521
30419
18104
10524
18296
13895
5157
21118
6548
2684
10881
6758
26801
28683
509
21905
17392
5146
29291
1563
6676
16907
9517
31379
28037
29775
12093
9730
31197
26436
26522
20300
14972
31119
27968
14799
6801
20688
23265
9156
27850
1825
23829
15469
26704
5363
6167
22717
9320
22747
14117
9887
14198
24138
32733
10675
20737
30402
22422
27134
25849
13454
11371
31273
28285
28094
31155
6158
25996
7784
2283
7041
30228
22442
2961
1830
3647
1286
10833
48
28676
30030
6671
5888
13735
6241
12129
14076
32326
26882
10813
10469
29302
28847
13043
5255
19481
13275
9307
4722
22729
11137
16588
21218
14999
22889
16225
16401
18714
29028
10463
2037
7265
25865
21223
27646
5802
18942
3968
15018
18496
9633
2650
27679
10843
23184
19643
14468
6459
12507
10799
16205
5089
25977
9909
22530
18017
14084
12480
25860
11858
21437
18857
9937
1841
26229
20308
23168
13566
18616
31036
30247
6506
7923
2787
2746
3216
4813
443
23435
16833
15586
27970
9381
6111
30033
29883
25370
31828
5762
30598
23481
2409
4136
28398
26987
8576
5364
27448
22903
13568
15798
14948
17531
6407
30502
481
4662
20816
3222
6183
20375
1157
30561
10581
24572
22737
13966
30702
19254
2463
28111
32710
25062
5542
28848
23494
27898
17492
7622
22283
19884
31127
25970
18086
3991
22984
32550
21524
14821
11356
9422
11184
26019
30905
28766
28543
18966
10852
19234
26429
29941
16437
3518
23549
5446
17892
10696
19948
26552
15671
7842
28894
8109
29259
26376
4100
17758
27912
22725
12087
972
104
279
19577
26662
25702
9201
28804
8533
29457
13191
15616
241
2147
15741
10394
13430
1994
503
20518
7897
31685
6686
1239
28053
113
8049
3396
16065
9719
6586
20671
27501
27059
1387
24015
31591
30606
15435
12493
3650
16643
30235
11881
13336
26857
25256
9506
3235
28777
7564
4208
17904
25933
30304
19960
8333
24473
32554
21000
26468
10426
30494
31689
26988
30852
26183
7443
31676
21031
23428
27710
2688
7862
7378
25301
22518
31036
3310
31891
14418
13537
20070
18782
26225
11816
28756
20516
5321
26988
30978
8276
15524
23110
22865
163
29409
23781
3119
7362
22549
6593
3937
1354
5552
32541
9054
12603
14642
18121
30432
12982
7361
2499
14595
4603
10334
29296
17857
9213
2037
12273
10738
11560
29649
17135
6360
24946
21288
6074
1381
23788
15997
19372
26120
17852
29399
23958
23074
9404
23688
13236
13222
8169
10519
21322
25168
5875
28337
19049
26311
13445
24391
31975
20972
2973
4481
31042
32627
30611
29205
4157
16424
15555
28285
9875
15863
30955
12821
23633
9214
6458
31276
6811
735
9149
5254
6430
23270
1324
11672
7683
30959
16377
18999
13836
1521
27572
14423
13322
19016
25022
22240
25292
1443
12846
12317
4942
2893
9099
13303
26992
30878
5620
7096
31314
17057
6325
23189
16029
246
19485
10199
14545
18873
12842
10922
7701
13463
20919
572
28988
26705
31062
10711
12825
22834
7651
29261
17977
3566
21983
23090
9894
10115
9935
2828
3657
32303
31066
25129
8845
32444
9564
2318
11775
31903
30452
17977
27284
27324
4863
32684
15913
14826
30437
21450
9665
18693
11864
19188
1770
9066
15175
25206
25657
8783
6347
1210
5613
20519
19683
10229
2263
4562
10013
4872
12097
1546
8971
27767
18775
15987
5754
23770
2805
7342
10441
24083
28539
12571
11445
29327
22945
9616
12816
30779
12621
24631
432
29384
21820
32378
20432
6980
16782
30341
22618
20198
2643
7892
15332
11363
22281
14676
31647
16778
3246
15796
14551
22073
1588
30141
31367
22394
22425
9062
17681
10893
12981
14718
12827
25586
28667
266
29004
1149
20086
20290
15059
8433
30892
1362
28711
27560
11739
15422
12950
17549
17339
1817
11254
28459
12578
24855
30781
5866
13722
19485
17416
14529
10883
21012
17512
20393
14239
19890
4440
28885
3193
13183
511
12743
10522
3793
23633
6762
31422
28796
14087
27301
15313
16643
19899
32608
8051
27635
21390
18940
1952
19448
17950
6574
8591
24687
17316
8171
19334
7863
21622
12481
222
12303
32551
31668
9764
18333
24080
13652
16571
24441
22704
24940
13815
12201
19076
26537
12419
4035
28469
11843
21635
5527
6694
27820
13703
28193
23738
5471
12725
15473
30002
18471
14245
22345
22111
14240
14452
32311
32280
32223
28640
9080
29052
8359
1783
277
20948
21046
812
24417
6100
2858
7425
32613
7130
18222
29693
10943
7532
24457
24670
26892
26446
24644
12741
23230
7535
8943
19433
29675
29204
19661
1147
29571
27183
2450
8077
4467
20082
28956
14054
24731
14463
25414
26241
16687
12839
25410
16605
13627
28541
5442
27514
17599
8099
22872
27386
7367
29007
13430
30653
16938
10410
24530
31794
1310
9469
2805
10369
19532
20754
13145
18672
9393
2245
32203
21965
23002
21211
582
31907
32724
26132
21557
7274
15395
29527
10400
22214
9668
4252
5300
28060
24720
20462
18928
21505
23462
6821
26153
22605
18769
5765
17713
22530
11711
30003
1507
19086
20169
14674
24522
651
5163
23008
9951
8468
31986
14416
10667
19507
20814
30913
29301
14195
3868
13300
2552
9233
8843
9733
14316
13730
24979
20966
4022
10631
8264
769
22290
14318
16094
32518
8432
4773
18859
8263
20263
22248
18753
4465
18300
19225
8436
18821
29756
23533
24967
4559
28273
6873
18772
18499
29350
15501
8989
6824
10406
18598
17879
31824
16541
21068
21175
12799
10798
26082
3026
15129
6279
28966
8286
7451
30023
25952
22085
8479
15404
11025
4902
26703
19022
29917
8975
29070
19956
4095
28385
6116
10602
7444
14269
11820
6781
20073
7905
7810
1853
23989
16515
8111
23755
14931
25275
5859
26347
841
20807
15035
10643
9031
10479
14705
28814
19900
10878
5185
3894
25856
360
30762
19070
19683
27365
6002
7104
9397
10542
23330
14503
2456
10976
12042
3891
4936
7626
24334
15404
14528
27009
20578
9262
32135
1226
15386
7280
20794
27410
14468
1041
12544
21493
19438
12514
27591
12805
10247
1791
5669
4341
2605
18252
8166
2998
10724
22385
5271
6465
17402
6154
3966
20893
19373
7558
26788
4680
24179
9167
3054
21802
24812
21932
22704
21351
22341
14138
7609
8687
8655
25584
27392
9421
18608
14437
16108
10484
20187
23536
3275
3358
21625
31247
17213
8682
24162
17786
4799
5738
19652
962
1414
16003
13528
8107
22519
15988
27394
9128
10797
16323
26753
5504
20866
821
13694
2806
24774
6723
24246
7789
20916
14519
20043
16147
14049
11031
11224
5072
4200
31086
25919
14661
11601
28988
24301
29907
9260
166
17588
23268
29384
28533
12594
28169
24778
9597
27509
7347
30702
23002
20692
25732
20597
22636
15617
15875
121
14668
170
16350
15392
32647
8385
6153
21298
21011
7147
32653
20415
14002
7095
25237
19697
12102
17503
1203
18043
27047
30569
27402
3050
30366
7961
22288
6230
26591
7919
10776
13067
17389
14196
21094
30495
27622
8840
25493
148
15428
14448
25598
29371
11167
1362
834
8739
24633
30430
8730
2859
21954
183
17233
15140
25181
942
14697
15374
30544
32025
11477
8120
2248
10574
32505
12386
7180
1014
17633
13543
28440
20870
4041
3064
4566
7614
22932
11621
1325
10010
27767
19043
18031
16919
20933
7506
12437
11112
3670
22865
10933
31406
4157
18551
10407
3216
29062
23685
25336
17442
17902
22488
19834
11049
23850
7145
32300
16963
32766
18088
28883
727
18256
5111
29685
31559
17436
10107
21685
3441
11682
15171
24157
31764
22289
18570
500
23035
6463
18348
6221
2589
18918
20834
15107
7840
17549
18484
32016
27997
11973
19374
24721
27932
8959
14396
6368
23520
2596
3261
29556
2629
4739
3378
31336
30675
4312
30142
25629
962
32654
30073
8911
2247
32531
4851
19373
9222
24930
17451
9652
152
18882
2588
31029
21679
23565
11373
24015
1917
22097
11077
2549
28920
26626
13825
16635
24889
656
31336
321
1104
30198
4540
29551
20363
21451
2222
30378
12702
9375
26827
16263
3898
21627
9931
6275
782
13228
32743
20385
30709
6759
2318
10981
19696
26858
3576
27935
23503
14786
18134
23090
23218
7304
724
26059
16405
25932
3410
16527
14267
814
24865
27162
10910
4359
15568
19413
23847
25737
4101
23562
18086
1375
20360
18096
1624
20584
10027
9546
28987
30566
8897
202
8711
7844
19396
3864
9026
5786
31360
3849
23833
18245
13239
32694
11967
12109
7337
30197
31018
26412
21145
26264
13714
24053
18723
14747
12945
7155
11370
14879
1540
9041
26994
32006
12761
26751
9336
27313
26533
17943
11794
30611
655
13019
6106
14247
24680
9966
5894
18147
3276
22302
11677
16998
346
25585
8273
23874
28938
26234
11926
10742
10831
29441
8345
15021
20988
9598
16418
6314
31641
6130
23484
28593
32134
12231
21191
17436
24569
2545
22581
20888
6799
27713
26715
28232
2983
11392
12619
2833
22800
23303
25579
12164
24562
18408
1566
25209
19601
2959
8103
22260
30874
8788
24662
25024
21072
10878
23246
13982
26995
13956
24173
8934
19396
30920
17508
18980
14504
25978
27832
23988
1645
946
31140
20570
8620
27210
30211
1804
20738
9545
31353
30057
26025
25721
29702
30854
24083
25524
24980
30864
2843
13863
25275
7881
27786
7144
20729
26075
19629
5746
16031
709
32707
4511
13457
16025
22458
9194
5482
9192
8994
14734
26847
21057
24015
25514
28936
29220
24546
4134
27265
3488
10007
3934
13175
30212
22293
23361
20411
11484
26965
10468
12042
4067
21254
2922
9630
457
2860
6257
22509
20925
1619
29060
27132
30354
13769
20254
28680
25642
22255
14611
19027
20062
11195
19881
14844
7126
22938
13249
31973
25054
21900
12853
23577
8218
26754
20370
11673
14521
17414
15444
30941
6337
26611
10917
1531
17187
3312
7537
14277
9626
30930
0
11837
665
12062
14399
26905
16539
13876
26958
7737
27588
19770
17328
3628
17302
31323
6878
2758
505
8673
24623
890
5737
27947
21015
4537
13880
16414
13441
10275
25746
30756
13267
16163
20729
14922
675
29487
26050
31932
15176
5483
19141
29109
29207
25403
24552
19583
24031
13210
5174
11662
30761
1048
29955
13982
125
17431
4880
10104
5664
18578
15283
3604
29536
28181
20648
8840
19373
3876
15106
22047
11685
28616
23433
9595
31959
22614
7919
3138
30814
3046
29982
25228
29103
24911
10512
31864
32135
391
5981
31826
8839
4796
16725
28000
32745
28404
7639
22909
20392
25153
24442
32230
15374
28511
465
5101
20018
24811
6400
31955
21615
2553
27885
24580
31486
4709
16864
7406
3299
19525
6339
19567
11880
26023
28988
27905
4921
9600
16321
14720
10014
30167
19625
5837
7522
11267
20064
24038
32668
4141
17020
31178
31211
61
29198
18744
10743
23413
355
16258
12295
21902
6935
15167
20212
18611
9367
30969
30159
10144
14628
13797
3077
21870
24346
22202
27879
21362
7479
13776
4770
6308
31016
2972
22834
6824
13780
6889
1470
14123
4042
16023
20062
7002
27274
18035
27170
13858
6641
24550
21220
16149
7494
2524
8969
23006
10914
6718
10331
18608
19604
23427
8387
16349
29902
22598
31372
13967
13683
23520
2124
30751
27282
23113
10490
32742
11376
4790
17921
4923
24734
25684
6203
8864
27822
29180
13329
31971
23692
7369
5542
6029
32393
2328
25657
102
20958
26109
28323
14916
27271
27915
16331
31322
31164
19771
4095
28515
257
5605
7256
2662
19398
3461
15593
10611
2042
28691
19516
20788
26547
28949
17805
23436
2932
18979
32162
23522
11121
17201
30714
5655
4213
19579
26153
21616
11897
18410
32298
11046
1663
16763
11261
7062
14408
21751
28797
26787
27771
18156
25550
10040
9566
32413
19066
25211
14405
27835
4295
20108
9197
25862
18558
6169
15694
3273
13148
13116
24220
10095
14797
28512
17477
19113
30616
28017
25468
13562
10394
29165
9790
21912
6150
3582
25229
17445
13919
23871
7100
8146
28060
23172
13084
7625
