22049
17691
19583
23140
14446
6063
175
3453
12051
15766
1660
4197
13397
28269
28046
13082
15186
24270
30524
10761
3818
21108
1961
8026
8843
11670
11024
25324
10574
7506
18951
26003
24707
25792
7201
5854
6594
25118
15866
3335
32446
14972
25752
25153
20717
21636
26643
29302
20828
6927
12515
19821
25349
14099
1932
19462
24289
21606
17615
10085
13505
13935
24746
27723
1462
19563
21455
2128
95
8682
17828
14021
30782
1907
23468
16990
32574
27885
3681
13048
26293
12586
5275
10252
25351
12244
24756
494
29059
31291
3173
3698
14548
16165
18729
18677
444
32467
378
12579
19461
9269
16093
24047
5556
7702
32300
11535
24235
21435
20778
30739
27788
11881
12335
9702
29084
23592
5749
2016
18634
27543
18784
24588
24009
26464
5426
25472
9150
22653
20990
8665
2487
490
31404
25587
14229
26315
17405
16773
22414
30999
673
25948
10900
4947
2317
21158
14330
17918
20284
12667
19744
9536
11813
15869
20033
17200
20771
1898
1423
11664
26674
31298
9901
30807
20516
16038
17193
5917
10626
24611
18735
19602
13230
11000
22036
28836
19531
2229
29510
5733
5014
5239
22443
14730
19268
11493
13471
2774
15612
27744
12322
15540
3476
3162
8080
1042
421
14676
26923
23511
19813
19834
13248
21770
17487
29839
32661
18841
31444
4797
32404
17980
22488
29534
16088
32373
24313
27556
6913
12074
8264
29799
29871
24779
1357
16652
19138
20038
5206
17857
8962
9394
20871
10133
25352
17818
15278
19187
23925
19179
24145
17482
6910
21040
8266
7229
16042
11819
12033
8703
18619
12204
26077
16587
27915
14999
20220
19051
30013
13080
12361
20023
15363
9064
11522
9788
24168
20018
23649
10785
2723
31934
21048
31649
20907
23060
30506
11660
31510
4735
10579
19064
13629
26892
15973
389
32070
11627
2671
13686
12616
14034
25710
20039
18913
32003
28402
7174
32120
7859
7023
16553
16402
1686
4888
11520
5658
11262
20590
1902
27674
22062
9478
30952
5164
29279
6285
11213
23716
26066
6271
3881
31152
26748
24369
11796
31616
16200
18789
24233
20244
30355
23060
7608
14945
22178
27400
11050
233
28866
8206
17378
24028
22041
18825
31192
29189
26299
13452
9749
28460
30968
10922
13009
32112
5156
5174
3307
27270
22197
15361
15349
31798
31441
25331
28487
22360
7202
14393
24638
21159
7875
19233
7743
26457
19223
30849
7609
11860
25598
29013
23397
7095
24572
17158
2776
8335
18719
25869
27483
20863
13784
14235
16574
12986
32343
17847
6078
23890
1261
14332
10941
3647
3362
4227
20530
21232
21864
22223
192
27166
3108
23237
28799
21694
15887
6265
2995
26781
27348
23424
29821
22362
31263
23237
29820
18909
1994
32594
3385
30531
6990
20743
17945
18489
14511
17844
21136
9102
32720
25905
9546
19452
11726
28365
12919
32111
11037
15503
30400
1150
9656
11462
7103
14279
5430
22952
24397
1019
4947
27198
23828
26806
19549
16178
5657
30590
17108
10379
24348
17661
31197
20268
30506
1464
17868
9808
7478
29081
15549
16872
17753
29621
10745
27729
5381
18330
30677
247
778
12997
17304
29623
15951
21185
21112
28980
25593
9642
30148
29336
31028
28873
20951
20602
22383
32008
27700
61
307
25090
9906
6922
25809
2106
14896
23219
25455
11337
8216
17905
10717
16468
32538
23855
28487
25531
13810
32369
1425
8096
7627
6538
1336
31093
6386
5820
25455
19219
6429
27250
13026
20853
30230
22653
14919
20757
4663
10082
27037
26148
27562
12988
29685
12987
26423
27560
7859
14268
27600
20241
9621
13825
19839
10623
10110
25877
30685
30433
24381
18126
23279
19961
16813
5746
27494
11998
9477
13849
16642
10086
14371
16280
22241
8156
21851
26320
15643
29892
10078
25827
8096
32033
9123
25351
6641
25767
26031
27527
17156
1887
7702
30434
17896
15285
14191
9346
7503
21152
9851
5714
11140
9616
15902
24036
19136
22568
26258
20729
24699
25141
19569
12210
6312
2069
22815
20401
12600
4040
13383
32081
10501
24921
18826
14682
8356
13907
12132
6803
21692
17259
22200
3599
18838
26397
20856
15496
21937
3001
30518
21896
908
4205
16517
2053
12634
24575
5982
29052
13215
23673
12951
5882
19330
556
17529
16042
18503
20860
19894
12013
28997
17337
20644
3376
31456
16974
26085
15231
27820
14095
32167
1474
14516
32422
8546
27748
17952
2586
27111
1620
20389
32344
27748
23853
29326
2013
1561
4231
14971
12795
2750
6047
9164
26671
13738
26230
30451
9490
3791
3216
31356
6448
29727
22907
20202
1875
12200
3382
11629
3647
927
5823
5046
25066
1387
21651
10395
280
5750
26217
17257
26332
15364
30442
15505
10288
8887
20335
12401
504
30302
26288
18901
2705
23141
26409
29382
31824
9811
27142
1683
16182
14801
28475
17941
22734
3124
22052
12823
23034
23712
18045
24044
28386
5504
10507
18222
24278
29935
20430
11431
12211
16301
15073
17156
1482
21903
19123
26091
24896
29999
1600
32127
23454
11641
266
22968
987
30491
12159
23498
20152
21417
19750
9067
31928
28503
31702
31583
26601
6641
16449
16397
22161
30464
16147
18742
19979
22135
29847
9876
3956
24723
11489
5163
22916
6984
24633
25539
23241
30741
24685
19714
24749
8983
4569
5472
30156
22972
4670
20880
837
22313
5119
27289
5893
8458
15427
5109
3136
1302
16827
12719
2117
7572
8218
23220
9634
20516
5296
2112
21353
25019
26061
15277
4406
5082
188
1984
29343
27567
2769
27778
30618
21640
2226
8073
2785
29521
31153
30673
26148
4714
4799
31594
17196
23276
31570
28788
7989
11402
19799
25247
30401
16845
17657
4951
2080
10599
22508
28770
30936
21313
9532
17717
17319
23862
14560
13082
11605
31031
21587
24182
18180
3214
4221
18941
18837
9980
3716
21057
23679
15208
1313
1968
27001
9490
6672
26006
13995
22032
470
15944
3792
13876
19272
14523
20225
7695
3047
18376
24314
13662
24068
4658
19944
29958
6977
155
2957
10721
10084
14644
19883
14404
19922
26074
30234
17962
10541
609
23616
15264
25162
10530
6903
6089
17507
26157
13707
22718
20033
13835
10877
16177
23563
10444
6346
17747
28889
27988
23480
13375
23076
19378
19658
3951
25769
14211
12214
12737
14253
26020
12811
11094
27918
2644
24240
6968
21379
28638
5330
9836
10618
21351
18093
16647
20645
23779
31944
23653
17756
29277
750
8283
25548
6152
22122
1024
16645
20276
2306
14193
8030
763
2694
5007
24523
16206
27695
14882
21126
10510
12567
826
7296
22197
9901
947
4361
9771
5195
7480
3359
6225
7168
4592
29049
28369
10968
6424
19962
8831
5605
11070
14508
23264
19956
10584
29616
24802
20661
25265
10546
20859
5346
16088
29695
7353
26548
32319
6979
28848
21939
6758
17797
32053
32096
27469
21999
5141
9783
4721
4745
8273
22381
26445
5086
6081
16104
3678
29840
17909
7737
32410
25455
13765
21316
20238
27083
24339
3230
4798
11813
11715
3074
32293
28760
27099
18399
12265
7937
12820
2665
11698
20943
11263
18358
8601
25240
4735
28974
13596
24905
10334
487
7383
10359
23033
7705
20304
20565
7153
16411
32212
8728
13094
20591
25113
2185
32761
26063
21028
23449
26466
28823
3319
29766
26264
17314
4259
107
17103
27812
24525
23340
22220
10834
18353
1391
798
21299
3444
23785
7706
24040
19890
11974
6510
8867
20509
21348
31846
13036
26326
2983
20128
15825
9600
17362
16142
2072
1316
20771
4995
7559
17518
18210
19227
504
31354
7822
10297
221
19158
24824
27088
32617
3080
127
25997
20329
7883
21273
26008
32581
15694
7971
25524
26966
27316
183
4161
19214
9777
8374
23072
15158
30373
6754
18827
4810
26778
3669
6402
4384
3905
20414
1329
448
719
15976
20013
7473
7632
3045
1144
7015
10292
3088
3676
25984
25119
32626
20394
26883
2544
8386
20522
6098
6062
18035
26665
996
4882
9541
1003
23111
14965
11659
22977
15981
2194
30013
21353
12834
5634
4789
24556
10424
26768
28729
22120
3620
31314
29393
13884
27358
15657
5805
31765
8237
6373
3003
32427
18030
6598
16578
20515
20612
17149
14505
8064
12665
20864
19896
12272
27769
13267
14044
32733
13101
3666
23257
31888
11105
11852
16374
2822
25483
32528
5587
4885
31164
28839
1248
18454
31431
24741
5909
15885
29185
21887
11380
6235
19215
4860
32646
30503
31116
12562
24112
17229
16296
1582
29199
24707
23362
9629
2787
28416
12952
16475
16226
25676
5287
12280
7731
23605
24790
11339
16568
10334
2767
15228
29224
21100
102
31059
26449
21193
25119
15341
7089
16113
2600
2552
9409
16541
21046
2323
29404
31730
29899
26999
10544
14795
3469
32764
15702
6803
21858
20698
18158
28065
9021
15472
2436
22885
5709
27456
1874
23940
21702
16269
3071
25516
20291
23943
8274
4375
16932
2110
15176
5634
1962
30798
1188
18846
23470
10057
19159
16670
22676
7819
28672
15419
9080
30002
32677
27491
22385
4594
17791
15277
31966
564
30424
8268
32479
14323
24559
4650
15148
27911
9544
15011
22010
27691
10003
10297
25147
26764
4091
19624
20877
13660
20144
16536
4351
173
2398
20910
7498
14309
21422
6407
14108
15125
2361
13945
31218
7297
9657
19932
29815
2607
12438
75
31669
29975
1723
32450
20759
29219
30126
9145
2931
25276
17022
12481
463
24835
24614
5907
1102
30907
28270
6282
22470
15985
13692
31905
28413
26247
23893
21909
30052
11273
16799
1947
8588
11845
21770
19609
4021
3918
32359
17791
19521
6193
26100
16563
20173
6673
3919
10429
28050
16354
18945
21989
19546
29795
24315
29586
5860
6154
3691
16304
27090
3246
5186
6541
8488
28112
6820
24244
8502
10995
2197
18210
10403
2070
2914
163
28152
1935
28623
12464
19527
2695
18170
30322
30728
2071
24007
23755
29022
3771
29925
10995
30196
11386
10659
17913
7098
687
31798
6944
32710
29380
19916
16252
3013
32369
23321
7494
12043
18409
16542
1639
30362
13874
23688
654
5231
8264
30983
2950
20656
5584
24961
9819
25214
26162
5805
26736
17441
8615
1483
11748
10573
18427
20025
8682
14154
9195
21259
11591
11740
4821
4161
25978
28528
28087
16995
8651
13546
3341
32414
31067
6937
24453
27559
16604
909
25577
30885
30178
2524
27596
23214
8375
7758
17361
5188
18289
3750
27923
17454
19923
2322
17308
3935
17794
1609
29091
15088
9621
799
4702
11530
5737
28766
29640
9747
26567
22683
32269
20353
24854
9523
24533
25637
5502
12768
15680
23259
6131
9724
1928
5909
4754
24774
4264
18206
16183
3304
8874
7569
14057
15527
7953
16614
4485
31589
21395
10275
28091
19287
29634
30521
23706
13082
4900
24903
19727
28561
26955
6265
3286
32150
22644
27004
2231
32183
9918
17751
7608
17000
31202
421
13698
4473
27486
10257
20678
9633
7740
11260
2429
2557
29427
29673
27675
4288
21169
13427
4507
4262
20993
26401
18004
28176
378
18592
20607
6725
69
32587
29053
7967
21229
4441
17997
7990
28520
24628
13951
27003
23828
2115
12427
9284
11749
14342
21026
32339
19244
32089
3434
539
31116
9773
12908
2409
4450
24161
30438
6253
24184
20471
7684
21810
8573
19189
18286
14476
6601
9711
17231
15027
29951
19778
17666
25669
16973
8059
2238
20241
9448
12151
1987
26806
20483
18164
2858
11053
28193
25103
2606
31597
31115
25233
21152
24875
30182
6912
30654
1822
26233
18078
30853
11252
26602
2374
7116
6851
22151
2691
31453
31768
19587
20977
28680
18736
16321
24582
19374
23701
32431
24322
9996
14568
11633
2519
20062
22897
22151
23719
13861
28477
16777
20368
11849
31567
14060
30124
7205
25074
4818
26563
21724
2551
24234
6566
6707
22843
25298
1669
11199
22816
32445
26007
20186
32590
10709
9855
3828
3218
8034
7782
27278
23636
27301
8913
8043
32364
9777
3435
5072
24526
28401
18886
6608
670
6681
6026
2474
16393
20986
13089
4821
9473
15287
15704
11009
8493
25709
29346
3463
30636
5792
2417
30703
14982
20756
14158
32451
4289
12491
4876
13509
16807
2148
9795
19378
21604
11824
2464
4245
17804
2293
14960
22885
18723
23690
8168
30525
30663
19019
12215
25190
16887
23649
2144
30059
27958
13963
12248
26484
17543
19148
15186
15875
1377
19274
6699
16668
14119
7846
20754
19278
5390
27273
7464
18955
28191
23820
595
23331
7197
2206
3952
11900
32094
31174
4965
6021
25308
9729
19497
30190
11107
17755
2713
26629
20679
31601
859
221
31513
32280
12447
27573
24705
641
10122
31612
12544
9291
5137
14295
23835
28128
14863
23556
15356
29124
10689
29874
30725
19376
13789
1049
18198
19030
8489
21449
27335
2373
20721
10189
18990
12069
32558
22354
9269
27261
26539
16860
2371
13127
12049
12828
5766
31283
315
6980
12692
13906
26470
32158
18819
23516
9648
5570
20299
27360
21026
29444
17225
6396
30960
2436
29504
5392
369
26775
14844
32731
23529
19401
13727
1405
30124
12749
11439
26965
29792
823
17614
24578
29420
7681
29102
10484
26020
4936
2496
23716
27933
17151
13565
208
9707
10769
24599
24322
13554
8792
28431
30480
22680
10471
10681
20122
9897
28298
27404
15890
11267
19079
3353
14748
2466
18420
8925
3702
14611
22141
20071
4780
2555
25560
19692
28465
16412
10270
28542
25135
20526
15394
32467
29300
23321
25588
29715
19034
96
21019
9860
18924
24991
11761
31680
21195
15078
2749
14706
4887
27735
26314
9403
4531
17405
22477
2767
19935
13090
17538
32275
13869
721
6480
240
20742
14390
1831
15934
9102
29255
27740
26838
22577
6725
30998
28461
6438
23648
23160
6494
7842
25685
10326
115
23457
19945
23122
5981
1944
10910
7126
7920
18070
23858
6975
26835
4662
25781
30572
7174
185
15550
13776
6579
30426
7566
31132
9967
17281
7412
7966
4011
26869
31572
30561
13462
1664
29401
17231
14607
23534
14197
6145
5773
9855
9206
14603
9463
4284
31504
9682
11756
2134
2985
16309
11041
8721
16321
23777
31366
12760
6693
14792
14093
28364
24785
4065
15750
21389
8743
32295
31794
5239
27607
7404
6960
6175
24411
8710
26669
4767
12051
12619
22525
19136
12969
6894
18671
677
24798
24113
14601
19904
10465
6766
24783
3614
8500
11133
28069
3688
31717
13884
26767
9280
16610
25587
7303
16173
21424
6764
25297
24059
17486
12167
8320
27349
6999
9409
12687
29242
27332
9934
17769
12904
27441
11233
32281
17729
23942
22608
15086
3846
6888
7197
26985
19233
16442
18651
23565
11597
22836
14993
17517
32002
14684
32754
4599
4160
14066
30813
32438
7209
7400
24877
28820
23695
20645
23812
2450
31147
5453
5020
15977
12077
1051
16262
6068
29049
1051
21111
18506
12555
3476
8936
2719
32665
14348
25158
4117
692
19709
10566
28975
32134
7606
24815
14973
12144
7171
13667
10779
30111
25328
14188
18092
31949
12469
32139
2171
4650
17874
31684
20323
14757
14899
5316
11223
31697
293
21875
12072
15581
31712
28961
28130
22545
25545
27174
13046
3416
22520
4713
29049
26379
11089
6146
18575
30481
19983
5817
3107
369
17130
19001
6355
26342
9234
26274
25852
5736
13429
13719
2515
22880
2634
11456
5403
30571
21245
12280
27006
32479
11079
30409
16062
32662
28803
22167
12804
23328
13920
12283
12991
21946
30675
26942
11883
15053
1583
7877
22285
21146
7379
2790
22038
4509
8902
17421
30527
314
15916
23338
25473
29808
14902
30018
29771
2463
27338
17804
12137
26136
3929
25362
1930
14272
27303
16896
23971
14057
8617
11522
32389
6063
4886
14894
27444
28969
32271
13381
20265
19908
17395
23191
12996
13744
25065
13700
6775
7757
2426
21647
20165
8128
18146
25806
26989
11386
21762
15571
4884
9124
4193
1634
26047
11289
24434
816
26686
3921
11678
925
32408
30529
30062
11239
29726
11734
25498
27674
29602
16391
24283
15449
8202
19395
14874
11352
3598
5326
2605
25953
6470
5365
4328
4932
9381
29494
5232
25546
459
26918
4767
9470
32224
17769
3441
7360
8586
8320
31547
11654
25908
1022
24881
32015
12336
28797
26105
27048
29108
10215
20080
21022
26328
4025
5297
7268
11483
31592
13595
9316
17297
1119
8511
32574
27225
17500
15404
7765
1351
18352
7210
12317
28335
28049
28860
29788
1643
3546
16470
32627
31287
24786
21564
31510
12514
8473
11731
21311
8169
5782
531
32183
14834
3969
6101
27585
3281
15088
8628
31888
31159
12316
11989
16575
27587
2982
30594
14114
27254
15721
30232
16271
27924
27612
26863
19585
21625
994
16921
15937
23567
12815
15703
17749
7406
29138
18886
16162
10788
17189
24114
25761
19851
7883
27054
21477
11084
14841
26764
3899
6835
14560
11356
3436
23697
30913
7028
31440
15985
12100
29925
3004
10996
14458
8055
1714
21867
5170
7363
498
29566
11645
3704
14639
28166
5791
25670
29001
16376
23381
25151
19809
25416
16390
8262
10021
19197
23532
15879
31656
7623
15849
14190
17263
26957
7306
23819
14116
17627
17334
14996
28636
1255
6125
26104
19585
20071
5716
1945
32239
7055
30682
15824
32087
1585
17028
10511
28471
11179
2841
28355
28259
25652
19823
3067
23762
6823
32238
26092
17521
4246
10151
7316
21751
19630
4285
16085
18473
17943
27173
23893
21258
26579
3490
17739
27219
3465
28447
11403
6080
91
796
21952
29195
25644
12990
11732
25756
2039
10744
11151
29619
14855
16332
8830
13341
6469
10435
25817
8668
5070
31880
4247
28408
8744
14780
14527
9753
31994
20413
8124
8555
19062
25498
17801
22889
22784
23297
30567
10540
12261
5319
14248
14199
10897
17996
20520
5610
29189
22106
29466
29691
13026
24036
18664
8670
7233
11155
28303
7388
29293
7371
8171
13898
29555
11083
29995
13333
28791
24300
12850
18768
30785
8449
27144
23013
29042
13538
5781
13008
6101
30710
29101
16754
29988
24311
31739
20136
10893
24003
2452
2091
726
24362
3044
29812
10468
14804
21449
24981
9583
21767
32291
23290
29002
980
11350
32220
15786
16182
7648
4867
31440
15826
22423
22358
8846
15962
15322
1020
15641
27009
23380
2291
14996
28600
29035
29929
16480
2484
12981
22357
12321
7896
7460
428
26328
10027
9091
4651
7280
8200
9136
5746
21007
8170
269
10688
22720
31265
16123
9591
18201
4155
11969
22463
1308
14590
1605
18071
6375
8508
5339
2166
10238
18264
7182
12431
18948
30182
2461
23021
8468
18074
25493
8127
24345
2559
27703
26800
12453
21188
6084
28088
32192
2024
27170
8196
7960
8209
938
19350
8740
15501
32026
28683
3866
20633
5244
11335
11462
14497
2123
17497
31447
731
9218
19280
17577
28850
26815
3670
27065
12991
24615
32159
5322
32546
16409
31966
28861
9963
24979
16674
18834
24843
27031
3218
31469
1678
10891
19937
9906
15446
3398
12621
32276
29215
32118
3572
23394
11762
17004
3657
12884
528
1518
27652
21492
32551
30513
32221
2252
14199
11985
17448
29622
25070
29144
16367
15155
21307
31879
22963
12628
20605
5758
32614
21233
7002
29807
28857
22890
31749
28752
20580
11610
10436
10439
31899
16621
16286
19947
23211
13413
31011
6943
24825
20833
25118
27493
20659
28465
9108
27988
23601
16188
11467
2432
2164
15378
32488
28109
22
18473
14678
31411
19877
21516
2815
3250
17113
27728
20467
13877
7079
14971
10519
26791
30898
7156
1228
12302
10700
22407
6990
21330
29514
21496
6891
3745
9192
1867
9096
1921
22044
6451
11166
19898
19627
15091
28835
2502
18491
14429
14099
26547
20088
25600
26074
8808
30749
23680
9153
28985
5073
11897
25962
25346
29945
9737
16604
22665
22264
184
30898
19156
31250
21616
15844
30421
24627
31543
11093
9616
11806
30916
26588
19250
31975
20822
13244
20279
18163
12858
9206
15213
11427
15447
17981
9224
15782
1026
25858
7312
29689
36
23234
13866
7826
20581
29187
25787
24634
12939
27555
24270
32758
13670
23124
28271
1992
1191
5558
9976
1508
24642
25438
29620
25540
667
18521
2126
30945
8289
29550
5339
1294
31209
24369
11472
14352
29427
30223
8395
13614
12054
8553
7960
4419
5347
8358
10980
7825
6504
21299
28024
32354
8796
31202
13587
14304
5182
15661
1646
25451
16958
15463
24308
8936
22649
7051
27376
24319
26140
30286
17956
11624
10033
8332
3871
25353
10870
22635
30454
20493
19358
17948
32292
10177
6693
4359
6874
10810
31186
2861
25658
25679
22689
27826
26014
17314
30987
29286
24569
8592
15785
18565
20849
982
3010
7231
13104
27400
12396
14711
1745
23101
838
1640
19983
30651
18964
3073
26378
27101
1134
11061
18520
23908
8524
12706
23138
419
15886
23009
7071
10812
32716
26855
22387
6346
14745
7596
16182
7102
12048
25787
30610
16004
31331
6752
17756
19796
30780
25179
840
8198
17532
24403
6570
11513
17673
32042
29568
13222
30039
20405
6637
14113
7718
6362
13774
14640
23251
31777
1803
1353
7154
32602
3117
12647
14453
24801
28796
1322
13377
14968
24213
19178
2708
18117
22059
32600
9975
28186
4069
13655
11116
5106
12994
13000
2112
22695
3302
28769
19083
3454
31736
6233
18337
21416
2923
31159
31247
12322
18883
27285
5488
6872
6079
11954
23642
16452
834
8560
30748
16913
4215
7068
27410
5520
22228
10261
11561
11282
29356
14921
26241
21663
20300
25740
22782
22891
11013
31876
27910
30318
3062
25848
2347
14596
22541
23788
23209
27146
22465
5323
29826
17050
24245
32749
18866
25305
20724
26081
18332
30217
8835
30731
19625
2537
19703
7031
23017
2778
14095
24781
29105
25078
10627
3183
1350
23263
14875
25237
27156
4780
10320
28698
2809
8301
7391
20202
14059
15387
13136
29667
26778
11185
5680
21593
25513
14169
2537
24583
16719
20556
21478
17152
25183
6367
7856
465
7787
15376
23689
18201
23331
8425
28517
31421
12451
28475
10746
13145
19268
7980
19874
26311
29063
34
2395
1871
563
3091
26978
26881
1553
28985
8286
13108
25277
6587
31279
20866
30432
6151
19140
25327
27541
11545
3882
26661
9973
17764
19077
13540
5021
24898
1378
17000
3269
862
19686
17239
20719
18662
19996
19967
22631
1425
20391
5056
30103
23859
26550
3221
16270
18067
1842
12243
30186
7157
3770
10142
21040
9259
17529
6336
8323
7928
2477
23756
30691
1032
20876
25295
20904
3765
14569
30126
13052
2217
13711
1777
2941
28093
15815
8360
8552
2619
19574
5608
31089
12840
31976
13116
30623
4881
4536
2315
2210
29471
13211
23353
13501
721
14633
3924
11424
24951
28096
2446
468
23515
12992
14580
24708
17347
21568
1777
31317
315
7546
31271
18236
31652
28318
8360
20946
29708
24109
11668
32475
1063
16417
29342
9566
1722
21081
29677
4251
21816
1429
17495
1582
1712
25386
13257
6334
13969
10867
9146
23646
19813
25683
12669
24738
31694
24019
26178
17089
27105
28165
17359
2641
507
23853
32017
9419
20129
24410
25674
30448
23694
16778
4484
17908
16599
1195
8149
1795
2905
7939
10728
31911
2871
2446
9727
11905
16523
5681
6032
5733
521
24556
7709
11726
1271
13263
7749
1759
28924
31517
26317
26831
13899
14015
21372
7016
4810
19115
24997
23211
21884
1118
4014
11384
17561
21147
28305
18634
2190
32387
2564
19702
25306
12140
2373
21382
17921
9360
7439
10
12385
20019
20449
23440
2867
4070
31963
14003
18119
1754
1687
29618
2183
7088
26558
16519
5512
17861
10269
18312
3910
26113
9567
16515
8818
7965
29620
26578
15903
8374
22302
19206
19652
11089
6793
27241
19309
5246
31050
6086
27720
10979
15813
7477
17371
10734
26879
3870
7181
14173
24314
17118
6756
30273
30119
31220
22543
30505
25962
27730
9650
4502
24326
22860
15308
6267
20734
9375
1794
17841
13758
2928
989
25611
27605
9328
29476
824
31992
9327
5066
32617
31147
1565
9942
725
4911
11347
16807
2716
21467
8427
18656
14427
2287
10923
7493
23315
26257
5096
2577
10197
27083
11438
7264
5777
13902
1127
18707
14848
8748
16403
25233
22472
17073
16727
31650
751
19681
27693
10180
30198
11087
30475
15391
17494
2707
24121
12767
768
18896
8889
17809
27544
570
25654
27720
3929
25292
4885
5089
20373
2300
31316
19195
30570
29612
26781
16022
11417
19693
13086
9471
12343
6048
16936
30641
9271
24054
29742
20605
24764
13583
11639
4270
18158
3041
6237
23936
15523
4518
28371
13013
1841
25063
21265
23764
12796
19932
18307
1908
2606
5253
31823
22393
27241
18953
27810
22236
16274
14108
28102
9134
10541
829
27630
9385
6783
16422
16894
21109
11728
32543
8329
16550
10139
1717
2096
15423
8561
16620
26677
9144
11991
29231
11176
30412
28823
9663
24860
6893
5135
6328
12998
8671
30319
16503
6896
12091
4372
4911
8282
16542
27646
10728
5109
25825
6883
31377
2032
23392
15669
8397
9459
29732
12819
12435
14509
7230
31977
19421
21611
31136
19440
20330
31460
14556
20099
17548
29562
1215
25515
18738
8827
2040
228
20025
8733
19922
21170
30151
12268
30512
16679
7244
31876
28656
5704
28918
20516
9608
24275
13092
16608
24368
1506
4674
19216
22791
32338
3258
10098
30666
4692
27470
1293
25352
22402
27386
25765
18346
10893
27894
16485
19548
24401
26951
23061
18895
22846
12395
30992
16019
27486
13388
14561
23716
14320
11996
4190
13065
15680
24775
18856
30285
22318
27351
6353
25877
7229
6467
17331
19599
707
7739
24581
14159
25259
32764
20747
31146
22628
21486
22413
14436
25691
25485
28591
29875
26562
10361
20921
28434
13534
9450
20171
7376
18197
23528
14879
429
14884
17745
3420
14476
9345
15978
32492
3201
15006
948
26950
9113
20674
19351
25347
10946
31313
7316
32546
18046
19045
29803
28438
13618
4107
28199
31183
25359
7961
27987
15923
12589
9247
17955
17948
1646
17127
10717
17877
25990
25534
4975
10981
19733
16319
13274
32140
12131
17808
7659
3390
5526
31107
15709
18101
16309
22958
22794
23652
24202
3866
6679
10503
20183
21455
3598
23410
28949
19966
6034
18859
20442
20022
29062
25702
10417
12063
27185
29511
23569
11243
32730
28976
11316
24953
6872
3095
25923
16317
21271
24441
14816
17276
8070
27382
4233
13314
7850
18533
1050
8953
24669
13161
28812
12330
28994
24665
16326
11896
4572
11080
20628
24520
30284
17200
24086
18955
16680
25718
14054
21610
16219
9936
18679
6527
14404
6404
1451
22915
23716
18425
753
28110
15401
539
28007
21812
6246
28114
13060
9671
19890
10285
20569
11231
1272
25589
15359
15332
14504
29043
28098
31826
12384
4264
23972
28114
12298
3334
14312
9449
5831
5182
4198
27435
7904
22650
29736
4654
18564
5040
12551
26272
24029
31574
3183
10254
27312
27077
18396
1310
20571
24611
24171
30678
23769
26254
8925
12348
27781
21047
20505
26050
20646
24515
16001
10129
28435
30653
14279
8874
3978
25179
7986
22354
7633
16034
9579
28444
15879
7276
5767
18210
19189
22260
28930
26776
32685
26861
21925
31603
31788
19515
23566
21289
21019
17638
12508
25667
4415
28267
3829
13679
13385
28422
8325
7583
24263
4188
25544
4243
18095
12699
3597
5341
32570
5555
20092
28231
6472
30849
14309
30088
23784
18965
25915
24387
27444
17800
12537
1342
31016
2018
20950
28431
5221
12506
31280
17010
3419
28342
13895
11566
21046
696
9505
21383
25472
13625
843
31242
23241
28318
27943
29063
31791
5129
6360
21050
10734
961
7515
30346
1974
29144
15871
22079
1400
18598
23941
8567
16496
7038
6494
4845
12129
26219
9856
23998
13557
27793
20044
14514
21049
27695
9933
7487
21274
11576
22383
24520
26555
18706
31682
14077
15568
15119
8488
30471
15969
2111
9808
10712
23283
13541
18079
8828
6497
19909
301
25271
31834
9204
12039
10739
12632
24011
31233
11523
23867
29460
27259
22828
6060
16531
20640
31377
32111
13390
6579
27884
22656
29535
2666
26347
11163
1014
18778
32526
5141
13994
32590
6036
9425
23627
3829
20572
4726
17643
25218
483
11907
22515
21729
20213
3187
30258
716
16761
9578
7152
31272
11697
4088
5051
5113
30841
5778
8878
30273
23274
22382
18333
23734
3397
31121
15909
17126
19796
179
8609
29183
27650
13703
31125
23839
24845
19463
4352
16217
15461
18805
24806
31239
13020
14675
7989
9260
8641
15271
6526
29742
7525
10766
17796
6503
39
20829
26784
2942
20112
4457
17430
20672
5390
28788
7258
30773
3494
25657
13437
19810
8963
21994
11519
23263
5634
15194
12091
32166
23311
25438
2235
24824
5769
20693
27826
29415
23575
8920
19481
7974
21660
9612
10247
3493
1893
10794
22340
13
8598
9161
8963
16191
25655
3837
12390
15527
17746
13402
22338
32046
29578
16026
9928
23484
16938
3747
4384
27289
12853
30494
2885
105
10912
5051
6892
13724
26557
30372
23927
20648
1034
27657
114
2238
9950
22180
30450
14118
28470
25983
21426
8065
5654
20790
27123
29508
10647
18703
11621
25453
17509
32535
24277
18235
11254
20041
30115
17204
21826
5243
17085
14719
5076
29408
29727
31213
23948
27748
22090
27386
25758
24421
13759
18036
1731
8085
12464
4436
136
15418
18863
10328
27781
15934
9451
1549
32146
16400
10419
14013
680
15804
13048
25343
1199
21079
463
28542
4256
14916
26912
3068
30073
7263
22125
23507
13227
16259
1008
13273
15369
14960
24032
26489
25885
10901
15291
3972
31586
8382
19079
15138
24346
29341
32583
15063
16599
6326
6170
31512
7180
12515
15786
9489
16113
3816
18579
28062
16595
31424
30718
29125
25791
25474
8790
3985
15896
28889
28563
29076
32326
29987
3967
30944
22567
5204
25389
26988
31699
174
15739
31810
10043
16359
4585
474
19575
21182
23347
9196
31580
7325
14748
32123
28745
793
7479
14632
15787
29959
27459
17474
672
11051
27154
1974
30118
10746
31917
29925
2722
25413
1015
6204
17731
1022
14934
4993
15350
22112
29052
8993
7072
28338
13841
21066
9564
1292
11132
10090
25803
407
7041
23018
12072
16093
21258
27120
25650
20453
1346
25474
2981
21600
8813
32685
5275
7956
12416
31144
12392
7063
32215
28134
18965
23945
258
25107
9031
19633
18303
14933
21794
30335
22526
10793
6103
26768
28410
9998
21255
10229
6557
15611
13287
10743
16090
2649
30860
2600
1071
1672
4944
10280
30749
2127
13985
16557
30313
8991
28755
1133
21886
30440
20547
7784
24819
3939
25603
15136
24350
728
4103
22767
24989
20457
29794
7931
11410
26923
13331
6951
27919
9415
15364
31089
15550
15132
29627
10652
1030
24772
12429
11349
24304
1369
23368
5324
5134
29765
8608
26521
15780
7699
5292
19778
31518
8875
16942
13049
11782
26946
7048
17467
17656
16910
31320
24642
11683
20040
12345
13213
17331
24609
20063
32314
15745
1313
4540
540
8369
190
30025
12084
15821
11422
4922
4941
18540
26704
6379
11171
13158
14950
16973
31035
22691
3123
3571
8263
24936
18367
6963
21593
21072
15106
16530
27762
1547
22679
30696
30942
23376
5988
24601
24952
18998
24557
28650
6799
24477
30800
28771
12616
11727
11113
14105
3340
21948
29195
31409
7680
19990
25635
4488
10205
28057
3404
11706
15074
415
12051
15317
15235
18087
12949
30203
670
30475
13553
30608
13594
1615
18993
31520
14907
17259
23116
27239
27574
21142
4858
12326
21816
10404
22899
14960
16830
31595
28878
17028
9734
10137
28083
12347
19025
13634
7787
21131
27050
19847
6453
4988
31827
25598
4615
10427
20992
11085
27841
19621
16658
21051
31076
19879
27640
1787
5161
23988
2074
7312
27317
13372
3782
12061
22107
15551
25397
31693
30779
13771
27204
21583
13147
