19215
423
12863
31418
9906
16717
24311
21428
4513
7224
23068
5506
26533
19443
32360
32142
19068
20264
10373
22702
25908
28423
2228
13908
6723
21589
20898
10577
9384
22146
9652
3066
32015
16746
21990
14096
10305
26901
10320
17857
23604
9999
5479
15724
19213
26199
14141
22534
15700
30851
13253
3010
11349
16455
19361
30260
3031
28866
3289
18229
16791
31905
27140
27768
29634
30453
8537
14111
32218
5733
7692
17889
31459
7063
6906
16502
19790
3643
334
31955
17079
22957
7053
2094
14402
20694
15846
27022
2112
20228
18864
6526
29800
11528
11868
18808
6624
4681
13398
9090
21256
21576
31392
15672
30209
2670
3974
17132
20720
28493
19175
23493
6843
17842
17919
13811
15799
27481
17158
3815
8044
9307
7857
20039
28158
1489
6365
486
25294
30718
7202
8423
26715
21792
25643
27236
9973
23030
31908
9165
14778
6573
26440
22089
30948
24137
12739
16655
29043
3436
20240
18053
4703
14366
23591
11846
21552
20892
2013
29872
28535
9201
19416
1854
14907
19569
15280
18626
29597
9165
10278
3507
6563
24256
15654
21619
29389
15371
8923
1593
10050
11530
6376
26266
20599
23338
32751
18268
8749
1011
8009
15729
26849
22525
25051
18938
24850
8270
11879
16002
29951
26805
30724
28849
14710
4384
32373
24061
17672
14777
16888
17760
22037
21848
14162
9603
23104
19710
826
10484
18368
23616
19379
29396
24311
28708
27454
2540
15990
25103
31662
31286
18433
26522
27517
10646
31138
21108
3932
12318
19923
32759
23533
29887
31283
21698
10808
25488
24067
17719
27865
30621
5270
18740
19972
9101
10036
8952
19
32422
3136
30331
9764
12967
18669
29047
5537
21528
13429
14634
17535
14865
88
26079
20652
27367
16926
25678
24350
23269
4428
21081
28772
26258
12418
283
28363
4009
32269
12527
15999
23835
21757
25947
31833
22350
29002
30870
7514
19017
16711
25555
2405
7008
24236
13720
18371
721
12433
12911
16363
2774
5956
6090
10631
12435
11601
27696
30235
13680
4738
12811
6600
21373
3192
29366
15297
12868
13666
1917
20665
27232
25483
25567
27536
24701
26559
32079
27161
20682
17504
20076
26577
2879
12192
25413
31342
2658
30607
4606
1455
28832
21324
18401
21761
30565
21612
17707
15180
18054
12798
26978
21913
947
1765
24286
5435
10256
29483
21827
32313
32526
12091
31771
4692
4723
24478
9701
32077
5989
13026
25599
9581
22250
22718
18243
13762
31536
18822
17582
6637
28485
24403
2359
20723
8374
13150
13012
10244
16094
11237
27356
23201
16873
29384
26226
26454
30244
26944
14853
21127
30040
16784
12875
8677
1100
30148
21778
13000
14309
24948
14598
24147
17201
762
14991
22119
18873
19084
27247
29916
16266
21633
8687
29608
23047
11244
26781
14695
25294
3246
11258
24620
15789
25419
2320
8371
5960
16198
14659
7016
28824
26346
22492
19772
23715
9838
11423
21563
3660
25321
25802
10802
23812
30754
8921
11290
14102
19932
30999
4143
16323
22041
22520
13481
5357
31162
19216
16364
25607
12637
32588
10539
8026
31040
12076
9340
7025
21535
23967
13083
32438
5116
24443
8655
27388
26531
23073
26070
28174
6965
4511
12870
17386
28193
29133
6418
9893
20853
6789
19305
2138
9179
11599
20786
25911
14053
5640
7939
16154
1651
6063
6362
19203
3335
28647
19433
24164
13345
5009
18382
26216
27347
5900
26262
13604
30537
6260
6877
31830
18215
32505
19761
27895
31890
30800
6578
15638
16349
7733
20324
3373
19713
18233
13930
7557
22994
14282
27000
30376
13114
26904
28614
29571
17709
22094
30116
7356
19425
28654
15061
14926
6366
13629
2738
23272
1279
18939
15518
22991
19638
25297
10331
6039
2058
8313
8901
3584
30860
2622
15614
25844
1751
21773
32370
5171
15991
19794
7974
20941
2187
10766
22141
19010
23297
20563
13997
15642
19550
25663
16133
8625
2398
10201
19838
20488
26221
14221
11527
640
23530
1492
32159
10697
828
32385
9250
22349
22564
26786
16820
20560
30188
933
2142
32571
22369
29106
4079
19445
27046
16244
13057
16089
21221
30494
1899
12188
25760
3376
8292
24239
31816
12154
16869
21975
27839
6799
25320
5672
26120
16690
1016
27493
625
27898
27453
9562
4795
1198
5315
12658
26604
29697
8294
13111
8554
3395
28560
3372
27678
28811
1847
28938
3879
26154
29619
17233
8137
32690
15395
17957
23822
1068
12355
8857
12456
11285
13598
26493
1253
6326
6801
17846
269
21668
2921
30447
7258
4052
20845
6583
30197
23699
3676
30678
9919
27521
9691
1938
22532
10274
29071
11410
28477
25851
22662
6197
30222
26197
4366
24657
11685
409
3757
24035
2225
31308
14116
25699
18001
12437
14030
11611
23211
15692
6087
25808
22893
13230
3105
609
1931
4405
25005
26348
26620
30965
21674
9657
18713
10360
13783
1296
5286
19549
5589
12189
8408
7671
31320
18845
6812
21774
16640
8695
12924
13158
7638
27836
20217
24334
25241
23159
26935
20069
3369
12427
15752
152
10326
23439
14489
5763
17648
14113
7550
25356
32364
3724
22331
3721
4807
890
30166
29546
4400
4241
16281
1408
24723
895
15174
13077
27356
21952
26030
11246
23447
22875
12215
21887
23044
25951
907
15519
10347
20729
20737
16660
16219
7474
30763
4709
28080
5332
8357
3868
9874
32640
29684
20363
19407
19008
32671
15972
19610
16221
16505
29108
32387
28377
9714
24771
25523
13924
15709
22836
15549
23216
4226
26267
1276
27651
3922
6814
21462
13242
21382
10502
9570
27259
20576
658
25512
25049
6412
2634
8612
13462
8845
7156
32312
18572
8729
23868
17395
24444
31415
18069
8874
32310
26947
1628
10753
772
19339
21486
29581
1745
23213
16632
8178
1309
24729
8647
21374
15364
22269
16234
30407
18027
28229
12063
24592
6065
9997
27817
8350
13954
25275
3870
6630
9305
31739
23523
13778
8402
277
25820
19568
481
5910
22876
28634
32120
2201
16080
27910
22237
6756
29803
17935
13664
2129
9931
72
17019
18932
20594
19036
31828
11080
12119
6322
6029
1799
32288
9624
17092
12277
22768
20136
16795
17976
10122
2032
17336
6990
20859
8709
19957
21955
13791
1720
20841
6656
6263
21033
23054
5665
4060
2949
8242
26893
5732
13852
3467
21006
29111
379
27235
19133
28187
31792
25663
989
22732
2218
3399
20792
21213
23643
3759
17709
17519
5026
15399
26732
25368
288
4342
18640
2908
7458
21288
4310
10657
22038
29248
7148
26078
31848
21813
17382
29046
18340
5803
796
20203
17700
1412
15900
26867
1522
4058
3696
5905
14057
6624
1308
13890
18225
15799
23060
6776
24494
16160
31954
1320
23052
8788
436
29255
19317
19395
19260
9840
24211
12224
2068
2914
29348
4742
16289
2376
2927
16945
26932
4441
15574
11249
5101
31670
10096
28794
6639
15461
23183
12129
21214
15479
27856
10323
14034
27595
13575
9053
1806
23133
18643
24843
29344
1406
16316
7891
24962
24394
14961
3790
20975
18885
20962
31116
31579
26580
23725
4453
19719
16989
8805
21814
3272
25777
28485
26503
31846
25335
7346
5462
522
15299
11685
24333
5426
14403
32007
328
27598
16309
18955
17114
15674
21912
5052
15397
37
7097
16946
16003
20660
10266
2334
17960
3044
17483
20981
23787
1621
32028
27183
32583
18487
17565
17174
5490
13248
10626
14010
10673
29380
21034
28481
25413
7987
1445
22014
14254
24022
18280
12332
20058
18330
29518
23586
6517
7056
15915
21182
30776
17555
19108
30864
3888
18713
20271
22887
13344
22795
12664
27798
13473
32230
21093
5333
422
1756
10495
17925
9511
21574
31768
23904
31041
24092
15994
3334
23236
17705
23984
8697
11877
5866
9823
27055
2090
19183
22014
26369
10326
27593
2991
15430
24688
6370
30517
26297
7810
11693
27427
2628
21401
126
30135
28615
7143
13341
6294
19978
15239
15241
26459
21061
1481
28875
32332
32457
29324
1824
8455
1467
25791
182
28110
17300
1762
3674
31781
10879
8216
25033
9449
26112
23421
15093
20348
11049
25802
11539
29420
9956
29209
1650
30737
28232
22350
3395
24255
7901
306
14313
18294
21403
15548
1765
29941
23122
5438
19458
23477
8360
12237
487
4411
1843
24525
13023
29913
10765
2139
26755
9708
1478
12371
20692
17693
14583
15937
20629
11883
16680
25792
10216
8973
19209
24254
20653
24512
31215
27289
7728
4847
10344
28846
32105
8350
776
10075
2352
2928
14456
3078
6197
30160
18767
325
12557
27153
12041
19292
13488
20981
31315
15492
17277
31550
29798
10815
18933
9068
19426
8157
13476
13585
4732
26066
2020
24512
1208
7592
19462
29246
5023
20737
18225
8850
22524
2640
20387
5402
9044
12007
28312
23989
16688
29622
96
19197
28064
24815
16781
19021
15753
14479
26385
11869
12794
24588
29900
20487
22501
11365
17727
27549
12993
26987
18095
23425
4967
10918
6591
923
23111
10303
32730
26098
7481
11750
7797
12468
20680
18457
14067
22335
10763
28406
11658
24331
5274
15068
30932
30382
21070
19097
21275
12256
30012
28849
17252
2224
9945
10913
28211
32550
28464
4192
17623
9091
2893
8767
2115
10317
32454
7797
21771
1076
12803
16521
9188
27983
11905
16204
17706
6916
20126
8305
11932
23323
27858
32573
21194
5240
29482
5302
31264
9728
28567
16854
27890
22385
2044
26026
7802
2487
8040
1187
17522
23533
28581
1072
11936
13917
12921
18852
30884
12858
9105
25228
12971
7272
5611
7554
32541
7782
27054
29125
6216
28523
4577
27404
7485
14940
4227
24955
2275
4124
25196
27492
17429
24760
5311
25551
30100
1513
22344
24135
9500
6822
20719
8204
16359
796
30745
26069
15292
22114
26723
678
1112
28953
22835
25708
6736
6820
24488
24462
5997
20293
26727
6702
30924
23785
1761
18224
30147
13000
3976
18930
2773
29114
6615
9234
27582
16388
216
2190
32729
18011
18965
20040
2686
5373
13436
4995
15304
3517
19401
9155
3890
24354
1086
23185
14335
8022
29616
23609
32107
6760
19619
8812
96
24035
6071
16256
15997
22991
30371
29213
29793
19976
14327
4376
5994
31310
28015
27758
26392
13196
20156
18888
15211
5580
14157
25840
31299
3945
22602
4592
17240
6826
15980
21323
11199
9626
56
391
7856
25413
8384
26088
3422
28969
32425
23778
8141
5688
25871
24252
25052
25390
12473
1242
15024
14575
4788
16633
27943
21537
8417
14076
763
21409
13375
19633
9894
10867
12012
25819
8183
21550
19441
27617
24178
23759
20170
21277
27735
28079
13057
15024
16473
21538
24333
10564
21876
25356
19882
9865
4131
2303
29426
16467
10032
7693
14991
18378
27336
18598
16451
14328
17654
13775
21806
226
11077
6499
2971
5143
15353
8329
19885
22783
6173
29217
1411
12700
7482
3016
5577
5822
18664
10229
31801
13788
14960
14754
5433
8396
24472
17901
27353
1011
31684
22157
2525
25832
31763
5276
24394
13926
7509
558
15217
12817
7546
3003
29923
2744
23441
25801
5046
16141
4347
10771
30038
3617
24213
16591
32699
8218
11535
29695
7379
7439
1902
32613
7295
110
157
25799
8730
10426
31310
21359
29994
27030
19568
5709
23256
15343
29997
31887
25203
17769
6156
26711
28035
32206
12107
15616
27919
5634
15412
18701
16809
30800
7431
27538
29053
8116
2337
4661
817
25612
2807
2769
27726
16230
25682
28811
5248
2431
14580
16348
13025
30301
1964
24372
30807
18868
31606
16177
32031
22822
9221
5536
28043
29047
4252
17076
2345
4941
27476
8165
8589
156
22149
2919
25809
32381
25420
15377
7828
10343
24526
7396
2725
2038
27635
23078
20408
31621
11337
9414
27129
129
13064
524
8762
18603
2535
24107
120
32708
30197
27555
21341
23155
21259
15156
4199
10745
24241
28039
1972
30096
25389
17102
14703
30518
14255
28158
28435
766
8612
16273
1823
13380
8198
7486
9111
12597
18580
16839
4179
3857
19453
6462
25142
1398
12189
16121
31785
9000
18367
3835
13897
9193
25034
28679
13795
9537
8455
7793
14081
17106
12474
9746
3933
18405
17231
17578
10499
19979
23986
7179
16548
6512
24106
18975
22235
2163
22784
14102
16839
11050
493
8528
14229
19712
31433
22848
9101
10509
22850
19044
9229
32300
15316
39
17806
16810
17218
31566
30846
28802
5341
2127
22646
30507
32231
8693
833
30906
16572
7440
16533
20339
25332
12103
31915
2156
9926
19230
27962
22467
28160
2857
21727
20213
28061
14856
40
5824
25633
3029
497
8478
24247
5773
23891
11275
23754
6898
15783
19585
1550
20470
31373
27305
18560
32603
32753
20634
22312
14706
12950
17236
25886
23126
28606
27097
26729
8847
12015
2583
7341
31297
26368
122
2786
10194
7890
15657
896
2394
14886
23385
28220
22048
727
12220
13570
24073
20718
28022
3408
15294
783
3788
15259
519
16550
29844
29887
26072
6846
22823
12554
16466
31030
1472
14419
29352
13643
32695
9676
19115
28561
26887
2314
11589
17091
14490
11862
16619
23765
30492
32071
27431
27349
2767
25628
4711
23153
21034
8442
8489
14650
25148
31960
26783
21348
31834
7063
9501
17514
18816
6287
2683
20421
18537
4347
510
7252
3180
19851
718
21621
1400
21416
30681
3182
22689
23869
29581
886
1861
7528
25285
8837
7910
21772
14925
27063
15021
25017
28938
26747
1472
8902
8351
27350
16913
13320
10923
27782
2711
1518
7867
20476
24812
20823
25950
21580
655
6985
7659
26121
5709
26995
9476
21005
3016
16891
31693
3223
21716
32675
26387
27190
18588
10707
7646
30834
19646
28541
5882
13991
13114
27268
12905
11494
29699
4529
13212
30598
7307
3826
27989
8567
23812
23750
3500
17000
5043
8775
12766
12616
12504
25136
5209
11573
13820
3878
14964
16895
6517
31690
25059
20435
27861
26962
9585
30209
30283
22465
27310
30476
3833
20634
30539
10243
31770
15757
16244
4437
3648
15923
10607
5007
16280
15580
13871
2064
29734
10342
7484
9064
19605
27644
12940
14039
13565
1535
24288
2456
11398
24483
2933
20647
20802
30490
28131
5761
8744
6482
4704
13783
31963
11163
5458
32486
28745
3442
24593
11086
13774
10955
8142
13437
10988
3622
11040
28498
14792
17630
1140
2130
27088
13316
17624
3479
29090
27077
14559
3380
543
29047
229
2879
29192
10033
10448
14300
8953
21429
18128
18403
25904
29607
13840
4475
19209
29777
14028
15213
14478
16647
24277
9855
11345
6806
17235
11651
5723
32020
20210
14390
2114
31689
32023
5238
2855
32371
23604
970
8121
20935
11462
6429
24722
14252
12055
20717
19869
16965
25348
17570
14586
24679
15318
12966
2557
816
8671
31537
10097
11001
31363
25487
6750
23419
3677
16437
3888
25912
520
9681
5737
157
25880
14344
26956
16810
13369
14732
18018
2681
26018
8801
16527
16146
2139
19340
9036
32244
28997
8687
32504
9539
4904
26603
17093
22838
13794
14473
23756
29603
1579
11773
5836
20949
9503
28880
5742
26967
3289
19747
22610
4415
6633
22885
8746
8038
13900
4855
20525
31892
3342
17594
16013
16206
30051
766
4798
13047
14709
26942
15355
2831
22202
32349
24582
22801
2233
28732
10093
2469
24225
28544
23249
401
6418
8642
4148
3933
24656
24885
13637
30061
26579
28251
30527
27279
1594
28672
14490
14832
27732
12796
18275
31329
19774
21572
548
23389
26942
1446
96
21866
20928
19211
7385
18230
31786
32379
2341
3953
26369
15499
31433
21319
14551
21909
19700
26909
16510
21196
3688
2422
23214
7344
10594
7891
30348
9866
22268
22471
26792
5149
21979
15282
17919
7581
1136
30099
17563
19724
2293
14063
18980
15203
11954
20627
403
12245
29872
6355
6979
821
26320
11424
32246
27670
17526
22716
28835
11385
25238
3195
5031
26271
30190
10245
10217
24173
27227
15323
26988
28253
21744
5479
17944
1503
18468
1588
25825
18706
3692
32066
13181
3715
23352
4573
30426
10292
19378
21481
11608
4595
14291
11397
6177
30218
17112
6174
166
18080
4296
29601
667
25056
1387
1140
1123
13413
29487
28752
15139
8322
4232
7256
6077
13509
8431
25504
23524
5268
13625
23458
16513
1643
11931
4280
16767
17068
19046
17324
2797
28306
28002
4661
8218
18598
19282
11514
29829
17
11477
28783
20202
16616
5387
9737
18497
18747
26291
9904
9762
23670
6225
11801
12134
29381
12465
25391
22733
15407
31478
21647
18514
13362
31677
32702
28448
22552
25916
30938
27485
23775
4639
1549
1311
25207
18339
26707
31283
18308
30357
22869
7023
16022
2811
6318
9330
32460
23206
29959
22922
7706
3131
14434
18938
503
18309
5718
5987
12839
25586
24303
24940
16547
21116
1496
26532
31076
22785
1150
10068
6713
14814
21362
6278
22676
5147
8233
2068
4677
15761
14500
20776
29911
28562
1407
12273
21526
11741
22514
5966
16881
1983
17511
31157
31659
21231
3919
10534
17152
25757
23181
1313
30535
3391
23555
1829
17483
21518
1131
17413
30544
29865
9042
936
13103
9551
15721
2429
15163
20907
22451
25946
9975
19164
29093
24009
30963
15399
27863
15113
31504
13227
15534
1373
18128
13319
25913
16935
25107
31475
9254
5083
18919
1784
9365
26618
8928
24604
28999
7336
5250
15621
17784
32606
11001
30957
13827
10721
6975
6846
21963
19660
15370
340
24311
23193
8167
17717
22136
4568
15332
10072
8377
7192
6676
16260
13782
18526
22326
24147
30639
19771
5780
30865
18979
1434
31766
13897
20581
18610
25361
10534
9420
30204
6781
24202
32756
15860
10606
9326
24474
21819
14643
4188
10714
18424
13357
18603
8059
6264
16315
25581
8539
14442
1290
4309
12211
22354
4797
2490
18491
18793
22192
6236
121
11421
19833
25558
16397
20654
447
18216
17819
2274
2338
15620
9579
18844
16353
29242
2194
31030
2209
20027
8554
1162
23055
26311
27414
19913
26139
10246
30217
27644
15321
24799
6861
20097
15893
3637
5148
199
11686
8311
14798
23314
12181
5828
21565
15208
25087
29435
32432
31813
17165
22152
17215
6812
13438
28574
10301
31846
26296
31612
21765
3911
6978
18930
31841
6318
2749
11022
19949
18872
9631
2804
25873
24093
26027
32492
24410
12850
3901
5497
26047
1495
1785
31012
1591
22063
28414
9839
25813
7973
4139
20697
11701
4246
13111
1238
19451
31554
23984
1996
13487
31705
7552
4931
28810
11687
20173
15366
23739
10364
8549
5812
13721
9678
12942
11149
3029
2926
10361
19307
31749
20746
17841
12405
3145
14959
30917
31539
1835
22680
10974
278
27686
26137
18173
25473
21146
7859
10613
5430
23942
20052
13869
32739
27667
4213
14986
22717
8426
718
20810
32398
22083
7404
31272
4080
30353
21419
13517
20420
6969
28103
30353
29157
18523
451
32126
3573
647
15110
10096
25651
11093
9313
13395
27539
17090
32364
1372
7107
22988
13359
15927
20543
13385
19238
20407
16175
18413
21873
13538
12048
1604
13916
29090
6114
21458
20924
16932
9616
18815
24239
24551
1210
31838
18712
2834
10247
1500
20137
302
19474
26236
9589
19719
15010
10588
13600
5093
31282
12459
26625
27909
10555
4384
2119
6528
24192
19601
7622
32732
27882
18926
18837
2867
5765
14425
32064
7547
21134
12180
28469
11875
11978
4278
14839
16726
7406
27362
30810
14339
3092
5799
28884
3155
27046
15452
31021
21973
13720
22277
15534
134
3086
2528
1704
23537
31928
22544
22511
15538
2489
11662
32286
13721
8343
15653
29601
29531
31795
6413
20574
3942
17588
19614
15835
16218
20314
30360
19260
29724
567
8206
18454
26128
31070
17337
31981
28262
8154
19849
9979
25383
16492
10611
31410
2593
17558
10145
29979
4637
28603
186
21530
11648
29310
26706
7595
6634
6437
30708
22977
17782
28077
17436
24625
523
30222
17711
13641
549
5410
6941
17571
32115
24759
11733
16652
10388
17766
29664
13187
8368
13082
15552
14585
5908
26940
12300
3242
6308
32273
20508
5338
19461
32112
3613
18464
28446
22142
15865
25310
11597
18433
31252
25926
31256
27350
15412
12592
648
29818
8629
8495
27555
18049
5113
30909
25257
32608
17984
27133
8825
30547
8708
24859
25361
11356
4232
4850
3209
10588
6611
11669
14510
25827
10060
18252
7051
1103
6544
450
5117
30926
30606
26384
28212
21568
24271
9465
31104
25844
7643
20106
8668
6092
9258
31864
1520
28739
7287
31561
8271
21360
10120
29072
21455
26529
19089
21015
2736
29385
12975
7458
24733
15508
20917
3136
5020
5039
29075
6497
22682
2104
20327
14354
901
17536
30378
19397
19864
30083
12865
4547
15250
19364
21967
25353
9847
28016
2102
20034
27836
29510
9092
20983
26594
23212
1196
28133
13107
4738
15437
9172
26423
4372
31636
27127
5787
21975
24019
26889
9038
3956
22818
29272
8337
15408
7202
21824
6254
2148
2836
1652
26138
31857
12146
7671
29281
23532
12779
30713
15581
10514
11229
24516
4829
3482
12843
28280
25062
26998
24528
31661
26020
5602
30896
17760
28971
6077
16020
9021
21812
26869
575
15209
12346
31039
23611
28736
12548
20867
10929
3649
820
29807
24858
7707
17967
25231
19341
15297
20010
24395
21847
1207
13061
25920
31876
7297
5201
252
16771
18837
526
12041
17014
31505
19602
25118
29537
16803
2147
18157
4590
22963
20571
20224
25683
10066
16871
26791
31965
22239
28404
9086
23062
32504
426
2815
4337
27782
11336
30318
24847
31002
25720
21982
32652
7757
3824
26367
5754
26495
6578
18122
10187
16971
6165
13791
77
4473
18056
17597
8773
8846
27922
32617
6440
17810
16053
10258
2939
22001
7186
5199
9822
17179
26432
24107
31868
129
20801
8126
12083
4093
19641
9713
8049
32406
30655
21502
4652
15065
6925
14220
31417
10595
31929
3099
30918
13601
16111
2658
22809
11125
19588
8083
8670
14766
4306
474
20134
13068
30543
4519
12987
18172
241
29669
24359
21454
8610
25370
32317
9224
12594
9165
4135
3909
22112
25438
1263
16136
30904
8676
23819
15738
16857
24008
13753
20535
31298
24383
20184
4831
17862
27036
12055
27514
28963
2660
27415
32737
24229
20436
3209
15324
5851
11927
28710
28442
19902
9270
4294
30182
7823
25005
22901
18019
11227
908
9985
3366
29340
14491
8453
2776
5838
21505
23096
16506
18001
6426
10287
23632
13366
31051
46
3567
25839
12297
27131
3716
15027
4511
14005
23489
5555
28658
7329
13607
28045
28260
5080
525
21637
9530
15957
26440
1640
20486
24558
18519
1574
943
32344
7932
29897
32314
23845
30284
14544
13048
25367
8835
29969
21908
13710
16158
27208
31317
8788
27663
29076
32143
32675
20278
15340
9597
26934
6061
3742
31121
20794
21621
3522
32677
26698
31729
26494
13000
4912
31251
18195
28795
28437
30171
21256
23399
26118
18524
17970
15016
8657
28473
10612
20614
14667
8723
22970
7051
8220
12233
2012
22850
7689
1686
9610
11693
4373
15354
15450
24692
2525
19966
5701
14578
19049
29727
24797
30096
3698
5411
2130
28349
25660
19084
29915
29686
25944
20367
1454
2592
31698
17570
16381
8342
6341
961
12555
9873
15822
21553
799
10375
23090
21417
9879
21309
7757
11258
26937
21715
5197
1882
24311
1318
14691
20721
9782
31476
32057
18824
23376
446
7182
4275
4929
21280
5449
18787
15743
11292
5392
29659
25234
5833
10720
26083
27808
11560
19684
20387
4893
29833
32068
17242
4049
14332
13971
3235
26997
20371
24205
14149
14822
25755
6999
9533
25834
3085
29605
3177
2641
2271
1646
25024
16617
12748
2928
7053
4068
29029
17226
23384
17500
12888
23584
26130
24366
7886
5482
10158
16851
9951
20875
16753
3742
29544
26500
14506
28437
376
14245
22641
15381
13209
23701
26196
21758
8941
9303
6067
17111
26755
15103
30883
17547
11043
9791
8242
2289
17985
11880
25366
24684
7705
20640
26560
10016
28635
12299
28965
32146
8595
31633
18995
131
23312
12299
31802
25852
8427
20835
32287
22695
815
20287
32400
16134
25891
12482
15140
1971
10177
3383
29522
20785
12034
21498
28080
25111
12853
23950
16605
15289
16349
32761
26536
30616
17715
21011
7762
13897
18500
8858
25964
27338
13569
9401
15956
14099
6180
12644
19261
24253
9637
4841
21600
4601
20344
3250
12224
6875
25059
23507
17741
7175
15154
30823
27402
7636
31256
7265
26319
19697
678
14630
3567
29419
25374
27324
10744
13828
881
7120
11375
27088
4000
9704
32350
31557
17159
17463
5256
18903
25074
11563
32485
18735
21594
14823
12749
12583
15776
29783
19815
22263
10094
23489
31819
18026
1647
6990
24499
5951
29995
9547
32318
24255
11150
10815
14582
24188
24528
8174
494
25296
1065
28035
26153
22383
30282
10910
8744
12343
5788
8816
16610
21966
1339
3343
31870
2156
9413
16754
21060
12628
10646
5531
18803
29079
8636
2214
32672
11305
27904
31071
3011
28126
14457
25553
29419
21614
24673
21793
17313
23747
23381
25138
906
32616
18602
20112
11727
7655
25392
17032
7583
1885
16805
28992
26156
4902
24181
5552
1503
12031
6124
19115
17539
19316
21793
16000
8233
468
15679
8499
30288
22913
27081
11805
19857
8005
3537
22572
1584
25863
26863
16822
24081
21293
30709
16963
2977
20529
24526
5268
23401
26373
13868
10962
30095
20835
26392
5407
22313
2857
26248
16270
13848
32654
5074
6856
4319
26166
10863
31450
16322
31700
26777
26733
6556
9674
5706
10126
9235
32326
26793
31111
20829
21625
2479
28086
30473
12654
1568
26705
27391
16220
21523
18968
6660
23304
4980
27501
7278
16729
27958
12541
28352
7246
28238
28090
3794
18843
1910
6892
13030
19862
24500
23122
29375
2952
14654
20900
17486
5088
5022
11460
5790
8112
618
7398
25349
10678
11301
26835
11419
17840
20382
24006
11692
20028
31194
30420
990
17017
15165
29056
26291
4331
27861
21729
8649
26061
5512
18681
31825
32266
28916
19220
17152
31218
9125
20742
1698
8216
18969
22372
7937
18233
19037
22090
27070
32590
11493
9182
8084
24020
12513
12345
19687
10876
25001
22725
7465
10620
23870
24812
17483
16785
29466
3343
30143
9514
1344
31500
32379
29957
17251
22734
6286
21806
24922
10411
9058
17577
27556
31035
18741
614
17046
21764
17932
30546
19145
3464
14435
12659
13827
9072
22543
5829
15310
31857
32749
19909
32752
6242
1419
12757
28413
22746
7811
21495
11233
2334
23586
29505
24861
31638
3485
26053
2924
14503
2562
25940
6164
32765
23471
28895
7179
17042
22022
25792
13037
10519
11
11478
19748
16976
16070
771
5754
23084
7275
32107
14075
19090
5083
17672
12654
25464
13000
13939
31206
3506
29647
24308
2135
18747
2400
11510
26888
14353
12948
13547
25318
3931
17897
7693
7690
17973
32608
11130
2819
14754
4309
15172
13681
11975
21313
29321
22161
27997
11873
5242
10248
17047
31503
27076
26211
9230
15543
20794
31217
32389
7772
19182
1730
26980
23336
29815
28398
29296
24887
12767
32181
8779
4638
3896
20741
19632
3443
12027
11767
32283
31362
17051
4552
10551
11714
19352
7775
6917
2692
5272
16960
10500
2255
57
17645
27494
12793
10467
10169
7883
31187
21298
14065
16944
13971
2759
13981
23166
18571
18031
20518
12356
28932
5183
4227
17934
27127
5353
27709
24169
28419
25170
6681
90
29376
17246
3291
18589
25385
17549
16397
17122
24192
28528
30523
28330
110
22031
10655
21743
25489
2254
23053
18158
310
14564
9483
10107
22924
5553
13730
27060
30718
3418
26595
4114
21571
13116
24421
9902
2966
32544
22613
929
25240
13307
21834
9123
19639
19433
30953
24204
1578
28330
9171
18353
20946
2161
3545
32494
820
7829
31063
26802
10987
29031
28183
25394
15922
25629
30
3923
26333
32637
17210
16845
7699
9035
13029
705
8832
8352
3524
31973
27947
17896
12317
24630
13042
29329
10877
20614
19199
26280
24847
15739
10271
26872
14217
19484
24927
30943
17759
15826
31230
13988
8045
20164
20610
21354
29339
22312
12893
18172
4980
19405
18813
1655
8800
30180
10607
740
3363
15391
28215
13581
2734
20786
31330
26946
3689
17025
28335
21561
7791
19845
3903
5330
8950
28213
1153
30014
26123
4131
6112
16294
24667
5830
29288
14396
8765
10912
15656
18381
6885
29842
30071
4275
626
14593
3572
13898
21175
6863
24769
18192
5780
1023
5318
32417
8196
7627
16858
8288
8606
24080
8651
29932
23230
12821
13051
12267
4701
24798
18606
22007
32215
26470
985
19916
27105
20959
14727
10704
13285
16428
14513
12477
6377
6398
27782
29633
21052
7103
22778
10748
15100
13432
30715
15021
29118
9957
22969
10459
24660
20683
4100
7925
1157
244
14076
2292
432
2710
17363
6324
32285
29283
28123
29301
7582
13637
4019
25697
28789
13345
8244
29825
24942
23134
1270
31837
28934
26553
16882
11822
27856
32552
20310
23928
8841
4625
16038
10268
8706
23389
26921
8455
1419
1900
31187
20697
12050
29145
8773
11250
20456
17317
21809
20908
18855
7052
13428
1224
5279
11146
8847
10862
26754
25497
10576
523
25631
20299
26680
26327
1089
6079
9715
8685
10224
18060
21970
6741
25218
31483
9135
1075
26602
21430
5069
16506
18702
2736
21302
19266
1935
654
23445
15817
11256
22775
2938
7753
32106
23821
22886
32000
14230
30697
8155
9687
3194
28592
19501
22619
25327
31718
3372
30447
7349
2708
12689
30769
3914
29218
29724
9533
26592
17211
6750
16082
11215
21488
31883
14784
15381
17602
18710
1697
31615
32025
13038
30091
14359
4130
31003
5982
18995
9191
13609
29129
8030
10629
6861
17496
18360
16955
32313
6996
29213
5708
2769
31675
21334
2729
8411
21120
5565
24374
9833
27687
14960
15005
22224
15814
27788
1962
24834
32553
7136
11429
8914
15396
14390
464
17085
21529
24453
23919
32293
32382
17536
31964
29167
16840
24636
16136
31569
11215
377
24906
32109
16182
13317
30241
12148
13198
1208
32575
7806
15419
32569
11543
5710
1395
1095
10518
9193
13936
10301
2932
9480
22620
11177
15724
9624
15405
19430
9850
25537
27478
11770
21667
25377
13111
2119
13956
15310
6394
3814
17576
18541
4285
17487
18000
22488
26571
27358
15717
31359
25593
18858
28246
10751
32704
13257
5135
7342
11978
5651
31760
17450
24776
11022
22468
13388
3073
16008
3166
4372
26852
3996
3766
363
16153
11663
23119
18950
3316
4326
13326
9083
12853
24834
30065
1250
15268
14695
18420
3182
19245
5764
4039
11658
32532
19919
31537
3819
9525
24210
740
2098
19458
15074
29273
30889
16668
29000
32200
4699
22266
1604
12354
2809
2012
12873
4968
16162
29027
21161
6003
11105
9053
25059
21431
20037
27468
7569
21531
4675
11790
28348
20906
17351
25175
27058
31163
6981
2372
10537
6831
111
9466
28578
8219
7709
15459
10100
23888
31846
13608
12967
19730
10530
20297
324
17479
23550
8284
9002
20006
16049
30977
22923
28905
28757
682
4561
735
16585
27375
15117
11581
18380
20968
6521
8832
11157
4291
9764
15903
646
25866
13754
5833
13032
28581
4647
33
18445
32019
11489
7654
6368
21366
5302
485
7893
27376
29080
30419
16144
27732
23306
16463
22434
30162
19359
27526
25897
13558
10748
14961
3815
13083
28509
4219
20578
6644
12271
18806
906
8749
23533
21368
8826
14855
31865
8199
29828
23547
31604
23196
21720
20739
19583
19954
26895
9099
11801
13334
11861
28105
26176
16766
32120
2699
2249
32535
27389
12220
11377
31294
14783
30732
13479
4808
24425
4699
26283
14971
5859
12497
10728
5556
1916
7541
12607
22128
11788
15629
16956
9905
2526
27372
23666
26718
15723
5226
28184
15496
12063
29057
4143
20910
16026
6543
9382
25266
15530
2408
11553
11674
7782
22812
4007
