20040
1653
15116
19248
5517
438
11754
4699
16095
19402
24083
21964
584
4589
751
20113
20245
8560
6740
19133
3120
25786
3269
12332
20589
31920
24886
19144
18345
22276
29986
18850
24971
9330
26736
21405
1569
5568
11065
23185
11718
20926
14427
9129
807
9499
13577
3170
13911
10587
25545
26647
27031
27004
7993
7918
15973
1122
29940
28667
29609
2177
5583
28895
32112
1332
30457
838
11756
3863
25799
1087
3194
21302
16448
27963
6038
17252
31754
20936
26734
13206
26443
16677
6214
28533
5253
19349
18147
14184
12365
16958
9332
6536
25292
6591
28888
13013
3066
28109
21771
25546
11602
4534
6446
20881
23589
10450
6343
29378
22638
21635
4195
32670
7699
6206
21867
14760
26778
11961
6772
3954
21427
19205
21231
3514
24735
5840
1184
23
17120
22788
28015
25858
3618
12034
578
25271
32002
18667
1458
6626
28863
12124
26687
22509
11364
1887
13410
14215
9771
6023
22961
14447
8321
15028
23640
22920
18422
13901
14747
5584
13964
22814
29558
31570
1719
13372
5408
6098
14968
28107
32328
31112
5083
24370
29167
22181
13791
7867
23866
26814
16169
19836
12262
28815
6227
16520
25393
24544
3433
16156
27324
5568
10871
4373
11940
14433
4439
17252
13495
12756
6126
17505
3717
4093
24209
21041
11615
27560
6024
13569
7923
14243
28731
32371
1582
23790
20383
32661
11880
787
588
7350
8057
4390
3618
3360
28950
5793
19483
8213
31751
31624
31478
27799
24967
3691
19904
15916
1382
4832
23555
7440
10396
25884
12521
13534
10526
5030
15670
22129
20023
18020
8886
30605
27242
8902
15269
6489
23767
31210
8596
16084
5187
3308
30800
29505
3579
13485
29921
9038
6588
13290
5227
15185
6384
31458
12806
711
10681
31796
5414
17336
16634
3771
26343
4825
12517
12487
5416
11263
4733
10403
7783
11673
20471
6820
16869
20555
12888
21798
25174
23204
6591
31990
15670
29345
22603
553
10156
13295
22479
31655
22365
18383
5876
18036
2647
11888
29943
11500
3744
1005
23367
18930
21403
2578
30306
14463
27891
2006
12774
18879
23221
32624
23780
21875
4308
5536
545
8227
10825
22893
16509
6553
22920
9071
5304
26646
13456
4403
25802
16849
17015
28430
22971
17327
23165
31699
8353
20152
16099
1151
1466
13279
13383
20637
14637
28607
10236
23269
6597
1914
1057
19841
32490
24461
23655
9217
26033
2625
25078
14144
4519
5511
3162
11685
26064
1496
25411
28349
6189
26762
1602
29992
25330
21475
10083
7034
15925
11890
2707
32554
24468
19440
12089
8399
18953
26499
4125
2838
11549
26828
24262
25643
32441
19683
6607
11825
23765
25879
28737
281
20842
21869
4727
29662
9438
15013
59
26991
6075
11888
3021
4897
13252
11022
24267
13409
5778
27410
17181
18679
30524
23451
24176
24613
17269
3297
19313
5597
7913
1254
28242
9679
26865
25882
13651
4006
10323
10529
3775
18230
29653
23766
6251
19994
23399
31179
19500
5736
12362
31405
8107
26097
23040
1359
11967
16319
13655
5994
22561
5906
28191
1274
32206
12601
18195
20862
20146
16859
27794
878
2479
6326
6210
24400
19817
27808
21593
29004
30303
12356
29354
17624
3269
877
7535
11508
7668
15402
10154
11073
2123
14506
27344
13023
1469
30281
26720
6523
7181
15664
16473
20045
26151
14175
31060
15406
19904
11804
3172
17279
5940
12122
24400
17156
4722
8315
12780
15227
22135
26474
10368
13092
19266
12973
13315
31737
25703
21148
22886
29161
18809
29396
29793
20573
21535
5988
30161
7787
19397
12025
6635
26369
19011
12100
21807
21549
30013
8102
3186
18224
20025
23978
4419
3790
9651
25833
13039
5580
22672
3480
18451
7276
20564
755
16433
28660
15956
10625
12377
31332
23367
28677
8944
28881
24829
12823
8876
5899
11759
31236
14777
17238
7294
27178
5991
6299
12822
31720
30498
30937
3618
13906
7978
22612
4017
25248
14633
20575
19440
7659
2378
8260
2828
3428
25744
23060
3591
18819
29409
12292
6628
3481
5316
7503
24531
14501
987
16846
1133
16106
19444
10011
3217
10320
21495
19132
18568
3910
25662
17117
4175
4180
16620
3206
30097
10672
10987
24633
28032
12717
5815
9544
20707
8438
19493
12562
19901
2291
23749
12749
14789
3310
12501
12183
2489
456
14472
8002
17599
6988
15784
9394
31998
11116
7267
32671
20918
18604
28013
16016
12124
1776
7062
18358
11329
6579
967
15170
17221
8743
26970
14961
8512
16838
25608
10025
8518
14427
32658
32152
11185
5485
18308
25000
13096
21023
4007
23241
369
23294
7279
30260
30096
28676
23096
18132
12038
32055
22843
30563
12785
5355
10645
5530
26437
12942
13381
19750
20028
1015
6453
4351
31731
11350
30690
28143
10095
12627
6290
28440
28240
8398
22258
27093
29400
4880
10578
8345
30330
1699
21752
17628
26164
5641
19973
29612
27201
11222
9724
8056
21967
19696
18903
6605
7938
25104
19983
3157
17098
11850
15935
21382
23309
25003
24223
25589
9334
23740
32256
32249
13949
2859
31804
27718
9959
12419
7438
12296
7996
31047
32437
25975
4294
31227
4053
3250
7848
1429
12529
22527
32755
18228
27337
27188
11805
14337
817
15040
23049
25111
29876
7584
20618
18319
10483
14367
19650
12870
16265
1319
29289
29320
3574
25714
20389
31140
17694
22025
14742
25716
15472
11427
17851
14825
18683
13412
21582
3066
5647
29655
1517
19188
32379
23871
8726
30642
28929
20699
2557
32637
16239
16777
16817
27077
11169
1378
5197
2394
9547
7486
29950
1171
11176
28234
32514
14749
11809
15852
31924
24160
5123
11758
14677
6144
27723
21045
19059
6787
18626
25408
15676
24416
19611
29973
26967
31355
23781
29845
10680
12529
28270
21523
19066
27699
20291
23995
31282
17085
20405
7082
29879
23658
28489
27428
25523
13961
5170
32534
19754
11844
7247
15792
14343
9960
27725
21799
13503
13147
18408
29886
16694
4426
23628
15240
8853
1554
23508
23431
12609
18564
3074
9090
27609
20928
27376
32570
25002
468
22894
2459
28838
26893
7624
25460
6759
3378
3681
8961
28812
18642
976
6544
28770
25059
23760
3478
16063
7629
23474
16746
18742
20828
10770
15587
11490
21163
31042
5321
18268
17335
30016
29839
2832
28393
14450
26813
31741
19727
25249
396
17972
20769
9577
27301
7959
17376
28477
24377
20067
31776
19705
14857
18213
11142
7937
13655
16381
11912
15159
18567
23275
15951
27284
20083
5865
15767
16356
25215
20192
11464
18011
20855
10097
13252
10903
31789
10471
9174
22873
11966
27375
9700
28860
29809
18781
18241
6378
20220
15451
17039
31695
10005
5156
30761
29862
4181
493
14856
12853
22089
2247
26030
17484
7887
1375
18959
22880
21839
3448
24020
22262
25748
30708
30037
29802
13991
20608
12003
5942
3527
11960
4117
1536
11822
8649
27629
25718
19918
17501
30208
8381
11746
4552
6842
26048
16882
10543
8708
1851
23185
13707
32022
21980
907
22940
24782
11122
1650
23814
24114
19831
30343
20418
32767
30993
4130
19439
24545
2258
12127
11216
11874
28252
9100
22825
13998
9867
15564
8709
8301
4784
13218
30977
27273
9474
31663
18404
86
14617
18710
3162
1493
15850
9508
630
22778
24602
8640
31622
22155
2534
9267
22973
21359
19343
26132
26114
16939
26896
21473
1914
11918
7564
28734
18992
13579
6646
4390
28
31723
22144
14774
14796
15693
15908
29349
27815
31192
28945
27580
19185
19002
24237
30600
21002
15582
21247
6524
27227
21475
13604
27325
22290
8298
12402
21175
17307
12099
2317
25746
29866
27434
25794
21561
7219
435
19924
14928
4478
4721
1036
22607
19911
29213
6878
5240
1249
425
18593
4866
8588
4937
22743
12094
12498
1115
10546
12983
12275
11151
27635
28737
4445
4982
30140
10785
12495
2963
7455
12140
6581
30296
17008
26772
28569
22368
9372
13868
17022
5124
19320
23201
14904
22496
24624
12265
8867
7069
4936
31580
30159
2319
3177
4819
7200
13312
2597
9806
308
20948
26650
12731
7623
19950
3830
30236
467
25211
17733
26717
20360
16922
37
7295
2108
26728
23213
19976
3530
28394
5782
31141
7314
25871
1275
15816
17014
8740
16146
21737
15306
5388
213
20429
20188
514
6343
28926
21568
25312
2267
6410
32471
6642
4914
5622
621
28421
31333
9758
21912
9167
8414
6544
5742
27297
4143
18201
1816
24270
18513
4939
19925
4627
16534
31075
2504
25026
17274
7704
5027
30197
26518
23346
1268
28431
31189
21535
2605
13463
25593
5312
1181
8356
3213
20942
24002
10729
23960
24127
16072
31221
6007
24470
19228
18514
10799
12388
15677
3891
6962
16803
25567
8677
27436
26895
10732
32531
3329
1507
17022
4290
3007
32465
27587
6324
4395
15705
31466
16463
13065
19070
26777
14202
24170
13001
22744
5595
1971
6501
25301
26538
26279
7026
10290
18561
19607
1207
25481
25280
22011
8933
15654
17832
24296
31342
9932
24259
12266
24186
24807
32445
29098
9963
26763
11605
26535
21949
7244
31436
5100
18197
27488
13026
18326
402
15325
27335
26563
31340
27005
21296
12117
8085
4387
20179
23781
6616
4490
20760
8903
32760
6774
25031
11472
17062
23800
21239
11583
20778
29184
10958
4178
19028
4205
11076
16006
7165
15972
17224
21871
11527
19905
3997
21946
19442
19616
19829
1384
12323
1540
5667
1625
23655
15434
21793
7207
26886
10085
11975
21981
26668
17674
18196
9389
32328
31393
10504
29070
18699
19327
13112
26247
25037
10720
30043
30265
21449
20231
2657
3215
10694
10772
17760
23481
3046
24070
1135
21360
4023
27504
21280
10487
3507
10636
22670
8056
15810
25342
24901
12709
3250
6977
6873
19368
21397
6202
24639
776
23798
25899
9364
8794
52
29954
10645
9915
27522
24076
13379
28081
12300
13102
13954
24337
11386
15234
30072
23080
13829
15479
192
5902
15906
29395
17952
66
11045
15452
30344
530
11595
15320
12132
9665
24748
27450
22007
10649
12399
28525
14600
3280
25457
11740
4505
2374
29066
26662
15988
24934
9995
1705
6841
14665
15517
9527
32668
8132
21037
14323
30294
15020
18117
23835
16366
19807
20853
30769
1711
32181
8434
15934
11172
21818
3039
1405
6099
21096
22615
21776
15633
18440
10995
30380
25939
27850
28097
24363
7657
24525
20866
24021
200
31532
14317
23759
26561
3184
18135
8283
2919
26125
1400
22332
17243
19927
2404
23182
19236
31992
19787
10417
20489
12193
18280
6905
28768
22411
15994
25125
11981
19992
22010
22826
1096
15770
5716
7284
15371
5325
18790
5375
16073
15409
26352
19420
7873
15430
26744
24014
20289
26235
14198
24662
32561
17650
18756
14312
14936
1124
2201
18735
26018
7082
2282
5947
21324
16940
991
24184
26622
9827
20148
14539
17713
16813
27982
14764
29490
2282
4568
20812
4534
25748
3740
29715
14256
23495
7389
18554
6207
32471
387
2453
23376
29
6789
24923
30365
27431
30137
1040
31705
4238
13736
31039
22270
6468
2566
26671
865
12869
2483
26375
13009
21651
19642
8559
9942
23719
3710
15462
29417
25910
29543
11134
11669
25393
32402
22468
24619
25926
7327
22254
22105
4490
14448
32611
26121
12069
27178
17877
23122
6120
15871
20533
8666
17508
14624
8955
27407
22180
22299
931
31984
14192
25504
16523
1560
20804
3560
13945
8041
32737
14581
1328
15405
19367
30878
29505
349
9780
26125
6601
13087
31384
16104
4120
13720
22902
1037
13574
27018
14120
21481
11994
12048
4369
17484
2253
29284
13712
7783
23093
4390
2252
21752
9344
28339
19956
9600
14955
344
23176
19945
20099
7224
23493
12754
11762
16185
27800
7674
20609
28016
8824
11414
675
18978
20956
25545
29426
14138
2444
3082
12221
18583
29615
14729
2926
3447
15137
19825
28974
22037
15003
26875
30887
25942
18898
7323
24450
11145
32078
18766
19993
1257
7929
4679
7863
10470
15079
16690
31932
19990
17243
18443
4170
17389
9700
30076
30309
5400
12874
21050
11778
21338
1776
18003
16005
16096
1639
358
4512
20875
11505
10647
6367
32519
29293
2852
9518
4822
18655
29949
13651
12670
30297
5909
7666
16356
25696
32326
19616
19705
16695
13720
17006
27734
9578
32747
18984
18511
25010
19300
14080
301
31866
32501
22747
12784
18622
26110
22061
22112
5764
3111
6193
22988
9647
11306
15869
32413
8145
31772
15589
10364
5660
26175
25939
32033
12135
13825
9043
23424
2623
2549
31736
31652
6971
900
362
31881
15045
8700
948
29978
19918
18815
25885
7269
757
16563
30694
26361
11113
11706
22854
24170
22205
14869
2954
18177
22340
32715
6360
18933
15831
16626
2376
30557
18093
17566
14945
2686
5009
24836
31080
21054
3625
29130
17140
26532
26923
23067
16977
12637
3440
27721
28129
10985
27699
22118
6622
5040
10515
21457
24191
6515
32467
7042
12888
32709
10045
14673
12724
20444
17522
16476
11368
1346
22563
8802
9646
1593
20385
6330
10927
30908
20169
17973
27868
4152
7630
7205
32592
14430
29224
29783
7043
31655
13349
15781
20639
5363
5942
2345
3517
17718
4208
27413
2656
477
29405
23944
17516
11822
8707
14391
26085
26350
13327
6150
27552
3376
32132
16866
2716
12579
9469
1458
2797
29167
13989
23243
30779
2201
20789
9180
28153
13060
3745
9662
9742
1893
7306
25161
25167
20335
21140
14044
22522
7300
22478
18177
27709
15692
9185
16417
29482
32114
28097
19911
8645
15154
9997
815
24591
14939
1995
28071
9198
1150
18445
598
1820
30052
18552
6973
30032
1510
31441
26898
31452
22863
31065
8040
8172
7519
4599
4125
458
5099
25523
20729
18728
5666
27475
20369
25331
1193
11681
20165
10692
21908
10799
13358
31271
26807
27108
14368
28964
6145
9950
30140
11012
13030
17509
24803
8886
10579
13694
9100
31340
8880
30522
13476
10966
395
10143
25728
21686
8016
28152
23145
19560
135
22712
26071
9271
22005
6023
27967
1917
21949
10132
11073
25651
28610
28295
10351
12312
12671
23062
11324
26576
20434
5107
33
14900
23930
20259
10250
24668
32086
28314
2222
10704
18860
24191
1173
1923
31328
23300
14963
12671
16660
20849
28828
28891
5064
29618
1078
18072
21718
20950
228
8811
21141
316
23278
4585
5407
28124
15414
10041
19373
28268
5694
3007
30343
20636
2299
23644
29358
16741
9906
4945
24996
3369
23617
19856
26884
22250
28922
27867
25544
2787
26614
26743
11566
21083
31545
3186
22877
16247
30996
26220
23263
17299
15072
2525
22377
20617
4421
29248
30121
31886
4517
14457
18067
5840
25712
9731
21517
29188
14592
31902
13952
13347
6102
9318
29634
5354
20808
9718
32706
16832
25273
10522
1694
7077
10893
12001
23322
15333
26871
20921
4788
2642
13569
11210
7306
23417
1572
32545
29719
17886
10713
7383
1578
32132
2114
29418
6886
9002
24255
10944
27418
14731
29516
15375
21109
9348
10567
7759
7597
7519
3642
16054
19861
12800
18256
29977
3117
247
2060
7114
10168
20098
28040
21673
29963
29061
30879
22722
26671
16270
19811
25436
33
21607
3314
15579
10060
9172
28073
10355
25378
10622
15343
7703
12157
31370
6213
4
25074
9792
28000
28593
4538
7450
22768
19267
19642
1525
15891
32148
8435
23988
9345
14778
4
19594
19640
2620
14306
31725
16629
14597
19881
12905
17325
26626
3016
6222
32611
30047
26779
28839
3379
25354
26052
19539
290
8341
28785
23350
32103
13859
28579
582
4891
8510
8823
23648
21573
16562
2123
18813
20218
17105
22867
4966
18942
5645
23444
7316
28371
12406
27452
88
15819
6486
10914
9853
11952
27621
19534
26031
1049
20295
1105
2890
18941
24220
9264
8819
23228
16611
13679
16599
14105
8374
16171
29892
11249
12770
11173
5704
29282
17737
275
15816
15132
21228
19466
23355
13855
25724
21364
2541
29530
14259
29649
27759
17747
32066
19901
21839
2730
22620
16243
15817
8336
8810
9131
31572
31377
3132
4670
25579
10616
12874
15113
8508
12713
9950
32370
19112
13380
10873
9802
32675
18480
28249
15635
27851
11651
10960
32073
2538
2452
5620
3724
20589
18919
10477
13658
27288
16775
18356
19706
1192
22090
20476
20706
23445
18046
21953
13648
22171
1620
5670
20931
12797
13793
25720
11038
524
1521
19604
18386
24550
10509
22464
20211
3134
23504
21388
15323
24290
26922
6042
8209
25255
5155
18355
1111
7581
23993
29616
22266
32273
11325
6204
20779
3104
10282
9565
11191
18573
30073
7336
9667
26886
18926
28430
21400
28175
20458
24095
1821
16055
11241
32399
11608
13476
15014
6702
25688
3894
28176
9713
13479
29721
20034
6448
29161
8638
7863
11722
729
21015
15741
5833
4648
12314
12498
29282
8875
10666
8976
14107
9098
26296
30962
7076
21622
17527
418
29825
30629
5303
10485
5319
13047
18789
19282
4891
6881
141
20574
7537
14204
22085
27551
27068
32434
13040
29929
9310
17771
5982
24310
8834
19006
31270
10266
1132
5309
10694
9798
3048
22386
19608
26783
21188
768
15514
18052
20332
5329
28936
4888
13813
8258
6909
13735
17364
18305
9804
612
17490
8086
25743
9621
110
27296
26082
7891
28347
25565
30658
12456
3345
13096
17516
19861
10410
29098
6044
12884
22361
26253
28029
21262
30456
12692
6195
32527
31187
26196
17626
2213
23808
28603
3579
5408
17206
24675
12815
16376
22833
30617
12687
18271
1381
25372
28363
6870
13773
29991
6198
9132
12211
20368
12656
29909
10454
9544
27471
27189
6437
6484
13394
18232
20336
26336
8278
16238
518
571
14709
30228
19634
4790
14562
8792
27404
12596
132
11242
21584
3947
32193
12063
20080
29794
6063
11747
24512
1898
2240
5645
21672
9737
20744
3480
13637
32594
13253
7954
12940
18769
11973
22145
20500
29528
20058
12813
12828
29285
5764
28157
14898
21944
28845
6250
13246
14048
31230
22135
30735
22453
864
19702
25912
6366
18606
14509
15594
22485
12893
5165
18198
9511
27507
3153
21581
26808
10003
3568
15694
8006
2054
27921
19201
1973
18426
4114
21646
22209
20527
25210
4122
23275
12455
18939
14599
13164
8697
14043
13443
21415
16448
28882
11555
3432
27979
366
4183
30042
16397
24532
8507
18848
23257
3550
12816
30554
25016
18829
28171
19475
6578
20837
29539
3653
30051
27119
4039
6483
22668
8129
28227
13319
29925
13943
6929
17755
13954
25283
19345
29259
28772
2709
5324
655
11069
3426
18596
20848
22113
14194
28625
22660
32441
29041
24656
29094
31171
13131
8512
18761
1699
27349
7164
4227
24662
23649
15367
17427
29034
8570
32231
7200
11271
18501
23046
32406
30905
25362
3328
6061
4149
22944
25566
17615
19959
15907
15550
10702
27916
24718
25156
8765
9741
24402
23312
18185
24994
30510
9099
21100
3232
12011
31789
15454
6249
28346
12972
1167
29228
153
30474
32166
18819
770
12995
31430
9525
25569
29812
8553
17111
1993
30773
6063
4389
26128
32297
30717
17939
16494
17697
10665
13534
4663
30690
27175
524
15941
23102
24155
23882
24803
10574
27574
9861
6409
18509
735
15893
11177
3441
9546
24681
17855
13558
23891
20863
4378
24899
21567
18616
20235
11162
20840
21303
4116
27415
28219
14359
4086
1919
23174
25381
18972
10369
23042
4018
4155
18770
26365
5959
30457
31804
29858
23714
12917
24413
8268
673
14442
24846
5328
8974
16738
20135
27625
22106
2426
21989
2844
7391
12880
16353
29989
3441
8836
21516
962
28515
963
18273
29953
21703
11984
11081
2745
19534
17168
31278
4713
20529
3922
4247
27203
1286
3475
25811
9556
28450
16818
19128
18612
17207
10432
9381
5289
6763
14460
11204
30131
6314
3564
9054
8167
16410
11763
18831
6122
10667
14406
15732
23237
26271
7393
7824
24101
4506
24758
5337
27007
25057
11444
5164
11186
30002
27339
4685
8833
8355
1914
8803
27391
26407
23998
16026
5323
27006
28434
19417
25076
6608
21598
7725
21029
21547
5561
16835
12995
21038
27962
20651
18738
13156
13767
20474
20491
12369
20940
24877
5130
29417
17932
789
31766
21883
14802
19872
7267
20568
7819
26116
22823
21957
15304
31841
29840
28952
8299
11608
8241
12364
1084
11757
24288
8061
31938
24441
14073
23767
25195
1426
25166
17022
1487
8265
15367
11053
16853
22651
7687
9504
3716
8869
17065
2516
4955
27193
250
17737
27421
29860
2684
3920
8869
22592
3629
23354
3806
24245
25186
25868
15811
31370
18207
29195
21972
29716
27703
12281
12064
1681
23214
7865
19926
20671
29597
28970
19812
9188
8871
15973
31677
24333
30
24673
9345
18107
29058
12369
23353
17360
13194
26066
29064
14091
21603
25716
20673
2183
31992
11002
20399
3951
25247
4879
32202
13489
27916
28475
26093
29015
17095
25714
15188
24858
4288
20429
17322
31109
17973
290
14796
22432
9783
6669
5712
2454
4285
5708
4923
16038
15367
12073
29595
8022
6667
5599
11534
15112
23707
32676
9642
25711
25079
31208
13083
20811
24870
20416
29549
9841
2491
29144
25716
9108
31963
22528
4329
29021
16357
4994
23196
2406
20690
22126
7519
30183
24656
16675
11974
31739
19195
27913
5643
24450
28626
28831
6024
561
8211
28374
25106
14264
25607
15792
18579
1479
30631
21238
21670
5539
21126
13089
4178
12856
13382
6053
5103
3590
26106
9924
14100
23762
11585
12369
28702
24587
18076
30932
24500
26996
25387
16662
11713
2849
29889
25041
13265
3995
23360
1521
26317
31369
32287
28307
15280
17380
20630
1240
8979
28123
1922
3388
6396
9149
9483
21266
29777
18252
9380
17312
27907
510
7059
10229
4791
18863
18076
19804
10586
3569
30983
24184
23539
26904
31853
3052
2623
31680
7750
15075
23569
8420
9632
22678
14483
4106
11302
10532
6751
5299
13734
30213
24758
30232
24433
14316
8154
24123
16820
22706
12006
13848
4337
4087
16227
15188
16604
19239
15274
28643
27389
11373
28767
6247
17359
6806
6199
24850
14917
14004
16760
24560
17908
23031
4447
19194
15032
13884
31379
8304
19000
17065
3512
29899
27700
31001
9059
1813
19186
3723
27118
22387
27133
148
11507
11785
10860
19480
28262
12274
24914
3409
32407
13401
29594
23931
1337
14175
4947
28697
18531
10852
13324
16981
32410
29797
15937
26353
754
3559
30826
20020
162
17300
21067
5488
7343
31194
5485
23607
23864
15481
23895
22666
2062
3086
3032
17163
15819
7270
18862
30860
30043
1479
5680
21523
11
29746
10636
27444
31238
27236
139
24734
17435
28893
31408
32494
27329
30398
21118
92
20254
31721
22583
13196
18934
21867
8167
7987
8631
7507
24266
21336
5344
12903
24747
21951
3500
28838
17813
24335
9953
10564
28860
6732
16964
20886
1369
13885
5182
12553
30926
19523
4475
28369
5749
4555
17357
26936
9576
2637
32464
14917
18631
14849
28493
19493
26994
5225
8868
5840
30503
26787
20673
27891
4444
25823
11807
20867
15760
4972
28629
13745
18369
6793
26930
29569
28024
4794
13313
967
7303
11168
18427
26639
24774
8153
10688
8146
17370
22478
24479
28200
14984
25320
4089
30995
29927
7943
19649
19758
16123
28992
22099
7268
2023
10628
21895
14183
30837
30917
2167
24506
21699
10528
12434
2736
23443
13183
11176
29948
6253
30018
32043
16383
16301
6013
22548
25428
30645
16888
20482
26693
21680
17848
2769
24179
30575
16231
12189
12811
6939
22176
25011
22620
10416
2480
21532
6439
11134
14082
4945
31722
6799
16145
17704
25307
24888
26734
25988
1473
4752
22550
19273
24347
14263
6812
19779
9023
13486
18187
171
31115
29144
23866
16249
26026
14552
9242
17466
5451
16423
30898
4377
14121
4094
15611
18104
4380
25605
11957
14469
285
23553
27718
1788
19171
21018
25626
9170
29747
4864
5335
24496
20883
24494
16173
22400
18880
3102
14396
5905
9570
6934
7734
8425
28145
7507
24650
27076
26721
29830
12233
29154
20536
16327
26506
27765
5680
30393
16312
952
21519
21561
3103
31566
29432
18992
24748
2231
412
19335
18993
171
12617
1525
28681
5412
18404
32443
32296
19742
8397
20251
4883
615
27384
26899
7935
21638
29453
4311
24968
24386
5924
26634
8953
10893
27832
17675
32259
9590
11797
16275
4744
24021
10133
26720
9760
20337
15860
1420
24005
23589
9069
8428
7494
7728
10059
22599
26309
19171
7082
4921
14492
10430
3589
4574
12785
26459
15076
7087
18488
325
8805
27047
4208
29926
20488
30287
27331
23546
15031
6876
13910
27092
1562
19349
19972
10624
16686
26647
30268
3082
16198
10603
2475
24153
23293
16558
32205
24909
24038
31302
13913
13430
23666
29538
19867
9319
8509
23459
19839
3122
18519
26962
16475
13812
24573
13240
18341
27220
28721
31870
28552
31714
32304
18444
23521
27722
8232
26942
13422
31102
6273
1916
11437
27471
19234
20683
26528
5386
1676
2252
12636
16757
11876
31876
524
3742
23446
3381
21605
2785
28577
760
2100
13898
3053
19517
29067
32162
18968
7480
31929
10190
7420
13547
2789
5268
11649
7118
18511
4944
12863
1641
1079
28450
19741
23590
6614
24926
8735
25039
10777
7457
12532
1207
22699
32148
20342
9655
18071
16184
14696
10188
31948
4145
17278
20602
9042
32324
32429
21170
28160
27916
29499
20712
24599
17555
17236
3626
15290
26249
527
31237
4019
649
18370
12919
32654
26290
2935
29166
29600
27240
30908
12234
16589
29838
18820
11436
6053
11145
272
3358
21014
29283
6050
22205
24620
13760
5907
15633
28648
15082
10099
9090
23440
31647
14697
26262
16400
31355
26223
13554
6547
21264
28586
19208
17718
32609
28823
28772
21674
13241
2449
13493
31900
17276
18149
4561
21716
29420
15047
14504
27474
32039
13838
29418
4175
30156
32505
13176
15959
1669
20944
28481
15767
19051
23118
188
30413
26288
710
18313
18256
681
27974
12858
8794
26869
18998
16494
10691
31987
25783
24182
26254
9905
27891
8524
22472
26104
7178
11157
372
13126
27393
27712
3473
23704
11019
11300
7312
1126
2925
28860
27088
2909
11134
12300
16038
17483
13882
29212
21291
13
11967
13862
13639
7849
9139
26309
14755
13058
4513
13247
4326
2302
4108
22854
22346
30075
2540
8294
14700
200
10583
24592
2070
2552
8965
30947
14584
19863
6882
5535
17211
12713
4554
14182
21210
13420
29791
13037
5847
8202
15260
17649
31661
27364
26987
19058
8016
5989
6176
4712
18449
7101
13594
23558
25041
4197
6842
652
3115
7182
32716
19064
18521
29622
21593
25006
16834
43
14993
24974
31587
22783
2843
15690
7902
14406
21216
8196
5070
2711
28438
17067
1491
7895
28791
14015
26414
16715
28136
18423
1058
28963
21597
28580
14694
9147
31253
13437
9976
10666
7521
31247
7125
31555
16083
20400
22336
32034
185
17301
18364
15529
19386
31640
111
17197
26728
15141
10688
22105
12942
26047
32474
14643
27646
16556
2918
13364
3834
901
15453
23222
10523
29769
10333
7375
2930
13272
814
963
11578
3937
19182
9963
14727
5054
16267
24920
30207
32302
9987
24750
25534
10657
13870
9257
14189
10829
26301
19551
3683
12004
9498
8968
3264
22468
15169
29058
22240
11111
8763
30439
30831
6164
2726
26362
17854
2985
9652
8967
17367
7665
24641
28558
11351
8865
10263
15597
2267
9976
13713
5293
1835
29436
9939
5370
19880
31202
12370
873
9820
8708
136
12368
6446
29527
3991
9356
6777
17880
7961
20589
503
14334
19721
26589
7605
31266
10230
21747
15060
29777
5739
9650
1096
12924
7750
24865
29860
32078
11319
519
25265
31439
21225
3378
7797
19219
3287
11868
15621
23383
32477
7285
3660
28240
2688
12616
17732
14024
22436
27965
31046
1287
18194
17386
482
18061
7261
31628
24274
21116
7041
30138
21189
20594
17311
21062
13223
28344
13068
3978
25360
32043
12581
19047
2956
21580
1130
2760
4129
4407
30300
25367
16708
8395
16632
14290
32114
3156
8929
3075
30250
29293
28777
19634
2816
28393
20268
4836
4660
14949
6345
24841
29384
23479
5542
4770
4522
1603
26569
3800
18021
26467
20925
3599
16060
28073
5374
30016
6618
3497
9733
17260
6873
19667
853
7376
17628
7546
1071
21116
27591
10747
27967
2541
31600
6821
4947
2327
1269
13669
11517
15154
11924
17412
4078
6936
26433
10975
26902
23051
15577
7712
2413
10851
8872
728
22305
24348
21205
22045
10763
561
11637
11216
13398
15064
2770
32625
4264
11685
461
2619
20728
2988
5660
10401
14038
23482
20818
1317
31859
6183
27092
8948
24485
9410
32419
22049
20277
24956
23562
18072
17836
18083
13408
22343
4833
20462
19531
5397
21473
13497
13089
29517
8807
17846
30311
654
24175
3353
10075
30495
13459
27275
31551
4381
10964
32176
21239
7688
27465
24805
11673
15031
936
20142
24271
10966
3374
28111
20636
31647
8865
20714
1162
8286
22062
9232
13279
8692
22024
21946
23051
15298
23843
23208
30929
711
4513
11633
3330
17522
30238
30399
10940
25295
20451
2695
18246
28198
19560
26989
14147
17592
26571
1935
32276
152
14357
3103
9536
25559
1352
26615
20665
16075
16032
22345
6017
25581
14059
13010
5804
6541
19305
3991
20992
19740
12502
1115
13401
2276
1306
13419
6768
32360
32029
10180
29008
4409
22182
25943
873
10844
16258
4463
25147
17574
6721
31816
32517
20885
25375
18571
21559
1965
15856
2430
29632
4311
22709
9532
18504
15764
6296
31421
17282
25488
13796
14822
28090
32659
27295
8405
15487
24439
15900
26959
24326
11919
30592
10243
5226
29589
1209
18812
12195
20492
3164
6536
675
15468
614
9776
14299
12476
24323
3287
12905
22237
29253
22595
26167
674
6696
25188
26813
10112
2536
7973
30776
27073
11307
23666
33
5294
27883
21800
3718
13866
21100
24934
16744
19676
23542
9320
25433
13785
756
8260
203
26718
5412
13751
7764
17270
12971
6381
19777
17185
605
79
26814
19562
27862
1069
26890
22957
10951
5741
4234
6430
15730
18558
1590
107
17120
21686
12256
14478
12239
30
23334
17249
17603
8992
26206
17261
29813
1637
6191
28028
5428
25768
10313
4257
30914
13487
8678
14100
10075
25794
14897
11220
11947
1409
1038
22975
24143
13461
27921
17938
31901
22770
11677
23475
28372
27446
95
7615
15676
28356
13550
9151
2128
28179
19520
21536
23743
13535
18013
13082
12307
31651
24594
2077
24207
12759
29161
20669
26514
18318
24858
9346
2450
2883
11946
27836
24899
11782
20063
24276
2825
12101
1422
2990
2441
20563
9701
7190
6798
12893
21008
22834
2486
10725
12800
17014
4601
6873
22356
30693
7723
18590
7512
12512
26644
12480
12852
7835
10808
202
7140
18691
16690
29028
2495
1689
26501
2329
1207
18442
14870
18758
23018
20164
25277
16642
5132
21452
7354
12871
10385
8231
2930
17253
20410
25546
2033
6568
1669
15844
3562
16834
28340
3153
25669
13071
29442
17476
8387
7694
29714
9071
29209
4269
6616
3379
13672
23679
24623
21651
18869
13490
21042
31995
24722
28573
31593
21491
15215
12168
10825
22798
31666
12505
14993
22470
11990
14867
29804
15532
29024
63
28005
7911
30930
26262
8112
10265
13575
4411
27084
32205
20500
2388
2534
12918
326
30736
534
6761
15139
4916
25598
24915
15634
4334
19774
27448
22249
12691
31305
8988
18902
16597
3545
31006
31927
31865
10438
7706
5016
32117
25095
5784
10892
2838
28395
22602
8219
28347
24064
5783
18932
2671
21161
6075
9864
19706
21150
11849
4556
1894
32505
17674
25932
4060
26907
4564
8004
25919
22004
17826
12328
26614
3416
17105
32326
25930
10642
778
9904
10286
1948
20474
210
7060
18789
11515
21591
15022
7985
9990
8848
24062
30634
932
