29246
26471
22492
29257
29881
28648
14452
3927
24744
26606
31349
15263
6974
17363
30330
8514
4883
32564
31689
30432
7568
2206
32149
31626
27059
14092
21006
22091
9704
29198
16226
29159
5945
32238
25802
20772
25702
3862
4284
26279
11291
21493
17280
16102
13869
27850
2503
16814
9586
15922
26222
3811
2596
6643
24703
24866
9215
25237
26509
13356
22227
5248
14639
1254
18974
17030
7979
5704
6836
30712
4018
4930
11242
24743
4583
576
3380
5705
20008
19219
8400
31542
24105
9173
9971
27217
2859
2181
29287
9568
26397
18075
15458
4986
28361
6610
30529
558
18217
8248
1867
27510
24808
22520
2960
27057
7951
15229
23707
32140
12460
18662
6114
15364
25380
10219
30531
29280
12898
25591
16246
5631
17337
17797
29558
32286
1406
17922
26178
19880
11565
3678
627
6109
31074
23413
2025
2301
28740
13043
19395
10652
31830
10977
28313
21799
9369
24543
22700
18174
7735
2460
8774
26481
21414
30427
29390
22423
18398
6388
6073
14775
18750
17319
13380
11908
1773
28332
7118
18936
32029
22117
18831
9682
15225
16657
30143
3824
20058
11338
30070
13353
15696
29979
7221
3804
23897
18256
32289
29762
25871
26012
3727
7450
23611
26907
16991
5599
5180
15760
27722
15779
14849
27913
6159
13113
4964
22411
3654
18449
29633
24305
16729
1226
12702
17947
15377
19799
16371
13269
455
21555
2524
29034
3581
5866
14070
7306
21087
9511
27199
32368
13796
17060
30115
30145
30518
8158
17970
11509
20201
23650
24312
18674
13097
32051
29651
16913
8526
11991
18414
2529
16240
559
5663
1972
28458
21068
15425
1649
4817
30890
12627
31419
11706
12428
2256
17802
1070
14356
25199
2716
24685
13065
20910
6756
20800
5779
13218
2273
18833
28767
3677
12766
9397
1841
29422
8691
32548
19928
17047
32408
20595
2106
15795
381
22435
27263
21805
14297
10241
9212
9355
22806
26580
12201
20216
7610
17480
29677
31249
6458
22265
11947
10427
22594
10417
20556
23051
25259
30094
30480
27272
25124
31144
21692
18513
25092
8659
29996
16534
4192
15533
20941
5627
21133
19984
14888
23525
17272
14306
2943
32745
26837
13294
6390
26587
886
22489
16185
30372
22602
3471
18824
14989
23853
30315
8885
21685
22414
26455
22842
15990
29062
21188
32432
6660
21954
4315
19650
8643
20385
29784
28868
11729
14507
14497
8284
15278
28388
5715
31086
21133
22584
8111
18215
7846
22819
11009
1039
16621
15442
32144
17119
29787
22116
1806
913
27843
18372
20777
9573
16654
7632
4799
28997
10161
30790
24736
392
20486
28839
2044
28065
11735
13272
29158
4393
30053
28312
28945
15631
32009
13655
10247
7953
29311
18768
32228
13794
20300
17255
25151
16269
29375
12082
19237
14881
27993
8756
24811
9148
26123
7782
29164
1646
18176
6065
7069
6997
8666
15596
22955
15729
4620
11939
3959
8643
11821
19632
23202
3694
9147
31368
11108
26727
26239
29794
1550
9615
3093
26726
11959
16075
22156
9114
534
16752
25546
8734
13578
25350
15405
27833
4464
6151
16716
15655
28147
6268
13191
6927
20927
29911
28592
22805
9555
7743
24826
24354
25571
9833
29386
24997
19254
25451
17459
7657
22394
18276
21392
20431
21841
29035
25700
14575
4720
8372
11486
24217
15572
24527
13609
23515
11689
3324
17151
4196
21885
17125
30212
22872
23765
25549
32194
26586
23897
19472
21
16381
20504
7916
28054
13337
8348
13215
22990
16539
8826
19024
28053
3392
11498
25707
23205
10617
8227
7779
5284
21896
29330
31374
8541
10448
18979
1594
30063
5447
12029
15792
6079
20652
7215
4044
17060
21640
19531
5748
28249
19372
24580
25950
7958
32629
31774
21497
8750
16390
29750
11572
25380
2451
21369
19934
28872
8564
7276
6239
23488
21463
1777
23178
30179
19877
19978
8316
24054
32683
27561
17248
9730
2108
23473
31710
31315
96
30121
23217
25100
23412
26246
1550
10069
1567
32527
20786
700
14839
19469
9362
17864
3956
14704
9855
13541
22850
17365
7710
25994
4707
16609
7752
18316
22185
9471
14472
15544
2079
18539
12520
31823
18552
30193
20746
3419
31341
11923
29176
5885
4449
11825
22878
2085
24556
14912
28171
23772
16745
2290
31469
7367
7705
6596
17635
27755
9022
31978
7897
23715
8935
10997
30386
21733
14158
1673
24006
4027
26712
5022
13672
2777
19997
8264
30850
31243
7432
19322
25832
28796
13119
4800
9883
21135
28777
6725
19832
14751
20629
5821
31317
9086
26956
21507
12813
19839
8794
5932
26625
27646
7628
4166
1015
1549
28416
9285
1263
11845
30189
23623
4399
22482
21967
17534
31995
31454
24213
19787
7269
19802
1637
8242
29313
16287
2298
12684
11976
6758
31838
9092
3410
18254
2599
16891
27858
31154
19174
28981
8888
9671
492
29652
11651
19947
10681
32740
3039
13142
28884
5432
11625
7353
30319
16795
29506
8122
2533
14385
14035
1363
12836
12016
27408
6995
10023
19534
13273
18128
9077
795
1612
7680
14997
15680
32444
15600
26627
17387
9977
19866
24676
907
29982
12758
32596
6784
30041
22881
10132
16860
2114
28273
24982
24293
13393
32621
31621
11413
2980
23969
10018
18514
19954
4770
27289
15395
15404
4482
7406
1845
1300
13844
31725
20901
24035
7726
1520
29430
14865
26486
13016
12912
31651
18951
27441
5073
23283
13514
28567
22493
16340
6546
7780
28789
12110
20777
5221
14533
12000
10235
11720
25941
20956
3261
1024
26917
7646
2817
6735
23068
7030
13345
13113
9392
22408
20886
5162
4283
2362
24112
20865
14421
673
20730
10744
3811
9582
950
30528
15438
26058
25575
6890
10641
11594
10658
9055
29537
13538
6385
14140
4848
31967
20331
19599
26192
27068
2301
22467
8088
32667
21632
18032
1023
8088
32506
1783
988
32733
21922
15913
16725
23039
13133
22343
21179
10385
28078
22594
3538
32591
27365
734
29638
4294
26654
17755
4753
19345
24190
29561
25817
15858
11232
12797
7231
4178
21741
17533
4296
2935
27214
20896
5360
22886
31102
25851
26442
1839
17851
9909
4008
6910
26026
15676
30923
3498
29116
5006
28180
12359
18804
5256
5573
27053
8357
24034
30443
26784
7024
1234
19488
31090
20363
29489
19452
11582
30848
24382
7162
30200
13698
16013
16814
17371
1716
22564
17162
5348
8877
22908
11128
31622
16503
8112
8281
31768
17283
5497
925
31991
5989
1925
1196
5256
18003
10835
22590
1531
20456
18028
13758
30528
13507
18965
19124
16124
21397
953
5682
25649
5179
1475
6266
8686
20998
23485
5285
493
12674
28643
23501
16295
13514
31848
27655
7351
2847
17269
22292
11550
12681
14292
25356
21587
25043
12787
5779
24072
4692
1926
10729
13763
13082
11667
21221
24893
8934
31186
28418
15289
6044
9349
18532
17610
26934
32285
26083
30288
23521
18710
4748
19883
29578
1351
6049
31382
23651
1374
13543
24631
1235
28609
7266
15739
8209
32545
28045
4267
8081
2442
6854
1734
1683
20533
3991
15364
186
20406
31355
27261
332
21160
23701
1538
4979
798
23540
11493
14732
15118
17072
21411
12918
14408
9283
1236
10130
3693
17762
28178
6073
19820
10326
18089
14168
16163
20912
12234
17131
12323
6252
10202
1736
28729
19718
8489
23324
20923
1918
9244
29655
19958
11749
27931
22856
24816
32739
25638
17470
28299
10226
17548
27387
15241
16054
24906
28523
2274
707
5224
5036
15647
5405
24573
31369
23760
3305
27320
31288
19208
13957
32554
30394
25358
20641
12046
5421
28203
3006
8386
16249
29428
18217
29420
14560
12757
14179
2747
20702
21507
22793
13057
21283
18052
14732
20985
31917
4836
27873
20359
27870
12173
1802
24090
12479
130
29902
8553
9517
22963
14520
23593
25067
17696
26423
1235
28301
16644
16697
10781
6726
10611
23715
9431
19600
16790
7666
8884
9803
21949
12071
29332
29971
23814
3820
28386
2624
9267
28309
18303
15409
30500
2780
13131
22221
26000
5857
17000
24856
12234
15582
24782
18974
19854
19861
4728
13279
7776
2694
5201
10567
15984
1420
24870
13003
30590
9309
8277
25729
32390
16396
2283
9967
25187
4640
9449
30475
14274
26815
5801
25344
23628
22123
24392
16197
29063
6151
8171
7996
26962
19429
32765
27343
31814
3403
22231
30297
27914
23741
16364
22832
9120
3294
6090
7739
912
12872
21223
29707
7037
20396
27313
25423
3948
11288
14344
21975
17138
17374
20625
2590
609
32748
10
27885
588
30177
14634
19820
14921
14618
12076
19213
24954
22415
15343
8981
26994
4543
21076
25535
27487
23663
20885
26430
23370
7150
31019
9447
28582
14610
32146
10435
20233
9577
11798
25677
6178
15355
31602
17353
4020
7511
32298
12133
20953
17122
18401
20179
19913
2816
19214
11631
350
7189
19193
25183
27627
20088
32145
25284
2366
4862
15576
11033
16718
15114
22500
2939
4261
30771
11919
26920
2821
5180
13404
13381
24099
27342
10460
19985
6596
13807
32369
2879
10794
856
21728
29378
29012
1047
22882
24446
5395
13762
31499
20741
23900
5143
4942
7032
9751
28701
14315
26396
5662
16930
27268
11945
4469
14130
28489
25827
19284
5965
26378
30376
20992
21689
2252
20791
4914
3292
4249
31084
18953
20979
21085
30358
14736
15439
13926
3282
24514
2171
77
3118
25180
14081
22208
6338
10148
16572
14192
16381
14484
21466
17446
16793
19969
25373
13872
16817
4746
17505
29879
27624
3320
8957
26319
22000
11848
17625
8051
22294
8087
11192
6944
5997
16508
14727
7392
23804
20126
14257
7362
18208
21662
32403
15419
603
21985
31198
7915
32656
208
12748
7709
15540
28644
16394
29665
25223
19230
15343
27611
9079
12217
23596
27992
27455
6537
16528
28673
935
4331
1358
32759
31011
5222
4556
17172
7345
31813
13577
6531
3136
25403
30504
6392
2166
9724
2857
24305
23041
14597
11332
27680
30688
20569
11852
20425
28083
10465
27202
24962
27144
2222
7443
6688
31856
24839
14943
3570
19196
12145
26614
26966
25914
656
32384
19816
6313
13915
18292
25822
29254
5726
11541
554
24924
4614
31919
25970
20206
17849
9522
21430
1429
19264
8664
15144
2775
29498
11627
29262
15125
12663
9782
20266
6504
18174
6514
22680
2465
23468
20182
8026
28522
30491
24641
6140
31079
32444
16883
29365
27002
30509
1335
6746
12842
9016
29794
8628
28440
18248
586
8962
32214
5065
20420
9057
31780
26884
22211
29127
32716
2121
3422
17380
21802
5424
12791
29142
26376
24474
6196
22642
22085
6407
16817
9497
26145
17133
5614
24427
12063
16151
11656
1464
15156
5101
31009
6675
30415
26298
32699
7560
2921
17504
8069
6941
21191
12219
20103
9417
14817
15991
15822
23692
10244
18881
25037
32699
28148
3162
10689
1120
989
27427
4259
31796
4669
563
6794
11813
16935
13564
18882
7945
25275
8414
30160
28006
25896
26887
5187
27524
26620
7896
13782
9437
23562
18779
14977
8747
27030
19223
8385
13780
19130
11255
15500
16192
15375
17504
21405
1483
12053
23629
32016
31002
23763
25376
7099
26834
1217
23204
4296
23365
26561
32009
13862
10885
8540
18564
32216
15225
11106
25705
1294
4260
19633
17893
4155
14818
17832
25973
7000
31520
10230
22022
23959
14052
25080
15942
6409
30157
11050
10589
25278
28186
6508
15487
29539
12361
17883
30066
16574
12286
29127
24317
2314
8995
9172
182
1088
20713
12813
5516
20311
3688
9351
23853
30288
19373
2582
32257
13093
30321
19508
9338
32761
25614
10454
21322
23307
137
23061
17474
3585
2634
15818
16094
782
27147
6969
3308
5671
4852
2640
22336
32230
20711
18549
14017
1339
3126
31284
10974
6113
28041
27563
22273
11898
27612
22709
6936
28709
24013
26811
7320
25710
16323
19484
8373
864
13817
8573
18459
15223
16391
26230
3485
26409
21748
7300
22432
8931
3390
9759
32129
24420
18770
26902
20381
5473
12581
17229
7347
29675
9429
22904
8764
16190
13635
6686
21885
15056
26433
7532
26039
31012
20929
9910
10735
23270
27298
25843
16183
27661
31553
4326
5351
7904
19672
16078
1738
23632
21648
27163
17029
24779
31906
14524
2844
12143
21520
3606
7979
24548
11941
11348
23386
18131
31263
15324
5900
20291
31207
30435
29447
10586
5361
8622
21746
7344
10855
9104
29097
21809
18657
26383
24775
30156
28632
30095
10992
16930
25832
4834
438
12007
31824
8966
9168
18881
25658
14774
5882
16006
5102
4403
30317
12075
23153
28241
19694
17177
31931
1953
31045
26808
14054
28829
676
2681
21429
17413
23027
13346
23866
17516
15053
12412
18187
28522
19850
28002
28041
5850
28808
7920
28635
22621
29010
27145
18159
8139
984
13391
32102
583
18202
19564
6812
16322
13404
11896
28461
12071
26793
26938
32430
30767
111
19762
19273
25628
6667
30975
21093
12523
22111
14707
18898
22168
26576
18160
30862
26353
2052
7077
10686
7053
30744
11051
28733
30750
5934
7759
7271
1473
24143
17878
15039
3063
25015
2549
23245
421
20701
1274
5025
22026
29687
13516
28952
3358
20351
24148
6202
19936
501
6274
17135
30570
7005
11287
18737
2184
27490
18426
6447
32662
29759
1618
9417
18337
19041
21453
25519
15644
11571
11709
1913
27643
29069
4103
32278
12047
8850
25690
1511
10665
21607
26880
20858
22178
32633
3365
20398
23579
9843
31281
19156
18005
8489
16091
15849
14903
19546
22030
21177
13701
26024
15175
26526
30786
4071
10636
23680
12229
26603
12984
10816
28445
13366
8554
31401
11351
8771
5583
30291
6660
10212
9157
30906
19383
9038
6741
26283
16393
26834
23727
15063
14071
20483
6115
1550
24002
3317
25001
23595
21858
27806
12682
31758
22315
5953
31657
20775
8768
29373
30808
8444
10678
11895
10778
18835
10469
32053
20418
8687
5997
17142
24327
27444
31726
4836
30185
18547
12718
18385
15873
28547
17534
21242
14710
14816
30971
24864
13981
13833
25398
10387
29138
14566
24222
5163
18451
8906
13719
4563
25048
2545
24694
8053
28971
6735
24634
21213
21121
27367
14054
2836
32306
21733
8950
5776
5457
7601
31995
6127
5777
24139
16277
10254
30533
6685
15580
19757
8186
10367
23334
27355
1534
13545
27049
9349
14237
30709
6908
29124
19943
14836
31316
32156
10701
5710
5254
13568
21950
1564
16603
6954
552
27707
24334
19654
13733
15442
27415
27331
25929
23195
9650
6603
9829
20199
23890
20331
11351
22138
10306
11162
13896
24195
2920
1629
1873
7942
6669
2651
1306
7394
23797
1327
32525
30947
14391
26912
24590
23680
13666
31117
26492
19838
16243
14916
29461
10360
4045
9393
10355
24044
30574
1761
28785
12552
23353
13646
28410
12649
3004
16161
11443
20506
11425
17496
18280
19962
32534
18786
6583
2552
14865
27515
12776
12904
32360
3475
24235
32503
22069
3545
23890
2090
14286
22763
324
15518
19206
20568
1961
15529
21986
3312
2075
30929
13488
20100
4043
31736
2099
29733
25709
23979
22200
29281
30236
30124
7078
1593
12754
5071
17744
11466
19451
6519
32468
27139
2917
16321
16608
22505
22512
5937
13452
6785
22489
13578
23388
6752
15357
15163
16985
15479
19216
17822
18802
62
13779
3388
914
12974
23411
2789
30917
28393
20103
14328
17445
2803
2999
24523
19661
17290
23011
6663
5331
17851
21927
27903
3954
22308
13709
4987
18692
26552
9930
20788
29525
29676
11978
6049
32255
15610
4013
21573
9547
12280
424
2531
26388
30970
14230
31103
24126
30476
1899
10113
21150
8388
25346
21390
19370
25558
16359
5332
6031
22141
22749
21740
3563
155
24788
7881
24272
615
2756
27207
5082
7063
30505
29365
31394
29829
1596
31632
20616
19926
22591
28121
28074
32008
21020
27430
24823
10017
10291
32156
13648
22118
26906
24993
22879
3530
3158
1529
26603
13160
18513
6991
1373
24228
5383
20283
31748
5495
4055
9361
20686
10540
21616
8723
21304
20126
2722
17152
22042
3915
19194
15315
29639
21532
17054
26882
22598
4539
24144
4822
23476
14083
17362
20748
11481
31331
17420
3907
16997
13398
9410
2323
5410
8869
14330
20346
29074
23008
21081
32717
8098
28038
13881
13893
12174
22023
11738
3437
3546
2504
31913
23310
16543
9352
10491
17049
51
19429
460
8525
27476
31697
10594
4781
25146
2469
20624
26786
16370
21204
2566
20934
17239
16439
2369
26273
9175
8935
12967
13127
7318
25637
25198
25463
17027
27982
16655
23857
4840
25128
23854
17185
21160
12573
11771
30336
9104
28915
8970
2936
5360
16100
15049
15470
30293
1147
28990
16445
11859
917
26877
440
6111
25025
3621
18281
32535
25050
28831
32187
17186
4807
8161
13484
18985
7912
22246
21190
29458
19851
3877
26567
27312
27762
995
571
4618
9998
26102
20953
21361
28875
25290
3093
23867
32169
80
21118
32406
1943
1896
26075
15408
15007
16136
538
8117
23801
6469
13513
16528
1297
28626
8038
2548
16267
39
12010
20560
2935
383
28476
5977
29741
1424
29918
30699
14850
30666
12375
18970
7186
15499
28093
20775
6421
21887
12238
10346
27584
25941
20823
18623
11825
28335
21679
269
22783
507
9867
14165
19516
21977
24605
20491
9962
5141
13213
23759
28744
20162
16723
27003
15435
11760
14400
16355
587
25538
1952
15080
30576
7195
20179
19538
25483
29209
26491
3440
3311
26427
8791
23323
3016
9861
12612
6582
19791
10303
29984
9496
6767
4357
12005
25085
28749
9171
17150
32443
25828
31339
12414
17838
22733
14096
9056
16220
925
27398
6863
13495
5046
25114
25278
23414
17808
5531
11135
21118
5020
16755
6263
898
4046
17546
25256
21999
31525
6274
12190
28979
4691
18675
26853
17483
26828
1657
11863
3857
32379
22994
9028
305
27550
1145
611
1848
3256
20938
30435
28367
13679
10145
29079
5924
6127
7419
18956
12151
22078
21041
17787
18383
11047
24472
11498
4109
3263
7374
22114
32111
12011
25905
6735
2326
22254
17002
26153
13311
25391
26040
16988
24106
16234
2155
21873
18350
9164
23463
20265
21846
9793
10025
16330
15594
51
27530
973
10521
22245
617
26413
6267
24447
22617
23219
28871
26998
5913
4658
12615
22800
25179
7950
4436
22695
26858
5641
32597
27896
16453
12950
25036
16771
14471
23487
30883
15053
4325
1213
28803
29769
5596
27972
26697
19522
11362
2365
15936
5494
21630
15104
18008
1745
13023
8132
17659
31225
27748
18923
15584
26737
28665
9086
20428
3239
31010
24545
20081
4490
6480
32263
12589
21302
7163
8673
32190
5936
2153
25679
15448
24517
17106
2728
23918
11867
13042
27462
28456
18938
2346
25863
31272
1395
28088
7259
26355
2719
30440
11389
29215
11002
8695
4277
6895
24013
2763
25272
28730
17037
24452
10020
20886
5890
22873
32479
9903
22797
9312
20554
19937
17356
21107
14363
5620
28614
21493
20521
4228
8995
6147
8332
5152
30687
11007
3500
20791
17875
20502
5107
24586
1189
5919
4496
23352
1709
1509
15384
27700
7989
7766
25985
18148
21130
15498
11616
6540
26161
30746
17881
31754
5838
1793
5311
20155
31749
27636
10065
23447
23978
8138
9242
26742
24793
32443
28165
25945
31645
22337
10956
793
1344
21890
4446
20551
14659
12211
18749
28070
680
13176
13072
10815
25888
27677
3945
24832
4072
840
2900
31599
30762
16016
12459
27608
1182
18262
4579
5291
15394
1975
22500
31973
22176
26685
16401
21792
19740
3093
25593
16191
24166
9082
18940
3032
24976
29918
16175
26560
7485
23836
10041
15263
3314
11603
22350
28304
910
7446
19443
27864
32504
2130
752
12259
3910
1687
22612
10575
10594
991
25245
32253
7835
1653
16441
12278
4478
10396
22930
23739
20242
31619
11101
5347
31345
15855
14805
9256
29739
24636
23125
12063
19245
7458
21866
20241
15061
15399
24574
24646
27341
4358
26207
10756
9834
10623
5669
31124
3901
15873
26666
27425
1272
23228
4497
3227
24038
20737
15149
24163
23355
16041
4741
6139
2291
24310
2038
31463
5533
17808
7718
31540
22645
2061
13682
8393
5795
26310
29357
29396
26004
835
27295
5518
24633
29383
15096
15136
30107
25641
31243
15498
10537
26873
31680
13015
6355
26468
8568
2322
11865
11864
18863
21585
14285
8870
26826
26202
24792
14085
23822
25716
16254
17661
4620
10988
16720
7695
4742
20675
864
23539
23843
26394
14170
5683
10626
17062
29114
3642
16245
28339
27125
5530
29228
21549
4911
5728
21349
17232
2929
28172
12862
24241
26958
20591
1377
18497
29754
17555
20915
663
20479
4496
18419
30238
32037
10950
2213
18477
10938
27203
9420
27099
26558
12470
19043
26340
19784
24985
13456
3394
1792
14799
8924
29353
28759
11835
22787
8412
9950
4942
2244
11650
31749
32121
16661
32303
4805
24544
7253
15903
2095
27733
27335
3035
32763
25319
29388
29747
29763
1878
24702
13653
10406
31126
5459
9542
18473
10568
26295
17043
28539
13939
27535
17635
22328
17731
3292
27140
25254
14399
23933
3713
23377
17246
32657
10614
13214
5426
24402
12191
18033
22726
877
11771
22865
1832
2522
31483
14709
217
29278
13586
27873
19059
2801
6819
5160
4523
15621
17524
24487
29738
10884
23880
17089
18241
17005
17793
24775
32160
27577
31916
22487
3035
31273
26254
11179
2223
19535
11218
16997
18690
31590
8308
25773
17069
10388
17291
9742
701
27372
23407
31530
10435
30240
25074
10621
27954
7648
1215
19605
4980
19305
371
27958
15653
2499
16112
19041
32364
6079
15121
2675
15473
29358
13233
28356
15404
14058
27755
11765
1167
31166
29629
9300
17761
5360
15699
28368
15105
1780
10480
21348
31822
9711
9427
29335
19650
11098
31617
2434
32681
2342
24837
27773
23056
1640
20189
26978
27558
10065
22368
2923
29673
26989
13068
5158
32090
16972
20749
27635
17086
3632
16091
17268
21234
20564
24885
1498
18880
7641
21567
12924
13088
6282
26661
31026
25048
25411
26756
26642
15901
32668
9820
5264
10490
27603
2189
9972
9206
14067
12282
30003
12539
26606
24054
24310
8645
25173
27157
24471
30077
264
22987
21450
4288
24550
11170
17265
1839
18952
4118
22661
21448
16278
22582
31237
4976
25798
23726
20248
24611
24217
20088
24063
11738
5586
25870
10350
27458
29462
1301
21641
7966
2034
17436
16084
9223
7951
21512
4463
26215
12819
9873
8151
31715
19739
23436
1255
30391
1831
25232
14528
28671
4077
11821
16128
29553
17827
3878
11692
11682
6101
16670
23604
4664
21465
28401
27164
3602
6706
31834
12371
28150
1751
23417
13374
3248
11556
23187
6870
9474
31042
32018
30360
19512
6840
25472
3392
8958
1122
6325
27955
23736
21810
7582
6293
4701
24871
1838
626
22885
21183
14202
509
9949
7834
27424
20471
14388
10697
9698
20229
5215
15493
1370
5826
22692
6562
13938
6107
20815
18595
3672
21902
8373
28301
17704
24924
32080
14100
21381
825
19073
10139
215
16895
4414
16017
18242
4955
22665
18889
18799
29822
12220
4539
16381
7708
1052
5668
19662
9853
7069
11909
28535
3142
4713
20855
9969
16514
25378
6108
13211
19051
4217
8321
16643
488
24451
22351
8504
7734
13446
7775
7395
21732
28706
26784
32665
28364
27329
32077
2800
15141
10414
1989
21394
16315
15166
12435
18121
26177
30186
7246
5023
25277
5559
24612
5592
21593
28070
32627
7146
31152
23997
28487
24160
15844
1081
563
4554
3763
25988
6152
25850
6425
24331
516
29744
14511
4346
22272
461
25672
23530
8204
19281
948
26755
18759
28905
30597
30670
11895
9692
21097
2836
1754
29053
6289
32641
6879
19707
11397
7222
30758
20116
6150
1034
26557
27457
9079
5021
20913
26650
21512
7145
9525
24774
13295
12967
20450
17955
19777
14444
362
11046
10061
27786
12961
5660
14276
22981
13167
30196
2871
250
30761
3766
2725
2867
7752
10876
29404
30614
15073
14076
9057
27804
6406
8576
1964
29807
28953
20664
1772
16230
26787
26448
26840
28058
22011
6979
5236
27251
27114
8852
27332
8532
13932
16367
13014
23079
30647
11407
12362
31998
16198
16761
18379
10882
26798
10230
20670
12960
20748
7227
8860
2023
31069
1354
24635
170
13786
11630
14886
22016
19037
16254
9474
30430
12813
18463
5686
3003
25514
31102
28177
19386
29005
19142
14278
21110
26590
24232
11082
24211
23056
31333
11355
11793
5481
29334
4686
32022
20929
12466
16262
19136
21548
13516
2590
25719
29046
11750
5967
32438
4677
18128
21883
20538
23336
27722
8362
21083
8425
30915
27433
9494
8117
22991
21940
14915
20599
914
5949
20688
17830
19631
10038
28949
25924
2295
26162
32235
28163
24469
23753
23036
25632
20152
13791
26229
10814
5836
29654
11149
29622
1769
19885
21953
17436
24668
27894
11560
22165
28038
11927
31932
29601
9812
4558
13661
19044
14694
1835
13658
27378
26648
17474
1515
18692
24503
6048
19408
27126
18436
21715
8227
5780
7170
32490
3055
20812
4282
24485
28355
31819
25900
30083
2449
19659
26203
1874
26092
17282
17575
2806
24947
4087
17338
9345
25853
15057
13560
13281
20746
6194
19331
9184
28205
10467
30508
17195
1672
2904
30494
3213
16486
8632
22445
22451
29673
2445
18107
29782
31842
9756
7091
15404
11638
25821
7302
22007
9576
795
13692
14857
65
21353
17158
25150
29369
4324
7896
8186
63
21473
12077
30906
11748
8662
2610
10782
15954
6061
5205
32054
3149
28930
31007
16466
2069
28014
5133
512
28795
21819
23582
293
23136
8889
17775
19960
1084
22929
1751
14295
19956
7137
5488
5799
27243
29889
23899
13237
29498
13977
18625
11140
12240
21070
19608
13417
938
20633
2858
8364
22501
8005
4354
29484
5325
16621
24542
11020
21826
6281
28011
12581
10223
212
1148
11210
3157
31436
12330
28464
28315
21694
10919
29807
24560
12724
17528
26822
16866
1188
30960
29611
10627
30267
25205
7510
12814
1635
1189
16255
20848
20629
15960
22832
13124
30525
6795
19639
21479
7260
6629
22946
24537
30059
27361
30903
26653
5028
6151
13416
27836
23910
9220
24699
21122
8798
9228
22492
2220
12677
12662
29345
28485
27396
3866
17908
23022
26050
21325
10593
27604
23985
22968
5809
3408
8596
8417
23088
17178
4443
9539
3454
31643
18794
998
20389
7454
22533
30259
20546
21986
15527
11132
5931
12323
27843
12071
24596
2273
15548
4650
10461
32725
19791
20543
11483
11991
18511
2016
20500
9965
20459
8673
24426
20039
19771
7655
28763
10516
4986
3153
22041
21802
3461
15354
23941
27465
13555
1852
18495
31607
5948
14389
19052
21809
15831
17099
16274
16815
27668
13963
32698
25729
9848
22977
19251
14314
12944
11735
7847
11124
1936
20718
23130
678
9674
8934
19024
26843
20964
5262
10874
21138
16172
11194
1065
30150
23652
30008
28522
19566
7937
13129
14838
3467
27980
26066
6131
29628
4043
569
8338
4961
4500
26138
20961
19435
2463
25125
16507
8260
3461
28555
12294
3634
16774
6047
1659
16125
12619
28279
946
21889
13174
26249
881
11268
3355
16330
8081
11108
28542
31351
27503
27249
24664
3489
27671
1583
7531
12031
2927
31615
29980
16894
23641
5310
27528
31640
1598
10238
18708
5707
27636
13727
6773
17412
7565
23952
25305
19686
28086
29213
4621
24868
15299
11484
24527
17256
10371
26870
18513
206
31020
22589
21553
6429
31643
16656
13105
4609
15117
236
15096
13633
31976
5889
26380
30283
58
3002
4610
1342
31420
3345
31527
25656
24083
767
93
1710
10383
2345
1845
29961
19062
14344
14375
13128
5455
17457
17104
5345
27269
27670
29557
12909
27422
17774
31026
29847
3623
23046
2435
20506
5284
19613
2530
10305
26733
5167
20430
9978
11227
24541
21812
30472
28194
6806
16182
8565
21601
24894
2441
12869
29469
17975
25763
10185
14012
8659
25448
2508
24063
22607
20002
19249
14738
32136
5586
24363
8790
4767
13510
31675
27436
24965
12259
10064
9854
14410
20730
2397
31324
19857
11245
31338
213
20778
25249
4920
28674
16768
28856
27762
22378
13019
1398
17450
19499
31011
3479
22351
13365
13214
5034
16118
9696
26726
18340
630
12483
1139
23999
32664
6639
24309
20632
32708
20261
13412
23694
10068
19076
29126
12599
23411
13125
5880
8919
4296
736
836
2545
22851
24646
19434
14037
7238
25190
15987
5099
21179
16843
12222
3222
9641
22018
28976
24477
24728
27932
6049
9000
19909
25909
12048
7422
7466
1275
6756
31027
16670
22178
21650
24047
10268
3617
15660
19318
26372
26550
1045
13054
7871
13430
27643
1721
1469
31062
15713
25326
8763
9405
14824
29807
20316
18659
735
20234
24566
15751
13220
12172
21236
22641
6334
13358
24430
30017
9820
15976
25725
7611
11189
17190
13930
17365
7632
26404
14405
2530
9022
32616
12303
29956
30656
10739
15689
21732
25186
15113
10283
29247
19782
25037
13044
1436
31937
13130
2847
16652
15187
28746
25954
21748
12973
18466
25345
11851
5723
26071
15277
13700
7080
29433
32767
29915
4626
932
19134
10336
28366
18570
13602
3280
27157
14871
26239
30239
4385
16812
12901
20775
1317
2161
27117
5836
25355
16510
14667
5258
11875
15600
31793
20395
15889
998
13585
13055
23686
15623
25541
15230
10916
12449
25167
1273
5114
24006
13403
27417
2747
21826
1800
24842
6663
7718
985
19631
13946
21328
31846
11689
23064
4610
28393
10613
28882
11712
24163
1308
5364
23395
4548
11100
29253
21899
17758
26100
16731
25325
4100
17545
9202
8988
10266
7686
19994
26881
3380
31449
6068
26987
6724
2171
3290
28476
7743
30799
21395
3118
20893
21104
32085
13036
18761
12582
1156
19572
10594
10769
29874
31077
6314
28407
24859
1468
6938
27896
24112
16652
13296
5921
15389
16218
27389
12990
31476
25264
13158
7851
9467
9194
11126
1069
28862
31559
14022
9090
1433
18168
5212
22226
15705
30221
29047
30634
27381
7609
12667
11010
16664
23267
7757
5163
14153
14267
31531
8052
17039
28960
6283
3780
16967
28941
16055
6230
113
11058
9994
8254
5896
20520
15073
25123
8737
17949
18020
6896
23819
11681
32154
10593
31149
27764
22207
20952
418
23468
16632
31874
24876
15099
1862
15679
18635
14066
32021
4532
27993
3014
16206
17053
5312
1516
5730
22093
3107
1942
16616
7160
409
10842
19543
13781
20446
21577
24600
6682
22813
21976
5907
11034
28691
14235
28729
20636
29533
8770
22567
9821
23530
7557
19236
28872
6015
28441
7508
6329
15775
26833
4290
22432
2609
22839
20533
8348
1076
7500
5609
19881
16731
6687
6539
20010
19983
2793
28498
5167
21684
21490
270
220
14097
28158
31314
17532
30558
27667
12054
7379
10682
15890
12458
10230
12381
31544
23382
6214
22955
2683
13733
14903
6969
26086
8194
9776
26979
8739
21215
1838
2290
3787
452
5095
19967
29845
15223
10198
29485
23809
15989
8827
30163
15172
10876
24139
19497
20917
26248
3204
27373
13650
27785
25691
19634
31766
17429
5456
25049
9947
19394
25997
26876
17427
285
19340
2445
23788
11120
28639
30785
15661
6459
11350
31543
31422
6048
15720
18923
15378
6262
4054
32153
26585
8999
5555
20338
4516
18960
8047
29270
3900
29120
9466
29997
1619
32752
5994
3583
7543
8838
18802
30892
8451
7810
18029
24286
26900
17102
2751
24388
6704
30427
25672
21281
26067
22457
4126
32132
17018
11399
31754
6088
1343
11995
28890
11516
29186
2673
8222
22517
23086
14076
6823
9368
20603
28761
6228
32574
5636
13035
2021
8351
29422
6879
30864
25158
2436
1770
3925
25826
21644
4624
31089
5138
904
10750
4251
22334
427
12055
14380
10080
16718
17327
28107
31576
9197
23604
32162
26758
22563
15927
26501
1025
9788
2141
22169
32238
16841
14435
13867
31619
5830
30477
16764
25067
18099
14819
3069
13207
15901
16201
7737
22994
16334
4138
25217
19702
31423
17915
8499
15014
1491
15146
7901
30271
19570
1196
4869
26077
20021
21923
1161
25459
15262
21472
16868
2990
3510
24428
29604
13583
8144
26097
22152
17239
23068
6311
14541
30384
25330
8904
14971
6468
29988
21157
30221
29931
15636
5333
21557
12058
10069
23540
14273
14770
32069
24480
12551
4285
14758
28040
9504
10316
21585
17529
11640
32165
5978
26048
15811
29112
3353
9007
11102
27059
15462
1732
19877
15986
28446
24158
3542
10454
13980
1556
17531
15328
15493
24439
9408
30920
19452
20829
30506
11822
7374
14506
21246
26982
560
19658
6842
213
20948
3658
28576
13721
8820
8831
2780
14716
14750
22241
5830
15976
23179
2033
5918
4220
1522
8691
2617
22255
862
18899
3267
6251
29150
20090
2016
13265
31635
7216
14785
23521
22220
7849
2151
17357
31485
21006
25011
32290
6988
22465
32034
8216
20769
11177
3368
6477
22037
6735
5682
32198
12127
22733
6497
2451
13780
4657
276
29054
18807
24582
18760
22620
10321
9017
10732
1223
22385
6419
22851
3581
6177
23647
8552
2256
15446
32428
31419
17242
4869
27268
11172
30951
17956
13606
3056
2733
15848
2112
29040
11326
18142
19222
25128
615
2426
22043
14636
12827
25961
10310
15031
29173
15516
31138
14597
20927
2228
13056
3444
25636
17805
30712
22446
11357
13995
25939
32524
4379
21315
4336
14134
5503
3971
10340
4564
7043
1653
5701
14438
20649
19369
28676
16213
11212
14147
23789
9503
16583
26436
25958
12056
28863
12388
9777
31470
24787
26471
30710
29155
17329
28151
14234
14681
8284
11565
10837
25066
5027
23203
12424
2901
8967
23160
9107
19968
13175
31457
29546
29817
32549
11046
6976
19003
7180
2303
25512
27566
16454
28109
27235
19228
25961
1815
13140
7196
4802
18622
21017
10904
11571
12593
11063
21612
12959
1347
16987
15839
20903
20952
32697
28627
18619
10712
25298
29676
11231
28950
4930
31782
20930
20030
6663
5340
17800
12522
9183
11988
40
6753
31099
12573
10769
28709
12197
15653
7188
13012
10263
15992
25196
22684
6500
5106
15470
12913
14216
31445
31734
30439
26153
17834
18852
21304
8918
20272
1954
24399
4118
20690
17156
5199
1494
18728
413
5090
9535
28392
25126
24857
28160
3399
19740
6911
32247
6243
21692
19104
7321
14606
696
19615
8741
196
25558
10110
32159
11441
24508
24739
9338
25316
3544
11172
18963
30986
13109
31179
13490
14924
358
1111
10304
8812
5423
5504
12276
1157
21693
4614
6051
31073
30587
32281
30340
31780
27068
3997
13550
10133
19385
10391
10106
2957
29502
16379
7990
24441
12452
389
2504
32726
2647
1328
19080
25907
9103
8982
20666
13813
1334
22629
2473
31993
27630
13145
26675
6108
7989
2537
24167
24946
25187
11435
25450
31452
24471
2772
5162
11852
9121
21998
7758
17443
12516
3521
11178
28522
26822
23243
32324
19083
5128
21207
25617
20567
18288
14902
1905
19086
26967
8241
10952
30066
24625
28582
11874
19803
25076
9149
6508
9322
28330
12481
1810
23787
30996
15381
21625
4450
32378
8784
975
14077
31269
15331
30411
13379
18453
6021
15231
25644
19500
5954
10352
32064
18307
5942
1226
2505
2591
18981
27537
17799
23325
10871
9214
17522
24829
17455
3487
30257
16304
26053
9561
8059
28742
9210
19854
222
2943
28315
12195
18617
18197
23743
9441
30918
13995
13179
30647
23725
4496
22942
15078
10549
5590
29000
22615
30100
30494
9
6604
15929
25194
27003
14694
11345
16243
15037
27963
6759
4839
7210
14608
29222
22227
77
3893
411
11724
26252
4931
18561
19021
19810
31951
7031
27242
5565
912
563
7486
3864
12595
12889
14728
25408
21321
5076
32205
23639
3126
22495
8907
2653
32716
27603
16727
1638
25921
27742
13655
16153
9663
31912
12059
17939
20090
31553
13870
19830
19808
5974
16022
1870
19028
31746
6661
32283
18121
3041
15746
24807
1712
16673
9066
24474
10794
1048
30206
10936
16287
298
8546
29110
9063
27997
5796
3572
24032
29100
31987
4930
32231
7356
6141
7112
3406
12408
27897
10816
5650
16970
15900
15924
2161
30590
19476
30693
84
23406
17194
15979
11172
22331
5515
8308
15938
5841
19940
24700
6767
5097
23637
30516
20458
25579
55
21848
20777
1547
1086
18493
22629
30613
32189
22229
22400
14121
13468
5982
30376
26082
13891
10589
30222
16846
79
28548
1819
8305
13920
12867
9916
14742
21575
17417
19320
23629
28176
1186
25555
985
16204
22484
16285
988
32379
24650
15842
6464
29033
19013
20289
25442
27852
5786
10032
24744
25216
717
2784
10784
30521
5466
9109
23011
6792
30526
11385
32578
7705
19670
6655
27877
26228
30044
18394
368
3836
6130
20855
7066
24880
27310
6036
17812
13151
22207
28281
7576
5266
8837
30395
12902
31093
10865
2965
5143
17535
12376
9730
29184
31852
26096
9787
5524
22353
15047
193
12195
13852
14801
26938
3605
19513
31013
8722
31129
23511
19940
27788
6047
5074
25763
16855
10842
9564
29183
24710
6747
5873
27692
1608
260
23568
20712
21602
12620
17112
10657
17979
1442
8281
24255
28340
6509
31304
16205
10993
25973
11040
26660
27906
28517
11401
8355
25072
9328
25994
8786
28785
21313
10046
13287
8940
25571
5748
20688
23779
24564
10728
23984
28180
1551
1485
30464
26834
28939
14388
2791
27997
18011
16939
23793
10195
24420
20133
26633
29775
14215
16681
2454
7186
12869
2256
21530
6471
22042
5438
30154
25002
9381
9650
4523
8697
4786
5216
26628
4899
1628
11925
29104
6399
25215
19120
8481
19930
18402
9029
23498
19404
31388
16449
12919
29240
5436
24194
23444
9967
23052
27081
11890
24588
2714
17865
14303
28408
7206
15971
10571
10294
14369
10019
2435
14107
5305
16061
9758
7836
18520
11386
8845
5894
26875
32394
23191
16829
8247
9387
30943
13537
19063
5106
9628
22943
7648
32516
15245
19685
907
21242
27675
15617
10742
9007
233
4023
5331
52
13052
25512
2301
25286
27759
3257
7376
21700
12867
8754
23437
17102
9996
22504
1800
26044
15004
8076
26408
20106
8172
1799
14845
28193
24251
27784
10885
12993
27910
27040
12544
12280
7527
534
9656
8537
13857
782
20870
2897
5633
20591
24100
16135
11756
4174
6918
27094
32159
11927
28852
28556
31730
27319
26767
14531
11419
17466
23212
9976
6104
9955
16073
9511
18567
13954
24441
11705
31911
24698
13420
21711
14135
19279
30689
5461
14693
28595
28870
8835
544
12950
16036
14949
32245
10082
17754
17192
6399
20890
10821
23943
30552
31946
24505
11688
7130
9938
27558
499
14898
25110
23405
4537
14422
14427
138
14461
17134
19640
26547
30619
32306
15121
11813
13981
20473
830
14010
13888
23684
5066
1592
422
29398
24522
7898
13614
3557
24786
8538
24994
30172
1390
16768
1849
23334
19690
16839
4125
7592
13282
31568
26890
20425
13059
18764
31430
3924
8457
25
8501
31171
14094
18966
4500
21595
31913
2204
30234
30350
16961
1471
24007
27944
960
29675
4212
31369
24379
20745
28344
4465
22488
32552
18323
23166
19509
32065
4641
1198
26576
17983
10233
6297
1727
4566
15179
26263
6568
9897
28622
23117
9936
22992
13164
6877
25341
4053
5076
30150
23236
14088
17137
6814
18383
980
3258
10105
11660
25851
25009
29210
15290
29715
15933
14680
28242
9945
11668
3545
16234
4412
19486
5035
25453
21824
3806
26229
11303
4987
19658
14572
13890
27135
12058
30928
20633
4812
18783
13082
5187
26845
12084
21052
14955
32361
22812
31192
4732
26567
26982
22598
10549
6335
75
23711
9739
20297
2514
28381
19272
4094
3504
17104
8218
14746
29192
5224
32287
27414
19112
8790
2244
15567
2526
3144
30493
15486
17342
10108
6587
1921
18455
14977
13103
8431
1778
11328
17616
1425
16069
11402
23009
3193
2752
32084
21417
21112
28636
32579
24926
16197
28052
21815
21403
8035
21442
14937
18023
24567
6044
17840
29925
12624
6110
14459
24695
20271
19905
24716
24948
24382
9769
4417
29548
4126
20475
15375
10091
894
8225
8230
31229
2816
30582
13929
32592
5889
5156
7512
10844
22477
6247
23190
23570
28710
5542
30093
15220
2321
24211
11479
30993
1817
16941
14938
13784
13366
32352
5278
17663
2032
18701
12745
23714
21641
17336
6218
27504
21279
17393
18789
18766
16228
30543
6561
22944
22418
25549
26154
3160
7338
12571
10886
363
23758
32031
13952
12757
25587
4841
15326
10863
8122
4620
9441
26583
29895
21293
29932
27087
27890
15005
30506
16236
3994
5436
15591
9187
17159
9332
4897
12351
20930
18543
17932
5351
9495
13032
24736
19698
30920
21152
19649
27481
24658
30770
30249
16618
578
2391
22253
14552
7131
3558
9508
8823
26258
10434
9856
24484
17901
31610
9668
16517
11504
31053
2389
26735
31378
23141
14997
19551
9501
27106
7177
19219
1817
21320
28122
21245
7696
19208
17893
31686
23384
19488
2433
5642
8298
24747
20063
28088
28484
13762
1410
17864
884
24824
29642
7973
22236
20246
22538
22048
27918
26891
8690
15408
17798
4906
811
6414
11959
11443
14614
8781
16439
2329
9237
13289
23700
9307
7961
28979
28819
26173
31620
22718
27033
28759
10971
26466
4378
939
10601
27292
31336
7583
25862
13024
24062
8903
29121
26773
15728
18461
2830
29964
4329
30868
3192
17470
26983
4214
439
19158
25260
18757
9177
8449
7896
7961
21079
32422
4338
23144
10857
203
23439
19205
24943
27972
20666
7261
25440
32670
13081
29638
10218
19641
17563
28849
18975
4370
23818
30165
19318
20252
1820
25483
2914
11416
19849
8683
32199
22085
10029
11565
15054
25308
10726
24604
6672
21410
28682
31398
20579
22917
23273
7956
9694
13557
3816
23825
19443
5534
3476
7341
30079
4317
20777
31311
6537
13226
2062
3238
3094
19586
15148
5009
13711
27500
15848
28440
14622
2411
466
21962
27061
17704
2147
26960
18654
3942
5555
14776
7036
8349
19099
23089
3710
17629
12847
21485
16227
7306
18391
9894
12966
24259
29697
12575
9567
11020
26506
29093
13355
6799
27749
7555
21179
9897
30640
1291
22043
24145
26629
20894
2016
15331
29390
29094
8322
24779
1678
10651
11715
9835
23469
29517
7222
29628
26061
15710
9888
12205
21818
29635
23513
9819
22512
5877
20666
12957
11868
24472
15640
6475
20130
16625
26222
24015
1409
3211
15857
16118
15423
1783
7423
22173
2404
12891
7821
1506
29208
14228
7571
18539
2441
13256
17085
16796
11400
25865
1834
9884
28257
26677
3953
25495
30446
11308
21419
23192
582
5867
29246
3379
11275
12139
28314
3821
10919
627
31561
10052
1647
7608
24698
6240
8592
8532
22214
3858
13246
14234
1799
32053
17760
28703
10940
20136
19988
10668
11494
23422
456
15537
12749
26555
17321
17408
13279
10018
32295
21642
27589
30769
6047
754
1054
11230
12104
27124
17141
9421
23913
14132
30909
31345
14390
3538
8679
3211
19182
355
21276
29886
2835
22986
1765
18131
32633
8980
12429
6124
17292
27123
8456
16294
21113
10724
23437
15263
5869
32657
17481
27974
17057
30689
11335
1913
16428
11306
7788
27487
28116
17301
12511
8370
21488
24083
4062
11
2272
1762
2131
7993
11258
20827
1244
12223
20819
20579
25412
23083
1252
13771
25288
26486
16982
20510
13180
19747
2712
11752
8373
1811
6249
23333
11740
31915
3818
17572
5038
14665
15878
16251
29139
903
25502
23974
5351
9827
73
25394
15413
30891
20827
20202
10689
26213
7724
10660
6232
25549
29917
618
15245
22884
3051
19014
31576
9196
2052
6668
17148
811
12821
18793
20872
29565
12841
24872
12673
11768
8771
5108
10369
26941
29216
19481
14116
15234
602
4875
24604
8338
28173
25437
14160
13712
20327
7142
25896
21191
10138
18971
26772
28912
22288
9369
3182
11863
4055
17540
951
11581
10014
28746
11580
3350
15506
22357
23022
30089
12155
3510
19070
26737
10097
4260
7316
5922
21954
28256
10882
27518
26275
4134
24370
5778
9074
13721
32529
3007
19453
299
1500
19738
15334
20579
19651
27511
3940
9951
22561
3576
23199
19953
22537
21674
3018
6202
14745
14004
7489
17267
21578
1374
2206
32513
24537
25734
23372
5588
19537
3261
28802
3148
5038
24720
18189
24845
23800
22934
9572
5337
24032
26044
18740
11712
23221
25234
2285
20755
24641
28924
1665
17017
26442
24078
17169
14324
5192
16957
28271
5104
16727
31176
30837
7929
8509
24799
9339
13104
12715
4258
7254
12149
28006
25090
4397
25544
12626
8501
20130
15246
8469
10874
31586
11240
23018
14381
28094
3901
16824
26836
4348
20670
9021
15592
20775
10541
26952
5668
17370
24493
12156
13344
17367
8442
23137
20397
14164
5032
13645
5318
2159
20003
11208
10594
14610
7084
5260
10257
6140
17967
23793
30353
1055
16407
32303
24366
6902
10658
9724
7046
17794
8903
31261
20690
24969
14987
18407
11396
25116
24476
16555
15730
17426
5821
8198
4046
31512
14754
22702
16611
7470
3547
32153
26034
23968
4237
14424
24700
8332
6349
22670
32452
5516
17250
6850
4452
24203
11382
10267
19704
24052
32668
11981
16320
1657
14037
5359
8337
22246
17806
4139
20905
25269
13575
14682
1523
23972
722
30589
20045
18944
7233
14363
13155
27789
19894
4689
14050
31204
16369
11018
30262
585
25476
3869
29139
12380
16020
11031
4347
7605
2709
5331
23037
16212
31023
15892
25136
32509
14463
29291
28276
23858
14087
638
28046
14686
7613
1703
25824
25804
23141
29761
11752
7994
25361
5297
9366
15108
18719
20696
27953
27294
29693
1704
10419
18135
31607
26720
11942
28694
30464
22849
1605
27643
18986
23497
11856
17619
17241
13225
15959
24875
3971
12095
8269
26941
19441
29497
25504
18234
2043
9844
19604
21197
26148
716
28408
11273
17865
15316
1527
19468
25542
5075
17893
4050
25716
8429
21738
27676
20531
3867
22782
18948
2429
9717
18502
5300
26703
17199
6733
30883
23570
25068
6586
18586
5700
7972
9812
8838
12714
12032
30906
11235
6185
28476
943
31208
8736
2281
8152
16492
16288
30871
21947
4340
23288
7647
20160
19005
8831
29110
10632
24055
23784
19306
24122
22915
27597
4052
19606
19998
27414
17230
25588
30324
32214
18532
30655
20417
19844
16175
21713
9692
17775
9096
22865
32489
8450
26797
27558
8740
13811
4697
14295
20107
22727
7176
10548
20687
28806
14372
8365
190
31479
14782
9051
26612
196
2860
13201
10997
5370
30115
20491
19199
24688
1315
30372
18179
28452
30025
16206
22600
6322
1107
10439
29386
31557
19244
22022
23608
15897
3189
1741
12125
12588
32119
20848
16186
6563
18605
29853
4616
2706
13443
9426
12237
27650
12329
9894
31123
25213
18346
5519
15627
26003
19105
19896
17456
28961
31669
1344
29119
21619
3892
31457
31130
5105
28056
16439
1658
21394
23580
1963
14217
18674
20561
8320
1382
2280
30076
31263
24525
24769
24189
10456
20227
5055
9303
27186
13702
14573
9131
32464
10304
10987
28476
6957
21137
31687
28634
5677
10328
24261
32722
27845
20171
7141
2186
19122
10831
32712
29085
14702
8660
6759
3489
6544
6756
30587
25883
1903
20220
16557
18986
12511
17893
30045
28567
23615
23376
15134
29965
21944
28773
11802
27353
219
25501
12024
25083
19762
26980
29073
13442
24828
29409
24989
16601
12129
15454
70
6520
18823
30913
26210
24417
9695
12404
18639
23881
4818
19099
16998
22811
21128
2473
27377
18273
25303
15978
31930
20818
13614
6855
15201
3297
15142
27532
2507
18105
30656
4691
22486
24055
11136
9077
1221
17480
9660
9029
13268
22326
20224
13332
27588
27177
19766
16503
8557
11116
6197
27092
32314
23051
18077
10950
31416
26018
5014
7124
7358
20887
24549
4076
10591
25182
25375
10376
16365
14664
25479
978
9256
28439
8188
1755
12711
1825
24949
9575
26549
15229
12486
17856
28488
10911
31330
29808
11055
19208
10403
13300
8526
23515
19892
15373
10329
16750
24928
4953
22646
28339
22940
28399
22280
28293
32337
13690
803
16066
326
15590
25858
13855
31495
16885
23217
14629
25019
30292
14585
11647
16591
2191
7544
32457
2377
14330
15611
18617
15476
16490
19086
1363
11960
29560
30574
196
27533
13519
21418
28589
3971
5853
20401
12734
1608
11325
10214
16073
16225
7402
5675
6761
6668
10661
12510
2878
21053
22655
22044
8427
27506
17900
16326
14159
31474
18190
7108
13735
7832
22730
23468
12099
5696
6248
9121
30431
19459
3347
5710
3032
12323
27477
30377
427
16153
9213
4098
9197
20201
19877
22595
28180
6475
14395
26092
14509
15772
7750
9658
12390
11841
22474
19087
19204
14710
11939
7298
20404
27225
10044
8912
17152
23133
13702
13749
21226
7563
22006
18159
11572
1899
14835
12702
23120
32148
14103
27811
30094
2541
22572
26704
10893
21924
18561
20181
9400
2186
25291
15468
2763
23479
5392
10732
28328
6464
22111
7989
2488
11492
30457
8165
17200
16959
28844
23787
32125
24963
11331
1015
9667
18492
7020
4909
18862
28029
28548
30081
4408
14395
29814
19079
11042
2769
28785
11526
5469
23867
29181
23552
19597
5688
27976
13182
25330
12292
10949
8353
19684
18559
26576
15299
20900
880
26883
6470
27406
14174
6629
25751
12374
31874
2997
26816
18678
22295
30511
28647
19192
3012
4530
712
24896
32061
20075
1548
8612
26340
14417
30790
3357
15519
9894
2418
23679
20152
18431
3547
25033
29848
28210
20502
7320
25883
5066
28594
12639
3653
5
31775
3872
10169
15835
9204
6324
28723
31631
8386
23020
20553
9569
23592
1054
4285
14995
25927
24123
15843
17496
16715
31641
9476
29170
8363
32405
12694
13343
10591
29417
28111
20557
6195
1078
14766
28757
12306
2931
27317
26980
16727
25771
21321
3414
24559
5063
16423
29083
20816
9138
20772
22314
20814
11142
16135
725
13895
3768
12037
19563
16104
13024
17768
2336
26964
20496
10042
28411
16954
7096
27516
23232
6207
542
8910
21623
31390
22364
13851
21088
16159
26728
9836
15304
32064
7110
16534
26878
10780
17270
8490
31671
21868
32419
16689
11387
28009
15488
6012
2567
8924
14999
23189
4302
1557
8993
5177
2085
337
4447
6800
12090
25366
28030
4771
16427
29541
8332
6437
2371
22091
13193
10850
24575
12001
31029
23089
25637
29803
30561
22282
9601
30877
26121
31946
26851
17460
24231
18876
2061
27358
25289
11202
7815
25375
10932
17754
27664
22033
17579
25134
26659
11459
2912
28423
3431
11032
32575
23854
10358
7909
30331
18067
6380
26321
19719
18803
29444
18788
1623
3764
182
21281
30794
26059
5781
14545
29058
17914
31270
32232
26033
26917
14465
22143
24610
6914
16233
17434
10372
9812
5743
3981
15656
13501
14438
270
5952
5512
28923
10729
11470
14792
8011
10336
26888
25478
12217
26761
18242
981
25452
32217
23174
24487
1253
9053
27815
29361
27364
18851
9247
5065
19334
2698
7396
32063
28699
12379
23509
12903
19820
5612
4934
30073
13800
14480
11188
30699
6564
2669
17213
1697
1397
3953
29256
6353
26489
22123
26373
16127
5978
26258
11255
15885
6404
4719
29011
13185
4618
2487
1795
31443
25871
4221
14983
5163
25585
12779
27772
28463
9287
2763
14442
29637
18073
16138
412
25297
14371
18421
20469
9389
638
26587
4250
19452
25931
28681
4216
2274
27750
27571
25431
1004
6616
30277
25570
14025
5479
22420
1244
21447
25772
7873
16498
9058
18422
17073
5828
24295
18099
14046
25241
25042
18757
8740
16780
31336
2591
13310
17691
3588
31373
27792
3067
12395
1928
9475
1523
22690
6605
4957
29570
6854
6745
5512
13075
22502
6814
8166
27116
9653
19806
31936
29257
19654
9136
21509
20029
17382
30755
28326
647
18070
29880
8070
14887
2686
9587
31802
482
15226
2338
24523
11913
29577
20351
27575
26123
220
16330
894
8374
17796
6689
3376
30746
13809
9192
30188
4891
11506
24974
31046
4933
24888
23824
3351
14279
12560
27707
27503
28859
22232
18097
23220
9627
2443
24913
22312
8747
27906
17207
4485
26000
30093
21338
1189
15054
29748
21006
17885
26652
14830
23452
14471
26636
11732
1584
26682
31178
30041
21738
10105
9595
25499
12608
9804
5164
2176
23921
29758
27739
2982
25587
9403
12892
26037
5736
17609
11570
22542
7758
21416
5419
30969
24542
16400
30614
17187
31413
7939
13724
28225
19012
30894
4890
22362
5686
941
2729
4154
27990
19997
7679
9778
22431
13822
30995
32745
23303
31016
23241
2333
893
21224
8722
27851
21777
31867
9809
13738
28064
18220
20424
30238
30037
24053
20082
15361
11392
19838
15748
23554
11024
19007
13613
29963
18578
6676
18687
1021
3373
14054
25576
23818
24233
19475
14566
21082
24262
22516
597
24556
13826
26122
24148
4185
26235
21896
32469
7964
12485
3728
23453
17924
27448
27135
10280
32518
588
10665
29424
11639
32701
8197
26437
13652
20856
28635
20101
8633
16217
13085
24404
10424
3317
25432
18744
10761
30217
29596
19715
21919
32622
16540
32223
5491
32652
4293
9970
2882
23908
6184
16386
2437
6760
19073
11682
2451
23790
14962
18054
12362
2540
12586
28345
26765
9555
4685
18485
13650
24691
21269
15249
29391
5322
6716
4066
3994
6600
25851
15864
8319
19033
14520
214
11908
8221
32365
21176
31441
26586
24472
12138
10230
10973
18256
30446
9277
24342
18285
1641
4252
16935
15162
1856
21746
5297
12998
1184
30888
3849
27431
9668
1898
25441
5081
26373
11599
24617
27321
13656
31013
8259
17179
27850
24413
6657
31563
7841
14267
12594
6887
2314
11274
28234
26321
22314
24125
20461
3693
21430
32173
3180
24917
13742
29077
7125
30722
8391
13647
32310
18010
27074
23825
19917
3906
23236
11496
30770
18001
17218
26826
28179
25605
12821
15101
29079
14825
6748
16682
1027
1893
21376
10667
17787
17786
27987
6109
22810
25485
30300
20024
30149
7187
17435
7560
31634
30204
4132
31236
19552
20583
27463
14294
25429
32549
10322
24582
24592
32478
17551
14347
32351
12720
17196
8468
18905
31471
13410
25211
7993
8952
7944
29547
18579
19354
13235
29212
12763
27617
15264
15452
25380
31809
28090
27380
4181
3963
5231
23994
6894
13411
10229
1548
9186
30223
31898
15773
12124
2174
16177
501
20624
19277
2396
17146
26295
7017
13144
1157
29930
99
15466
10874
28978
24093
31193
13949
4827
17141
3825
14538
12044
24207
14506
17391
17937
24834
5608
21355
20054
15225
13671
22561
3773
15268
13192
451
24941
26700
7387
15085
25179
6662
9487
17415
18395
18008
30928
16357
29025
19991
28407
26128
29287
31026
8263
28446
30089
5981
6662
20586
11645
13242
15356
18910
27322
30465
6427
4459
12164
15734
25167
19706
3752
22424
2529
28754
26150
6597
8825
27660
13544
5043
9528
14844
2839
17030
14383
26352
14062
29154
27961
25569
3087
22476
27866
7664
17483
17050
21176
29055
8088
3477
226
16756
18891
31067
4244
15334
7521
7264
14385
16060
30377
5327
25738
20711
18125
28320
8836
15994
24828
5781
12280
442
9335
22861
1660
23854
9055
963
14765
19946
24154
16075
20157
30837
2386
10927
28147
15719
22990
758
11621
30090
24168
11046
4433
32379
4113
5842
25988
6686
29938
28756
18658
9917
7165
15854
29056
10925
29952
58
5957
32183
20863
14516
23321
8119
30314
31849
7707
13231
17371
2331
3808
15247
203
27746
25010
5000
28921
14956
21008
29187
17365
5975
2349
7511
6467
19627
17007
15311
14683
22308
6934
1815
7649
24002
4109
31184
960
32069
1108
17465
7962
500
27819
9757
29112
7384
30060
22900
11377
1313
28583
3307
18427
23865
5730
12362
819
12154
15941
29441
27038
8846
24694
6479
20864
1824
522
1796
29231
4010
7738
8012
25415
3636
20148
17759
32685
4519
6761
11247
30558
23423
9370
6603
6805
21442
12671
22175
15988
30403
20035
27746
27530
25376
7081
20030
4744
19747
27439
12646
16956
14953
28583
29611
13614
6795
26725
1461
19550
23116
1934
19370
24906
28413
29582
12390
10349
21695
32176
2520
28661
29417
20029
11321
1407
4346
26997
19589
26591
11363
15949
29866
27066
29456
19947
19618
31442
5984
29475
9402
22100
26628
32143
23780
20489
18492
12747
12735
7945
16804
18469
9064
20998
16005
19615
8999
30748
21368
10965
11369
31628
30594
21505
20292
8833
24928
10340
1211
20363
723
7890
18825
5791
18901
2512
1733
3341
29789
12968
2622
17854
29583
706
14156
7944
32284
15394
5448
18899
3807
11171
31129
32406
19729
24635
2897
19273
23879
3793
23494
21293
29806
12227
19809
23572
28673
6733
2295
17111
20335
9203
19911
25257
31996
14307
14501
420
22415
12819
13634
21136
6119
2704
11307
23974
32043
21088
22601
16998
2734
30269
31472
19527
2528
6110
17613
8972
9741
20582
6324
9912
8249
9750
14506
26879
1670
29097
27855
14457
14582
31926
12293
20238
31071
29239
8196
7821
27050
24082
17809
31920
18947
14160
8251
8521
2996
30095
9923
4444
21946
1151
29713
17222
27597
2838
9603
27575
31550
131
28999
11709
8983
26682
29603
9003
8085
6441
3342
12084
17394
2289
9098
1705
893
22663
23570
26812
17250
30401
17570
17293
97
4130
32414
29605
30152
25346
22959
19740
2770
14354
22879
7021
19292
11348
31374
14066
1227
19158
24525
10553
6684
27829
8668
8782
23571
178
29829
232
14659
10487
16603
14197
14196
22069
25370
4692
4597
9617
1620
7876
4156
3524
23899
21256
26994
22733
20995
29686
25866
20777
11152
21282
200
31871
6499
28826
22525
28924
26166
13065
28488
4844
25298
9429
22126
10267
24351
10822
10519
18503
25335
26542
30273
28544
25710
8154
32261
15414
18383
8270
6310
4760
30948
7550
29394
5953
28674
19217
2179
28772
25942
10631
3372
26496
24678
7440
13871
4159
27336
4008
10397
1654
30565
9576
2535
20928
23734
846
13494
23716
28545
20829
26197
8614
17839
6657
3056
28547
18791
10320
21974
9714
1225
28762
32517
17634
222
8089
14185
3414
9842
19512
18958
10893
23652
28444
28984
22003
27930
3893
15030
9004
26729
4106
11944
22676
7922
20370
15345
6416
18195
26210
23063
29750
17631
11625
8210
8568
7678
25948
22624
13139
18612
27409
29215
8717
8639
22515
20897
25452
5177
19783
6296
32406
20727
9905
20890
9127
21644
21234
22069
24730
22719
12904
1445
23909
16360
21510
32189
17243
23610
7179
23301
23601
18985
9689
31873
15740
13995
20225
2213
24113
270
417
19096
30140
21547
7637
10229
710
13593
19796
3435
13042
26587
10634
31582
2446
1737
9946
20330
30425
26896
16433
11170
23564
24764
23
1034
32364
16749
31444
9354
4990
4721
32173
3590
31385
28727
26551
18988
27340
14201
7939
16439
6189
21710
24722
16071
11974
4614
26599
14278
27887
7329
20728
83
8002
18872
9777
2035
15879
5434
15454
26159
18362
11306
10420
30890
12814
3701
23092
21382
17095
19740
13837
22551
10967
11253
3058
3017
2418
15676
23437
12687
445
22831
27904
24234
9649
13777
27154
6726
14611
14751
7196
20411
20177
18328
2394
7570
10983
23205
24921
25271
4071
12202
24932
11262
28538
30810
2487
2473
28738
11980
8468
20532
9982
7006
32347
19219
4303
21182
30822
11275
11393
31378
18007
6642
4381
18775
11792
28674
26226
28269
26735
7902
10494
1261
16087
14646
23544
21151
28023
31596
18817
4538
3392
3583
4383
15109
164
14936
16384
7316
28392
25235
17387
7734
18723
16244
1625
30507
956
22402
29255
27142
22226
11487
8427
30622
19623
11380
18762
18011
22619
24968
31018
362
9098
28932
24862
18738
6791
25682
8399
12704
20559
9535
5205
13538
14425
13247
29033
18825
30766
13321
24318
19420
12161
5811
26344
24216
2807
14912
5256
13346
28426
13368
28758
20866
22586
6020
3477
24513
13931
31225
30461
32251
8805
13665
15946
14010
8564
4254
17817
30490
9758
17151
4888
22556
29536
26828
20866
22810
24678
7810
7613
15251
21835
29670
9024
30666
17516
16939
27499
1054
7934
3566
9810
28472
7488
3415
29752
17421
32694
20822
3483
25051
6334
10937
945
59
21052
5401
26554
4296
28133
31671
30284
8858
30879
16152
2585
13087
29672
11310
23088
15415
30960
8524
11285
23714
14683
21161
3479
24379
19946
23926
5206
20158
27039
27671
716
29334
30552
25205
9079
8873
19623
16923
16344
14663
16239
15082
10207
25767
19031
16913
9054
6627
11577
14346
15183
27985
1235
27611
17687
5755
3326
17322
3429
4151
15167
20038
8317
7532
17094
5617
20850
16486
15464
27907
358
11307
32566
20490
5815
30402
24706
14259
31635
19901
23095
7335
29149
16560
14545
16303
21180
22255
15663
4871
3449
23740
587
20434
6373
13208
28776
2818
29167
10299
396
17508
18037
21189
22165
30611
7017
23537
32728
2815
5753
15158
10150
16664
25051
15619
21607
23577
14084
15738
19077
1989
14030
25720
17132
20215
24251
1399
5773
21541
6386
28474
1901
8789
16175
804
28383
7987
5799
30159
3348
22775
28836
28358
10998
10634
32611
30664
9737
28393
20164
20045
20016
25743
11710
21028
24562
13716
22790
23775
1726
21183
19921
1478
25922
7200
15754
32004
14416
21362
8101
13092
16007
13732
29724
2186
25560
14915
23406
27542
1225
514
7022
10693
8411
24139
12111
7159
20058
16886
19863
5670
30014
26257
6010
28814
9456
14928
4309
19406
27633
29429
1533
26751
8341
15300
2001
32278
7309
12207
15954
13180
16918
27077
25072
31740
1125
13566
21916
14544
9723
21292
11725
14186
13333
1654
21421
23167
7747
27662
16606
22705
5805
27489
19519
31605
6010
995
31715
20915
2590
32765
24760
28154
4451
7766
27113
1868
26118
20193
15230
5966
22958
19180
2991
24524
26880
14678
24500
21732
3053
15232
725
18749
32565
7225
12628
7946
2487
1632
9880
7358
14003
20227
29476
28194
20710
26706
13236
12324
24101
31024
30035
18021
19765
5294
28703
19209
1655
3394
16354
14101
1761
31705
15301
9886
32205
18123
3676
28928
2734
28049
27630
1764
5473
13835
11500
28424
10775
30187
24659
5718
3472
4511
1580
27608
27764
24062
6022
2020
19374
17883
30260
2618
12064
2852
1537
26959
29075
5915
7633
19521
30906
19307
6852
25917
19104
8796
25822
24637
27422
22229
698
9388
25580
30663
27306
28995
13078
11000
18422
16796
3835
22534
6887
1312
9646
31327
13059
20533
1434
25364
3584
31576
6619
12155
28876
223
25544
9482
28482
13248
10877
19584
10818
9536
26848
29068
31895
29127
3708
17702
1116
26213
18541
10687
3652
23756
31769
9156
23365
27997
14973
1875
10298
7352
17007
12647
14030
23577
4260
8769
11216
5706
3778
15024
7982
10145
29320
31387
6934
26744
29900
13481
30892
14871
24928
3507
6966
16962
9480
21553
13336
22050
7420
7338
5264
22580
1961
10621
29693
1953
1349
8067
10284
4339
31910
18219
3517
9637
20834
7343
30563
19150
30518
14711
28345
2937
31521
1826
819
24510
3561
23543
1544
17309
13964
27996
579
7726
14888
18626
29238
28302
31293
2606
8540
24886
17078
29210
17148
971
19739
27094
9611
28894
7909
5305
22190
30126
14769
27678
31184
5752
16357
263
16167
30581
27189
25675
17277
6002
3038
29055
31292
8938
31156
22807
16044
21177
18138
17349
6251
29997
11321
11046
7979
24941
28846
30594
11983
24665
13092
17695
6580
9874
29553
14876
21120
11861
4197
