21691
5163
27173
24262
26217
12176
21148
21648
22739
24770
2477
5775
8976
15688
30967
19598
19846
21641
3451
15428
28050
13564
14648
22450
15829
13164
15273
1883
4283
14514
21428
32602
18894
6425
449
17597
3962
24661
14807
5819
522
2888
32111
16051
5518
25146
3402
13990
7236
32311
30141
2941
28877
19453
4607
11615
24555
31313
32327
7806
31
10880
25104
25899
13436
27046
16478
11827
19761
30688
26684
24534
9065
29844
20361
22708
16175
22239
6924
1460
14013
30676
9690
25999
27793
24813
8407
12050
32300
18912
18206
13004
5367
17054
14024
21234
19624
30687
8631
17719
23160
20011
2293
23526
30441
1099
5856
4661
31110
5862
32214
6339
18899
3317
23236
15631
19374
13709
28930
3017
30145
7691
1580
2539
206
8943
7755
10893
13202
31663
15691
19526
21397
31781
15881
29337
27714
8493
13823
16833
2157
28747
445
31862
18355
3741
9270
7222
26855
24258
20653
27368
20509
16320
9996
16748
13966
23662
4534
7218
27167
19762
25333
29114
13160
12755
13132
5531
9569
11246
22004
17530
19059
27645
26935
23220
10080
16444
29979
3791
21845
24658
21396
22637
3611
17063
9809
27690
25401
32662
3531
17237
24062
1811
6919
18083
16731
29014
25233
29346
4206
32765
5419
25663
11917
25623
30202
3380
29885
30678
12672
29427
23556
21900
30930
27538
29856
31488
3800
23500
19215
4059
10987
30509
1438
2754
4759
21381
2677
9336
25554
15090
3115
656
4945
31456
21996
5714
15120
24901
15725
32229
4310
30648
30598
20087
14220
6586
18004
23420
25389
20391
13790
18664
20413
19632
633
12143
23029
15500
16122
26951
25072
11765
21802
980
31851
155
28075
13875
27701
14904
20556
21892
7210
19082
27249
23736
2333
10118
6340
4758
31256
27357
5026
17735
28245
27114
12917
18891
27824
18715
10729
22325
10304
8590
16936
10648
3307
23737
15771
16196
21153
1185
11757
20950
4920
518
31318
30511
24659
14292
30814
1507
18243
12529
17325
20448
11361
21551
3720
18160
2964
18851
8261
17148
1415
1023
8797
9810
1190
26929
16451
14230
13856
17522
30139
740
29970
8990
14523
11306
11487
4584
23239
3195
538
17129
7448
22271
9677
349
23046
3785
29792
29886
15538
1022
22828
13489
743
24919
19439
23398
14329
1188
28933
7503
650
24676
25459
18867
18036
9934
28754
22394
14281
5327
17596
14379
27517
5939
14504
24670
4528
29508
12883
14704
15645
24486
23982
3212
30241
18938
4220
6520
22074
10367
27949
19472
21410
29661
29700
588
29762
24576
25921
26807
31506
10209
16881
1222
8578
2288
4955
30393
15325
24252
10873
10277
15519
6206
26984
20621
4699
14259
29919
11680
6357
30709
20028
7553
20358
17526
26044
23407
2690
7022
9345
12056
8279
28505
28273
29059
1987
25485
2423
14133
19018
1746
53
14394
8106
29769
11353
11496
4318
14962
27530
27200
14738
31625
4824
18930
20880
28611
8048
8315
17654
19773
15266
12156
20424
5138
25067
18926
25989
22165
274
6304
28074
67
23570
29775
14600
31040
7815
21403
2502
23809
8880
5683
9718
4588
18247
13336
18523
6135
12581
11318
17737
23401
10470
15719
22811
6873
30872
25574
28377
16502
9769
4606
32002
24990
3560
21346
29485
24452
8296
18741
24785
3620
8604
22201
16674
20788
2494
17612
400
21191
17047
26619
18270
17725
27239
12764
11073
30832
10848
11725
13910
28581
627
4790
14728
20851
7345
1584
25231
14667
6247
23057
27715
32238
16569
343
15779
26077
14571
27307
21112
5518
16323
22209
19053
26925
21693
27787
18572
7193
2625
31660
11435
24527
13888
18601
30937
6406
3559
30072
24849
25221
20903
25378
6832
28373
13462
11687
25842
27809
28472
28185
496
27271
8058
7936
28947
28093
20934
24555
4693
24135
20690
19546
31435
17419
23989
28524
20840
22929
6774
4259
5298
23437
17855
12074
12727
6327
15290
3378
10565
8974
11421
18778
20759
30805
24368
6856
24832
74
7208
14612
4919
18507
22810
29741
21717
4122
24916
31420
30829
29133
1524
5449
13763
25779
25950
21860
17292
18959
20350
1514
1924
4898
30493
24687
27591
30023
21314
22333
12481
10611
23206
1761
31653
20750
5184
13703
28461
14566
9362
19498
9159
5434
26850
6753
29664
9773
31498
8847
222
5967
31382
15405
31802
31018
22652
1253
3810
22620
9857
6284
22344
28855
12270
28828
17911
11932
21693
30393
4005
30317
13897
13569
6333
25193
12065
29440
11752
31461
29438
11685
1492
32551
30198
10596
14083
24652
19491
14144
2823
14429
1118
24967
4536
9421
23477
6935
22316
20555
10916
17506
14095
2116
26850
27427
27730
15154
30747
1068
10796
21367
1815
6889
23689
24760
1770
12270
25057
17908
22908
4231
21326
25078
7478
2496
23562
13226
4515
12756
7043
1471
29939
23476
14654
28152
20744
4593
888
26561
942
12682
7859
21376
9193
15191
10597
17470
27536
3889
11970
26552
503
10004
27832
30369
27587
8025
20456
13415
6114
11387
24740
20608
23817
6765
18205
5441
32207
31584
12352
26523
8963
17817
28313
13449
22236
24606
31515
23558
11891
12991
25897
9036
30219
28440
24204
3754
31546
19367
6765
5546
30627
9233
5202
28018
3543
31558
2157
2499
7547
15796
9212
6174
3318
9264
9048
5640
8601
32506
8772
31491
8729
23583
17168
788
28084
5891
7409
25117
9258
1005
26839
11019
1245
9312
17292
23293
24287
17425
23088
14699
18343
27999
10963
23095
29330
8197
1213
15372
375
19951
14056
23887
8692
17239
18652
12287
14134
29140
19225
7617
14506
16538
25875
3387
25673
19737
30010
29496
5094
32442
14981
5604
25720
18386
23106
29311
12557
28679
4877
6423
27478
4526
32171
14264
14784
14934
8742
18052
20467
11518
10861
13079
21532
13912
31337
16450
27519
6786
697
7592
20366
14146
29702
30012
915
28910
15486
13102
15162
741
24161
25877
6091
18488
29756
18595
4370
23405
432
10137
24009
25150
1128
9833
22850
8495
15556
5269
29302
20345
21538
10902
13937
3462
11439
17072
31803
10008
18591
25777
25106
17543
11814
4600
31139
30851
3573
2179
8777
9644
24861
2950
11351
14854
12394
20915
27624
2729
6891
29115
30850
28373
1831
28013
18876
4846
26514
20419
14670
31445
26060
1637
9738
9372
22888
27362
18060
25342
21776
15347
9592
3356
29759
11614
12035
17821
27719
28052
12122
5979
4655
31871
16977
32361
22887
16137
17589
6398
30285
27679
3474
3300
1184
19288
21735
26490
18008
32629
8270
10718
24697
25478
19385
1140
7021
12577
18202
14894
16717
21574
465
2403
31618
17851
21449
26104
14023
7064
28607
7577
30354
2796
25357
9881
14308
7633
9080
25453
12626
21133
25269
10375
32375
27776
7752
20306
17754
17759
830
9204
13293
22251
1676
32458
23518
9209
26987
7418
8867
9162
29281
31784
28881
1630
15100
5645
25966
16476
32026
27090
172
26522
833
26078
5745
6595
31365
24402
21215
23180
21850
20698
25377
25453
10510
30541
158
20265
17276
18302
30485
8858
20620
19228
19634
595
20241
10513
25520
27694
1662
24255
3630
16730
11186
21550
15741
4822
20312
25546
12537
23762
4382
28693
6200
21106
23535
1222
13289
18040
12340
25857
30625
7842
19283
24161
27128
14175
4592
27115
26469
18330
1860
15686
28814
11815
11146
6201
8393
7745
28990
25007
460
13857
25303
16816
18902
14494
12019
7438
19156
24521
20783
13837
25674
2304
11450
2490
19619
11134
11163
8221
5883
25198
19712
25714
13257
9144
13853
32373
25930
6118
9913
5162
11456
14650
17298
32711
172
24474
18502
17424
12956
17108
11440
1520
7661
27731
6860
32246
23439
22528
7466
32355
26840
26852
1622
19699
4201
7449
2044
633
4369
17346
18497
29138
19070
22095
11227
30083
6463
18381
9495
10083
6614
29345
30335
11634
25820
28594
15962
23254
29148
20210
8152
26294
4405
22569
6393
18409
25189
12212
5978
21208
3321
3433
14976
29215
4622
32761
30701
12159
2696
1201
14494
24878
21733
12814
30297
3811
8351
21221
855
31146
16793
25441
12979
25366
23956
26194
15282
23030
25542
8150
26728
19235
15024
21927
6651
31346
29274
18389
19588
4970
12971
13173
3893
7216
14743
9082
16857
15714
7359
27504
9587
32313
1244
20659
23017
679
17376
20168
30133
32766
23116
30896
5759
10167
4037
1267
12023
1068
8948
6075
14098
18131
6571
19418
6280
16774
25974
31247
10932
25330
6797
24327
4720
21158
14091
31247
12939
30299
2080
7243
16873
25636
16617
12817
6879
31518
19127
4415
32368
8996
25917
25082
9264
6307
14017
3552
13043
19145
30939
16403
22691
28942
31493
12136
5801
22920
9646
30738
4086
8047
2154
15563
30841
28020
5599
11397
31357
23561
5267
23953
13845
18004
2651
9712
20962
6615
7073
16526
25221
13781
31788
1596
4972
15226
28182
11784
25411
26467
14366
5323
20959
11083
5724
8316
2719
26885
31809
22630
17289
1504
30090
2554
10162
22202
1911
25264
12130
29642
2201
18095
15587
7381
9140
12926
4214
3067
19133
7019
26836
2579
4967
11606
8145
2387
23667
8575
22455
2103
9869
19338
31250
22940
24401
28648
7237
5657
1434
7597
580
27202
18531
32512
7928
24264
30624
22765
30346
6809
1127
13850
17106
12091
1410
24801
8378
20878
27831
4255
24364
7267
21538
10483
7521
30650
32685
29943
24684
11155
30955
14999
19942
4128
19509
22318
12790
15671
17024
2166
22073
862
13265
2718
25764
29083
6034
10133
25806
20602
13070
10275
26007
19038
3273
15787
30281
30078
26802
20527
31462
20397
3317
29306
27686
446
6827
31150
20875
13729
9296
10317
10605
3833
11109
11648
20306
25767
14422
29938
26354
23528
1927
31463
3887
10942
24922
11337
12810
25652
15899
9908
14828
30930
18991
9267
21561
4643
23468
18106
10322
16048
22907
15350
16181
2465
29536
30524
20396
32480
24121
17868
10160
18563
26948
9301
30762
24078
13177
1686
5296
20584
11165
1836
8553
13831
22693
24479
1633
1343
10138
9338
8444
11352
25599
17973
32442
12001
31621
5318
31584
504
874
26832
27031
2727
30604
10205
18308
27079
25445
10941
13071
27959
3715
3329
25506
32093
15524
30358
20099
6206
21085
12836
32001
30827
26194
16847
7041
23840
15505
7491
14975
15654
13855
19345
16972
20957
17055
10399
2494
18523
3372
26254
6122
21915
2675
19541
15724
18713
14169
24798
25513
3793
6228
23413
32261
13030
25747
4761
19037
17728
16380
29611
5592
14493
31782
18060
18740
7346
13413
11307
324
26343
6252
32609
1896
5810
19500
32619
32100
2722
19754
12668
8083
16668
14960
22393
617
31482
21005
604
17502
8347
31212
17027
29654
13032
25755
15200
15557
25552
11450
6600
24735
13969
4140
29865
14366
24675
25112
28450
23843
21851
3571
28493
28788
535
26461
21913
23870
14736
26491
1506
29868
9029
21966
1589
15823
14529
23210
8785
7060
18293
31370
10427
14060
28569
27453
9363
26540
5755
10892
29274
15127
10013
3157
29737
2293
24215
25089
20049
31050
9375
31117
23885
4233
16409
29513
23652
30774
25356
19340
7542
25441
15857
20581
20408
27979
3761
13923
20319
3632
17084
27568
11528
17068
20780
28039
24017
26128
29290
17213
10468
12187
10205
26543
25161
25383
16611
20330
2315
26545
26390
11291
27449
16137
13927
18761
12092
13222
4074
30330
4749
1401
31197
17186
12219
22647
13281
18619
7033
19640
7736
2926
8910
24347
681
31675
24436
5386
1922
15615
17116
8984
11526
12863
7401
16488
17018
11241
6712
7999
14084
8093
14441
15271
2220
32557
11452
7107
25653
7106
32144
15088
12872
25952
15184
18903
4288
2012
12558
20421
19984
21741
13357
9873
18616
20657
19293
27890
21985
32603
26396
6637
16115
29097
22731
6050
22776
22479
5013
19468
31121
16266
7492
4585
2310
9057
816
6186
11838
16140
522
14503
2074
11261
16894
23922
10730
32228
21172
31512
9559
4320
6878
11543
27601
17203
26598
31749
20382
12000
4987
14314
10772
11947
590
1032
1748
8746
9339
23442
10943
11747
22985
28899
6365
12104
18522
20125
17347
4774
29012
27302
1084
20895
27107
23935
1796
27553
19732
2167
24751
13512
22281
27820
13401
1324
12353
11002
10529
24813
17828
17692
29584
17970
9595
2671
12938
9656
1991
17244
30514
7089
19869
19064
22067
22183
13558
16991
2829
18022
30916
13913
19509
22739
25231
14713
32735
15343
28229
13588
4498
17221
11667
24525
20450
8101
21583
18780
24762
11610
14981
9822
1815
8068
21798
25706
12648
18710
24838
29645
26146
6989
9943
16101
790
22472
23468
8968
7503
174
20280
12238
10523
24066
29980
18438
23281
21682
12207
24809
13174
18614
504
7138
20622
15890
20076
25353
12765
20430
3182
19373
6812
14324
19600
14482
17216
18967
29709
9747
31282
17715
26576
24196
26713
23956
27923
13948
24560
14986
22879
8437
26505
1419
5401
27433
29855
10420
24921
23511
21085
5382
31533
907
19397
5476
12618
13855
31098
5173
17783
12233
3453
13551
23401
27217
10291
1037
11011
31877
13111
32402
27025
21353
28684
19722
26931
23052
30529
4964
12293
18060
21831
25582
15594
29942
32315
4521
8736
998
9724
31637
10785
1324
14284
26715
963
12869
9220
9915
4876
13098
12936
10453
5422
16383
7530
27991
16296
28141
11837
17994
25994
32736
2725
30049
2636
24143
19011
6497
2981
23060
8032
13572
23424
26852
4343
26951
27324
4236
4079
17020
4443
8107
28229
5792
12731
4055
12847
20461
8677
2978
5612
31535
3003
29202
6536
31235
2072
410
25537
27630
11833
24091
24706
10849
29736
10596
1114
587
12756
31232
18996
29269
1144
8259
26165
26295
13104
27693
19479
11476
27254
4101
2521
25395
28618
22672
32703
1742
32063
25870
16907
12803
15821
5971
1686
8141
1309
25617
25534
10273
25371
21382
24611
27638
15030
8681
6869
26811
30277
30739
18748
12861
25481
31511
25458
31809
24859
23676
385
1526
11731
9320
17770
2346
17565
25760
30184
10318
15468
30864
28191
29600
11592
1099
11764
16705
19163
18371
28662
18847
12800
25774
11132
30538
23334
24010
21710
18493
18649
15327
32366
14035
4458
6042
9128
6624
8087
11870
15456
32148
11145
31292
9104
30285
26773
25481
26670
38
30156
24163
24279
5148
2603
25771
18506
7009
15397
18089
10329
12208
7422
12481
32678
18254
30569
23151
32302
17173
18863
19529
5261
3081
24178
21962
26172
12034
20522
7343
30556
25226
615
4853
13592
24242
19584
12080
10663
21034
32345
21476
31101
17224
28697
16157
18164
411
10987
20644
25729
31041
28661
3175
23651
15680
27990
30401
15052
22777
6655
23695
22353
16557
29327
21074
10835
32226
23286
8187
25806
22334
17761
5266
19640
27046
16788
4163
20273
17277
28324
1064
1949
9846
17437
28420
12472
20128
6111
25333
31321
9315
12224
2790
20672
14281
5312
9909
28853
20119
28804
13103
5421
26235
17669
32278
11670
29804
1447
27211
5165
25867
21782
23114
3641
32680
11621
2635
6570
15708
11993
30320
31453
30891
28509
7392
24590
1330
28725
29643
18114
6845
9002
17978
13778
12257
5012
9554
18589
1279
11662
27058
29144
15876
14290
29833
6528
30106
28167
16100
15432
15185
25441
13884
23196
24611
15020
17577
31846
23129
19811
22744
8155
2305
21323
582
29243
14830
26666
24302
9934
23031
5065
19393
15321
25249
30365
30967
31370
19161
6931
17115
2796
24233
29588
12259
14026
22645
9752
7727
28172
3090
16133
15791
25072
31013
4086
8943
12966
1597
17938
9119
25440
20565
18105
26938
3549
30155
7356
9189
26435
32257
11560
28033
3209
12838
5989
9227
5912
24745
7732
9156
29339
16418
8536
15645
32636
91
7706
27004
30171
21356
9073
32583
11671
12883
9511
23124
32240
19925
940
25573
28752
14399
25148
6809
518
4980
23429
17484
8310
31056
18735
403
6542
5535
10145
4171
30984
8052
10210
13995
22572
20916
17189
21527
27294
1944
12388
8838
26056
24647
2152
2446
30705
14406
18742
18617
11187
13179
10743
21610
9836
19357
2123
10313
30427
24222
6484
3743
12937
30327
13870
20421
13254
19194
9881
15966
20471
8700
31125
23774
7080
29970
5801
20947
20881
18924
21186
24011
1660
21457
25973
12663
14674
27306
4116
25053
8737
18270
16329
24233
28644
14634
18221
10395
8092
22445
25644
18056
11825
24469
28213
446
104
2691
23277
9231
12742
31348
6232
23429
20370
6071
8626
27669
5783
23248
15332
7096
29201
5745
904
8690
20257
21615
4429
5945
24860
14590
28469
13764
13252
22117
10760
13326
9775
13524
4477
26680
32011
14312
13824
26804
16977
10598
8127
920
4301
9927
29518
20423
17981
2231
18929
14083
28137
6336
3538
4635
24480
22592
3220
29817
30332
6322
160
18007
14626
5509
2551
1828
32267
14344
14932
7611
3173
5882
7378
31504
1970
572
429
15782
6123
7674
20792
1181
9263
24308
15792
11598
10599
27745
8986
22006
21695
32643
11277
10510
5974
23424
20717
20221
32360
15206
26352
13165
5411
416
26152
2382
13880
14073
19717
12864
25187
10043
17252
752
9063
5193
6854
29800
1407
3009
27995
3803
31164
31641
20138
18801
17907
12064
6072
20820
6657
22883
19855
15876
9435
25184
27357
6983
1409
12288
28485
28686
529
24658
20645
22273
14858
1697
29152
31178
2477
31449
26450
22280
7331
23709
31968
11773
930
14842
10349
11894
28533
11557
6027
19643
14059
12922
6265
25644
23947
29996
24792
16815
6875
23418
24379
29876
13090
7188
12547
23057
26869
25480
8273
209
26768
378
4928
29521
9400
24482
18277
2763
18509
22910
6067
10081
3364
26470
13928
10485
7464
23323
6944
6448
24485
26332
17449
10854
17841
4572
21917
24863
27891
6079
19809
28032
14703
30725
14892
28744
17687
14214
24377
13585
7228
30187
20075
10851
30397
4669
14161
19790
2159
2100
26162
7544
21041
17575
29845
6788
29551
9344
8687
7888
15820
18876
30265
19458
24662
27137
16857
17033
32325
14048
1557
2410
19103
22119
15119
23
17210
24041
10382
10376
18971
97
15835
12250
23933
23337
8854
32700
23550
15408
17236
2686
8162
24640
19815
27151
13706
18162
27608
3069
13512
28957
29791
18714
5308
27556
2042
30793
9329
10119
17390
27703
15597
4973
921
1791
30160
24588
30072
20447
6116
6021
31532
10630
28488
32246
50
800
23412
26959
3832
5141
15438
22408
32695
31016
24031
2492
17565
27245
21512
829
16874
6454
27950
11098
21605
27494
5426
12135
17204
22313
2680
5620
28982
13522
30143
9568
26067
12911
25012
10751
23817
20323
14165
32670
32138
7755
28616
28511
4445
7455
11098
20685
4736
18510
21330
712
16164
12445
24990
30394
19789
22330
21786
31253
13711
1634
26975
32282
476
16507
9854
28707
15391
26314
10644
25597
21657
18107
22212
12152
3127
7879
25544
11038
5638
5668
28823
31524
6339
26372
27830
17596
20465
11895
14783
21919
27925
8475
10365
17425
27255
22104
20810
59
24139
11588
9044
14552
8028
11773
5020
2820
31257
14963
29815
3108
13252
14912
5532
30866
29452
29999
4429
7761
10135
21042
951
15651
2405
27686
1583
6023
25999
12270
21082
23291
26758
1707
24859
29423
1201
22055
20472
21749
28036
14271
8260
5806
8465
11909
20702
17604
22625
2801
32587
27314
29189
20361
21399
8398
27025
23583
10923
2586
28425
1608
11268
3615
24449
22112
31181
18489
24983
16237
17090
28834
31142
10881
7113
32694
12737
8060
18058
25862
10284
3982
28614
24687
21835
22352
27676
24183
31229
125
27487
20121
27441
12644
27446
20877
22359
16648
12871
128
89
12706
14370
32732
27855
12173
31768
18130
20876
25972
29415
29915
9206
13922
14764
8698
20358
13001
22249
9922
24309
119
17412
7164
192
181
8912
19961
14396
18457
475
1550
16082
31171
5224
22502
24551
31162
18192
8815
21280
32626
21461
577
12969
7879
30736
1845
29183
20565
22505
11562
16961
2073
27736
17212
28086
29774
22369
16782
2493
32101
12887
11998
10314
24968
26334
11201
12807
5886
7615
2075
29173
20999
7477
9413
18955
20694
24440
30113
29819
29509
21999
31438
15356
15277
30911
75
4056
27011
23578
28114
8355
31828
16913
15070
31038
3229
29859
21298
13683
21540
10814
5051
4465
22176
16951
23616
5040
20295
27799
24485
26922
2275
7323
14410
16521
9010
31502
7865
18588
13048
29827
3485
5175
31796
27491
27860
2534
14737
8866
31383
4554
6222
32028
30526
10694
12070
4037
2605
28266
17589
31723
22859
5840
2594
6405
27543
11596
302
20536
24960
25083
25863
23355
15435
10515
22674
9164
26637
21681
26010
378
11994
18226
24482
10164
16114
23713
30352
16230
28735
23104
29029
27701
16585
32409
13651
4270
13250
10748
4878
23209
25429
1314
12610
8113
21092
26481
1170
18889
28928
28295
8176
2190
19961
26520
399
8392
23996
2029
8087
6345
530
15952
18273
20181
22217
17568
12851
1761
19472
32208
5643
29913
757
17696
26463
18271
24187
1880
20356
15946
17833
7429
22740
3273
13909
17739
28329
21770
20945
9931
2218
3147
23838
5051
8008
93
31471
14120
28376
24886
26764
30872
32137
25771
22550
22818
3978
30253
19245
18936
5477
24784
5927
19619
4724
13832
4596
24931
23564
16310
28099
16453
19205
27497
31785
15063
12350
4524
27214
31575
13011
3409
4608
7100
8765
32569
15452
6709
24068
7779
9568
28685
17248
8167
19811
26644
13516
26374
28987
9056
12642
26641
20666
4024
7974
7715
13105
8221
5606
23205
17950
14503
523
26317
20139
26675
4955
23540
3942
6156
29722
3578
25865
30213
5371
14184
15589
11211
16729
26462
8334
5734
12241
25009
29074
24628
14287
13161
2666
26658
12119
18277
2657
3545
28788
9961
24314
14862
10857
12290
2990
8681
30865
5687
5804
14233
21970
7754
15578
11711
13286
32642
30132
17278
11442
13232
17773
9837
28317
23987
21413
8089
18381
6354
24872
18687
6007
23714
13722
25352
27952
5962
10809
9505
28924
29789
16434
18028
1297
21038
10001
7454
31337
15865
26284
21999
27536
32428
5755
4028
13632
14444
32553
3736
22408
31715
19782
2511
16095
29425
20523
32542
14449
9240
19818
8472
22530
6641
26481
32624
14591
13289
9226
26785
29524
16565
20567
20254
31294
9311
1737
18002
379
829
25341
30050
5331
22046
31774
25447
11259
2915
16249
18576
13202
23037
6729
26571
31319
11268
25966
18011
7570
4082
862
13806
16258
11727
5920
25895
3085
152
11613
1147
19035
19646
987
19851
12923
22108
1823
8913
28243
19128
19423
18978
9765
32658
9967
25372
7976
19366
17500
20523
4123
6235
19419
27931
15012
537
1059
22114
6008
29560
7119
2091
5201
6862
5288
26648
20988
16664
20649
20661
22742
32440
15735
1502
2010
11397
10006
25603
23254
27357
7206
20068
16621
11586
30006
23907
23867
30186
11367
18708
2690
9874
23668
6157
17197
5769
8226
30437
22235
6396
32426
6796
14798
23790
12266
27057
14880
24489
30634
5441
9299
2152
12424
2372
1400
21253
17739
1420
29761
31260
2708
6578
21515
18213
5778
4239
30521
27276
17589
30514
20594
8348
80
23944
21854
19187
27556
13876
20297
30693
8536
17763
16322
9920
22454
15777
17159
7873
22919
32200
30129
3943
21938
15711
18007
6592
11544
15543
15219
14834
28978
21035
24852
3245
3947
28577
22456
18932
30880
5472
1113
13729
2144
32408
80
9243
17246
710
20953
19894
7274
6493
22883
7675
3186
26645
5916
1800
24463
21593
22782
22496
20852
19168
2356
30505
22195
9603
30838
21288
10687
24552
9426
10185
13434
25496
21044
9147
28737
5108
18738
13971
10344
5994
24799
32079
8925
7207
29811
734
2182
13440
5087
21126
9415
14879
2598
28485
22798
29771
1779
754
11270
4932
29734
5104
10027
17259
24643
238
23449
14682
8008
1939
25213
9110
7524
20252
28999
18654
14712
11862
19911
4729
28851
6941
14332
12935
31101
22597
19413
13912
8998
15931
17375
7035
33
6783
22638
15250
16213
6636
4585
31098
22230
9002
15731
9207
886
27409
25668
23062
31956
5893
28460
29960
12773
28446
15892
12521
21243
7064
29291
1393
4119
10002
21760
8706
29643
25072
31478
19750
6074
30422
31318
17054
18684
18287
6291
4940
3648
26549
15087
29613
6763
5019
25501
10145
32378
9270
9629
9886
3154
2024
28040
18279
386
14759
23195
17008
29135
28214
27199
9448
11159
308
20495
21269
24416
23435
9000
21428
29131
26805
26582
26483
30610
27900
28265
32157
28273
4702
7767
3968
28868
4298
124
741
13323
91
9993
315
5394
11543
913
29207
31034
6146
30635
7590
14382
9263
13390
4229
22995
27376
24537
28440
22937
10417
8926
28161
11020
16740
17506
22612
14238
15471
19919
1514
3180
9504
4255
25005
26318
5222
916
2689
29341
16873
23523
20832
6661
30568
31452
11797
15961
4670
28579
30195
23210
9562
1246
18140
19154
21904
10267
16749
5099
29899
26175
31258
6646
12462
9315
13148
4828
27278
13464
8364
14133
14068
7944
2074
1084
10057
25468
11086
19102
1044
31098
28395
18831
32363
22571
9312
27337
25655
9517
30806
4317
21036
6662
20568
531
24777
29637
24597
9427
19318
32662
29689
263
8242
29146
19754
21623
29116
15351
7402
8240
32074
17155
6639
21380
11029
7529
12293
22108
32447
351
8789
21122
8419
24158
4789
23731
13897
17884
10373
27145
5134
23173
11369
15918
26124
16995
8307
13625
3343
10332
3458
8006
26233
17040
19927
13391
21455
31570
2927
26854
10174
31771
8445
30690
17029
23705
31520
6965
26260
19943
14310
1316
15702
5784
30667
28053
28787
20954
4309
16936
8714
5717
23090
26235
29378
15542
8936
1309
2135
20677
873
1209
20363
1450
9239
15440
29769
16538
1472
15447
11871
12900
6056
22673
19978
17057
2230
1612
15472
11957
9891
17466
4632
3487
928
9429
23162
10859
3992
29519
3353
16479
22684
12676
7978
7416
32194
4350
19387
1246
12636
21367
20403
7302
26000
2376
9435
22384
18801
24857
1384
2933
1768
6399
16132
16877
23538
7226
31000
24287
13002
6681
9148
22270
24598
5389
12234
6363
3419
10595
19408
5134
25575
6499
23908
1826
28961
26421
32396
21958
30349
16532
24290
4420
16728
12319
2519
9734
9091
5991
16617
9439
23781
28972
23031
1883
2502
21296
15196
24657
14503
2838
6381
15199
1599
14452
8616
25954
9819
30006
19070
21712
22729
9440
16885
2422
30991
31982
9801
11384
18345
637
8536
18986
26274
25707
32366
8140
24248
19531
6726
17931
15398
1367
25106
11573
13891
5233
16139
6086
5803
31521
21462
20728
32030
30430
12193
7930
19944
5188
15791
2226
390
24216
32371
20557
11819
21515
28683
2458
31492
28325
17108
10702
15750
19716
27893
29663
26854
10515
29978
6973
30843
3280
30774
17408
3363
8704
24581
16202
28309
21728
5158
1306
11710
16620
28772
2435
13665
17114
19077
1429
9214
9781
9489
19203
24647
11282
7029
24685
24913
22411
5638
8876
744
10413
17388
4084
12184
30278
6081
10589
21469
4240
6316
4660
23255
5781
25954
24245
30025
12496
24003
27877
24325
25394
7021
12078
14792
9534
16985
11815
22959
15646
7055
31283
26460
3869
4073
10684
18387
4635
19662
11714
25738
25928
9660
12705
4281
1285
27049
5177
27552
8552
26469
29390
606
7374
17767
17890
20052
4242
10933
30531
10483
14443
13216
9710
26154
6769
15951
25328
12261
5806
11686
2734
25159
26442
21255
18218
24043
11069
26730
18352
9458
18601
8408
27580
21335
17179
16066
23436
29301
14690
3851
15721
23962
1812
2624
4593
10639
4600
21440
5975
3793
30098
358
8450
17410
13973
11676
12058
10803
10193
24040
18549
9544
20553
2352
23608
9043
28884
8405
13235
23347
16872
13628
16818
22385
27355
6603
8446
11950
16553
18971
21806
1562
21297
29559
21556
28648
8058
11686
16122
27183
30749
30718
6631
23495
11437
20550
29760
28376
22188
29744
7161
17128
17772
609
24247
25746
1500
22392
24659
12698
5568
14671
4222
5519
8502
4838
27681
15464
4188
10545
28798
15195
10397
4992
29395
16237
13396
19801
15667
10207
27397
25116
29464
29989
117
9072
16398
208
4629
28850
25078
15389
20392
28718
12591
13394
20425
13114
32270
5568
6166
11004
9697
13798
19204
5182
15481
31909
27950
15153
17526
15414
11189
15921
23189
18036
9526
6759
8143
11387
30526
16909
14736
23901
12542
17765
14764
6176
11198
9346
7566
4434
30643
15105
30588
12333
3451
13536
12131
18280
17248
30424
72
10045
26287
6835
31671
31608
13105
4346
16501
24777
29021
26112
10607
29882
9498
31656
224
20266
7192
15418
15987
8206
16047
6019
27415
20937
13851
23316
22547
25609
14040
24481
31221
2679
16968
19179
24410
17812
16606
29043
4377
20461
4381
10053
24894
24185
3583
14711
458
8315
4300
5496
19187
17738
12049
16844
1892
24053
15424
11401
9444
4688
27173
25005
28346
11803
11627
2861
613
1447
24468
3208
2597
15869
22749
29645
24938
17655
21193
25907
5166
5540
2916
4653
2085
21859
30822
13203
21082
28351
1873
4754
30335
12961
3323
28290
20500
5958
11352
30524
11046
4045
11996
5292
20204
10308
18864
28713
25947
27257
30028
4277
5410
4228
4244
6127
5062
24452
11728
22252
16751
10089
7241
18691
421
17144
24291
21729
21414
31365
21873
13820
30399
15048
15767
13073
26960
11695
23294
2080
17070
1408
18950
32118
1038
23788
23316
22272
25330
13748
2430
27077
11715
2818
27602
17668
18114
12863
2359
11100
18452
26962
15342
9423
15912
2876
26020
15368
1094
24519
24242
16208
22075
25603
16807
3487
1891
19882
8901
30756
8556
24559
29360
22168
15996
31547
14558
6325
24584
1794
16399
21343
18514
19066
16340
13631
23126
31601
21697
8633
15366
31357
21177
16940
12437
8832
15662
28026
546
19404
4646
8041
27935
26034
19585
20393
4024
19281
4297
10008
16750
15626
9030
29035
20465
7615
7110
12179
14423
29695
3488
13244
8470
29387
17869
24105
6449
12222
9898
7303
2572
17931
22222
8594
13887
1088
11800
21746
11461
25423
8338
4584
21144
9903
31632
29246
32316
18486
29287
231
5649
24244
10279
24933
21507
17776
28235
7581
2001
28134
23067
17895
5223
13645
11626
20722
32446
7143
10873
13236
13752
28666
21168
25009
30553
10814
390
14318
18023
18060
22156
18697
19118
15798
17532
25501
30119
27227
21122
5114
19981
21639
3276
21388
26828
1723
9790
2094
10481
5101
25132
4811
32370
9615
5552
32765
3565
919
27801
21588
2624
15274
28624
3344
14165
30729
25096
10708
23802
31234
16071
9436
1580
2446
8457
32381
24467
30733
30170
29133
1670
370
11778
24859
30687
8352
9702
27938
4610
29048
8893
22853
24571
13924
8574
10343
17513
2026
17839
11699
8445
27113
3070
1691
20551
7886
6442
17183
32419
18759
8260
28067
5084
6992
24113
2081
30559
21874
29722
1959
17132
17735
5383
19859
13283
12993
16922
2905
15492
16707
26785
23264
21892
9888
31732
3498
16070
22739
15127
12659
5627
15978
31569
9784
25152
31823
26046
19239
5775
10480
31060
18686
19042
9355
28051
720
406
30456
12706
22502
2037
3107
5478
609
24546
13823
19424
12672
808
4320
3868
11852
17926
29155
6222
27065
13510
27923
18710
381
25603
14916
4809
7343
17062
21169
10930
11603
26249
25045
8228
17821
25770
29681
8464
17176
1491
14578
28997
8454
22518
31362
5046
19398
30332
901
22631
10480
31408
2196
30721
22077
26909
4902
27917
4877
6324
2129
15548
30895
25793
30570
9717
7373
11223
27301
10476
27418
21185
10232
25833
16124
14364
28453
6837
7215
2691
17277
2841
24836
9682
20756
12576
1962
27003
26317
20932
17331
15822
28330
14306
6870
12091
5207
5696
32521
31206
15345
26889
7834
26670
20990
14688
32040
29319
14399
24704
8284
18081
10201
14070
2533
23766
15572
11504
6210
19351
666
8083
7007
9717
9021
6872
2823
7520
26238
700
15723
4471
20082
31812
3347
13763
16731
4547
29863
11503
18037
24279
10228
23314
18753
31628
26218
27276
15035
31011
18189
18287
5686
3807
4902
25292
23857
26769
10559
2262
22171
7813
2415
607
23217
26714
2856
18299
31347
13540
9866
29598
22722
26075
21993
26942
13589
10394
18982
23672
3768
30896
3897
7025
22051
25561
30933
5569
22352
31087
1935
24517
19396
3615
18097
15853
19914
26230
3865
28720
7418
13137
25507
32408
28529
1776
12356
29321
10040
3783
30920
14334
21874
2332
17654
10552
29267
27067
13079
32047
28458
1355
17478
29322
6246
32496
23648
26609
21119
21041
17872
3277
14500
18351
22835
19690
21999
30450
17104
11904
10018
23507
8358
16855
12286
27840
31082
31271
22461
30129
23144
1881
14637
1318
24536
31897
23594
5348
10297
24929
20154
19448
12134
6116
21125
15915
14190
22706
23338
30996
18873
13612
31020
1671
11837
30806
29328
606
13407
27432
13290
29414
30997
4245
19965
30590
6862
3900
26188
17986
27374
24940
13253
1361
9676
14705
18127
5393
24478
9501
21054
10546
18603
9447
30872
2566
17581
2101
7501
19588
15351
1491
10009
9049
20905
30074
21077
31397
13043
19431
113
8760
15182
16941
24820
31662
4842
5008
9209
22720
27270
8678
23507
8030
4784
6557
25475
213
22497
15347
31871
6779
21316
18482
6137
3707
23630
9475
4815
7963
29723
27624
1161
32383
3853
24726
17268
11122
7343
32675
30463
3171
29210
24117
14336
13809
6079
23272
28793
20702
20700
28761
8655
24123
15243
19791
20908
8704
2657
10052
4056
25121
5063
9540
17854
30934
18612
22742
1159
156
9499
28054
26198
20046
16351
2898
23466
20796
25361
18479
15063
10821
21191
13119
18815
31892
7584
18565
15319
30924
15909
8689
13288
28088
1616
14641
24362
25934
11052
29938
5440
17240
29243
7469
5017
27737
6874
4983
4918
7313
10968
8078
16442
29538
20637
18201
27973
31442
18710
2216
30612
26584
25836
5690
5691
8201
20008
23589
17325
23648
22126
3306
4911
13887
8624
19595
4130
25686
4624
12129
17889
2784
13996
30018
3312
1189
15756
26058
32021
13519
15221
17200
14083
26722
12053
22210
10159
30719
15488
16583
30620
18616
18269
27539
13435
5884
13081
2509
5574
19084
31429
25170
13002
13410
18601
8259
26635
29859
13909
18049
5138
23017
2113
15866
7447
2198
27284
25628
5161
13888
31905
23919
24012
16433
9296
23070
9937
3369
20779
8909
26318
5701
11335
9372
9106
4123
2515
12253
9371
26891
5311
19379
6509
29258
11441
20559
19634
32290
12948
20440
8038
9169
4733
31214
13752
448
17071
15350
24959
7180
155
4902
21191
10069
30546
1572
19272
9839
31064
11403
12769
1128
7652
3276
19385
3736
16653
28354
18136
19390
19532
26114
26345
7611
32496
31762
21878
32666
10889
9856
31741
30610
27514
20812
9310
22187
8627
8701
7368
27258
14139
13815
2784
21172
24183
6711
14514
29702
30479
13982
2750
7073
1186
31733
21097
8884
3577
10714
17628
8057
30291
1789
473
2213
26255
24359
19136
22522
4081
20436
6446
28480
6047
29642
32669
25880
14796
19406
29150
18007
6077
11664
31931
31249
6188
14197
7321
9074
24614
6285
6010
7099
27208
18224
28491
30333
13833
20158
15526
27855
12705
5684
30984
8303
11474
22148
20467
9272
10601
26467
26190
14716
10216
15901
11227
30447
32142
17056
18774
27433
4060
22902
29938
31324
1700
14600
1913
22297
32175
17442
13863
27347
2158
4554
3640
12841
32308
23577
13181
6691
11149
22771
720
20010
27253
21475
8459
1780
15790
8943
17529
3473
25104
21763
23118
29869
15606
27046
25932
3502
23804
22862
22290
729
14263
7273
27704
11224
4823
13271
8385
14474
4274
24401
6695
18481
10351
22800
20465
6012
27615
10722
31441
1489
5689
9215
32646
30661
27700
2642
26400
5821
5152
32136
12874
17081
17993
4837
17240
29848
21532
12507
8545
17710
29352
5747
11269
15540
3989
18569
23726
23200
4772
758
1704
15844
7712
26055
18316
1814
31368
5195
2634
18496
8906
18542
31799
14212
29842
16614
6920
21372
20128
9152
13653
5510
16348
12916
9313
14381
24077
18993
31328
2119
10942
20812
10531
1967
14936
11713
8600
16892
15006
5746
29310
21420
31946
21809
16381
17656
16858
28148
3188
28659
28231
8885
23332
22373
26737
2148
32267
15752
28220
547
110
4495
24544
10828
12621
23374
11353
22120
26922
29356
16533
21212
12981
22749
24916
2382
13796
22272
982
10856
20293
4743
7765
12842
16556
12560
18710
3247
32086
28046
15705
31572
27116
15195
147
27854
28297
5473
25162
7979
6518
14631
23506
31484
2888
28889
32132
16343
24438
31097
21060
6531
13389
30117
17790
30954
5432
23689
820
3632
10881
11037
17232
4919
19431
29158
28338
3161
24631
3547
18176
8131
24662
20133
22652
30017
13657
13907
12986
3175
2363
12222
8507
818
6109
24452
465
2148
11399
7494
7045
24863
49
16393
24915
22607
25437
8774
32551
5012
3491
4768
9333
10663
24282
29923
13003
24676
744
32567
10261
12320
9880
7236
22407
6342
4044
23935
6176
12279
19184
11525
29065
534
5078
5881
3679
21639
6847
14679
12401
7023
20163
9487
15177
843
21258
22285
20899
22473
6319
14783
20170
20740
9002
28303
17250
10195
25665
3238
17073
6436
15925
11041
14073
14046
22855
2234
5771
14567
5848
32080
13861
30400
1488
21676
7785
23515
20414
24705
23109
15999
11264
2497
9364
10418
996
5329
31331
10403
16660
21899
21580
27561
25739
3883
29155
8069
9590
1226
16681
3060
5723
21093
10412
3892
26772
29037
71
25459
12354
29007
6383
17698
32567
17346
12138
13427
11404
14558
12418
27035
23789
3614
4436
19574
8776
31674
4587
4573
6774
31337
11081
27300
3226
8634
22415
8947
15026
16904
15960
11887
16360
14812
15676
20526
22819
13251
30640
293
32464
14161
21746
5671
10167
15214
3708
13922
9784
30577
17090
28503
28574
10957
5979
4250
8994
13674
25527
15040
24770
8301
8777
10328
31608
18226
30876
30862
32744
8107
13494
26368
27536
27495
25664
17804
11909
19577
28691
3825
11904
11237
30031
21206
15678
20238
18436
18076
19606
12494
16868
16111
27638
819
11845
27916
20920
22710
24664
22571
15136
30339
27007
25437
18066
15594
32053
17766
25224
31365
23095
10841
4675
12640
21293
31406
1225
27071
7784
26536
9563
19051
31429
24603
27192
9079
13419
12099
4325
32429
26618
32279
13769
17902
22077
28893
28098
31796
23754
6983
4987
15030
10458
16496
21360
14814
31113
17085
10406
31208
4166
10790
28611
9019
21314
17280
14051
3963
241
28683
12295
20286
4226
28918
24414
17566
6098
13857
1182
23079
2526
6798
6963
3042
27360
23228
4931
13020
23153
24627
27491
25507
7148
25261
5099
26815
6175
18204
12899
12683
17007
24143
15663
31866
21742
861
31747
29557
17936
7883
30079
13327
7020
4867
28570
5915
6355
373
205
22182
29399
16330
3691
26433
5726
7945
15156
29727
16056
32083
10743
29819
27026
16944
14926
6357
26611
20885
21544
12851
29963
27099
30846
26998
1892
29252
155
32081
1431
13123
18674
14797
26561
1866
14720
14465
20559
12244
19416
28579
5294
806
24638
16606
25785
26688
29596
17207
31663
21767
32413
14885
10119
26412
15609
13986
30214
10233
8447
32671
29163
8014
1795
5676
25269
5050
19852
23041
12012
23200
27994
21643
13090
22643
16636
8467
12130
32609
27127
4921
19630
26523
13689
21418
29967
28630
1508
31121
31031
16934
3812
27913
11472
19663
25643
32681
32215
31439
18832
15103
5684
159
25680
26741
13413
28482
3859
24036
29059
4877
22363
23708
19127
24120
27770
205
17340
6576
5199
28864
3136
25801
30999
4552
14170
20275
22704
23197
20393
1120
1786
21511
18066
14908
32212
17771
13829
8914
25232
14400
16407
19286
13488
23163
2594
5337
23677
24461
26677
19190
11757
23939
31457
2773
19849
8773
9304
21203
24606
29066
17467
10881
9427
28285
7062
21172
23261
15007
26129
16969
5397
15971
183
12322
21133
22353
11055
16013
20307
2451
13004
16495
26658
12691
609
27412
11686
15803
26278
22890
24
27578
22115
22426
2715
27053
9959
14747
6406
156
13477
28695
15809
26760
6097
30358
10849
4834
32176
23464
6337
31416
2892
18980
23288
3066
2859
31383
28208
19660
9027
13867
27665
32662
8245
19176
883
13783
2336
22236
10871
14926
9040
11635
1542
14126
26258
10561
4880
8540
21653
20280
7928
22841
1028
27551
28721
28915
979
12193
16440
31235
14161
23064
466
20003
285
15441
14325
453
30803
24460
10549
10017
3135
22361
24943
31469
553
4737
402
24430
22569
10184
31241
4148
4553
17948
9893
16872
2720
26755
17104
2253
413
8738
13632
11539
2127
12207
18147
10269
14844
6628
32458
16632
11793
2132
383
30720
213
22892
25345
3067
20014
1524
10593
17757
6785
15696
27749
31888
3454
30533
489
8501
21861
11316
19477
7217
4679
10405
8310
25419
3542
9703
4996
28819
4875
32524
4631
31199
29241
9320
28775
11733
18364
15181
31566
27969
5129
881
15371
18857
14021
6228
2688
32737
20433
32634
29320
29633
24779
32341
21721
11437
22932
24993
22407
2562
25643
4274
17044
16932
95
3351
4473
29637
17055
29258
32526
18187
24718
20883
23475
5145
5730
9060
15596
31208
11994
17048
23776
18695
12136
8405
15260
15284
17371
12321
25432
26340
11343
6428
21675
20790
690
13436
26175
2085
27409
30949
23741
21851
2598
6874
12411
8968
2849
19479
12527
28625
19522
20486
1807
5508
15752
32297
26537
11468
12485
2761
22502
5221
8782
24997
20271
19238
626
22896
5605
5533
9137
22277
14266
26634
4491
31770
19122
13207
14183
1956
30305
9411
13933
28861
17157
17328
32563
5558
13498
27822
24469
26035
32594
13199
7379
14777
28846
29032
1229
19828
9927
30212
9877
23119
8455
5908
16234
2206
27641
30325
18056
24140
6269
936
12876
15923
16458
25979
11974
6628
29803
31455
2923
18925
11076
16088
1562
25228
12333
2865
32138
18601
32
22478
27056
18097
25544
9477
12124
1566
20237
15567
5568
13015
30176
32128
7019
19738
8004
24638
12360
25697
16434
18819
31627
14420
22922
11377
21770
21753
25514
32115
9916
15632
3098
15793
3459
13874
21241
9208
14433
6179
28798
14364
28566
15725
31239
8655
17798
2806
19619
1067
18407
14836
31172
30328
30172
31268
6960
4589
6021
27751
2058
32116
3447
13570
29790
4447
10493
8193
32097
16384
30418
2480
8189
17972
23137
25581
11046
31442
18684
17014
3502
18688
29932
20344
10750
10722
21072
14631
918
7268
2812
17694
21081
28334
4417
26381
20782
29463
4590
20728
28880
8192
8910
21051
20601
22369
20739
18763
7018
29693
14151
20842
20098
241
6752
25150
7640
10079
906
9941
16398
31865
14782
11592
11522
1793
10161
4135
7247
12322
15348
14835
12861
8487
14955
26000
5387
22056
8035
19168
32071
27592
14430
19811
26686
23645
6977
6093
19158
28089
14229
19882
5532
21744
11887
17871
28419
25289
12090
11771
5531
8620
30031
14517
14640
13382
4345
27886
8746
8831
246
23731
10287
24799
29649
31190
28164
6546
1731
14034
21706
29886
10200
2364
25293
19961
15487
4096
11781
4750
28921
13226
9411
18914
15602
4409
31884
28385
18874
2144
2645
11870
15245
32393
32380
13212
28702
5201
6338
14080
3656
20260
2133
9717
16986
25343
6142
29577
18059
29284
22466
22103
18325
17438
22174
16139
9642
31081
14081
27494
14756
27741
6628
27243
22500
4118
13587
6223
13187
11607
32263
9209
3721
3147
23416
21068
16975
2120
837
790
14107
11408
22770
14340
24128
27103
30121
25908
4049
1204
28686
29710
2130
24052
32734
5598
22564
30266
11454
14289
11302
4821
4016
11220
6488
8558
31863
10915
25760
28329
16628
29882
4900
24792
16864
30766
25181
31792
2359
18474
2089
310
13480
17768
28704
29582
7467
10369
2042
24052
2523
24056
27174
4067
18733
22220
13984
3513
12682
5415
3186
11856
17297
1691
27921
16553
17627
21972
6127
7882
8758
24564
14895
11551
6621
18698
1497
7715
11173
3724
22445
25540
4806
19173
17524
18268
3807
29592
15173
30016
26097
22512
2412
26812
22241
30022
4161
25447
23558
16703
18727
31738
12675
25121
13700
15854
10883
9190
5523
7845
16320
5519
32534
10253
4898
18192
13496
15634
9962
30708
2793
27487
29452
18900
18819
29666
10077
2438
4336
17294
27690
30617
11267
11941
363
22517
15275
1691
32156
23599
19799
26831
9999
4343
5311
17091
11646
28541
11645
6966
19903
5219
6764
19092
1504
29729
28598
13691
29431
30214
15612
4304
2067
20245
16535
16540
29065
9166
23492
28005
9035
19843
12294
31777
31615
10857
12393
31767
598
10462
11337
6512
11347
18812
10282
7272
17211
6909
1449
26789
618
9459
6746
20875
14198
24077
18396
24120
507
19543
11568
19150
17700
1925
31307
9745
23680
8409
22546
13454
6390
27291
7530
18957
31038
29679
31184
9517
24149
26390
12931
716
19284
16142
20285
20087
8317
15210
856
16580
17647
20308
17952
15124
18949
27461
18629
14566
17775
22681
29888
6010
8147
5314
6681
14918
9170
28522
25966
20846
25424
19930
25541
24950
24472
18915
2186
14742
30415
25251
1987
27846
28813
25503
14905
5757
17069
15891
6458
27260
6375
15973
11780
16142
2504
30947
11143
29334
295
30106
30146
27248
32388
25682
6773
18667
27698
29747
31042
14119
7353
2648
27069
18226
30121
27071
8284
14420
15658
13363
12715
30809
20115
24319
23489
31296
11290
12157
842
14262
23719
32486
2824
29521
29537
12436
7866
3495
8049
24257
6251
17743
2470
8126
18489
17833
11584
25
5667
30558
31749
21634
30418
9312
30891
29382
32119
27229
9360
13641
7920
22697
2110
19650
7971
28231
15315
24871
31949
18045
4538
31077
995
1188
507
18296
22438
2481
4082
6936
5141
17020
13223
27466
9060
14417
8952
27800
3461
19484
496
3482
16888
24252
22386
18713
20281
27146
28699
19104
5387
12705
8058
15051
4465
20178
31767
10186
23853
29338
12296
10377
4729
974
29508
11209
25233
29029
22256
27111
24001
26727
31099
22343
17162
5639
18557
10196
29737
21490
731
21076
25040
31814
13234
14504
18541
3997
13831
24173
8069
29982
9399
16627
18197
29272
3647
1267
15246
10848
15610
31421
25613
21343
16525
7970
8787
21853
992
16317
24152
10153
5463
17830
26892
13244
19049
3069
25430
31814
29848
28749
32328
24581
13560
16337
29683
7420
13312
6616
24886
28050
19797
11188
30044
16904
25450
1643
14084
8480
2057
14092
20625
15470
32042
8332
28462
31274
12033
17976
23316
18011
21865
9960
32052
16285
246
19033
17749
2205
14235
21497
17276
11220
8232
23532
2902
5046
19770
25788
13462
6291
11964
21898
10773
31793
10906
1985
20025
17207
28822
11702
20900
2276
25579
31366
8816
9326
32675
27843
14361
12552
20477
7214
24685
20473
3510
28374
24374
5177
1294
31232
19073
11619
23479
27758
20600
16063
16820
16533
12562
24841
28912
31132
12011
4805
29879
19724
11234
11882
104
27596
24961
13846
5761
10262
29541
10718
20624
31374
18975
21977
28525
10222
15957
2714
9281
24091
40
24292
7707
17684
22407
5163
18866
31732
7618
25445
8161
4413
27025
31785
10041
19790
28660
17814
10340
24192
28717
20046
7683
3643
8397
8525
7908
24361
11523
23029
14030
25575
6684
22934
19751
957
15212
2529
20851
2179
31343
19318
766
17338
10909
1243
29372
23625
24664
2136
3740
32304
10127
18112
9784
27902
19084
29699
4952
18746
14357
14888
23444
11658
30544
17443
7968
9331
22307
23276
6278
15340
21305
30035
27353
28465
12204
25503
12704
10433
30017
11453
32396
23729
14997
15416
20897
31398
28233
10260
32619
6466
6595
1038
3800
25090
16885
4708
11209
22487
8117
29550
4689
10751
32169
4859
23580
30754
17887
21055
28876
3264
13864
16439
2747
13940
17401
13293
20614
23217
15499
2334
22718
21135
1137
14249
22585
20258
27631
15910
21622
28055
1100
25411
29445
28024
8239
15890
27243
23880
17560
1968
26553
20468
30039
32457
7061
12112
28654
6185
2104
14735
32556
17768
24633
28571
24543
23077
29989
31978
9528
14274
22221
26512
28171
15159
22376
10143
24151
23082
8909
5269
6154
32700
22273
22122
4021
30200
4383
25334
13651
14419
28861
21398
25205
14383
28405
25682
25465
23709
5910
17018
13737
6523
1295
18161
19824
4343
8428
3287
7435
27723
2478
7327
11162
13178
22794
29669
24466
12269
19483
18766
20231
12075
31291
22525
23379
31180
6936
27968
23598
28654
6001
20318
30312
22371
503
17663
3076
10621
31766
26401
20362
11463
26296
28028
13882
17530
18919
5097
560
24389
31112
5541
9030
4404
14749
11301
21113
19952
7670
22247
5334
5191
32728
26255
4792
3179
6700
25039
7173
15203
11457
23240
21273
16703
13393
27887
1328
12624
10708
29943
24807
7061
4064
22692
8891
25836
2709
5846
3080
8568
27313
11375
28674
18080
31440
9164
19518
18588
14969
8514
11332
29690
30465
2039
8567
14842
1937
1804
25290
2851
31172
31362
13523
10174
31076
25897
8066
18934
30284
19088
23647
2556
23441
13728
24561
28207
8533
8043
31951
12812
27022
8828
15088
4046
25804
18043
22084
13554
11863
9690
26709
30958
8938
26218
2210
2122
26104
21402
22587
12902
1776
5653
24907
9650
30091
15517
9248
504
29661
2926
10457
30011
10515
20543
10885
15999
24173
1008
22271
15477
28485
15509
31028
31884
29262
14261
7721
21764
13965
10016
28873
23117
19559
17224
24112
19576
10852
11409
14978
20963
20560
27727
1800
25818
23090
10282
6351
25508
18524
21484
1707
2606
6892
11996
8053
4818
14034
25525
8082
25012
14919
20005
15516
28603
2061
23738
27944
15124
15551
22914
9397
13532
10192
1476
15625
28449
6968
20051
1126
4899
10718
23620
10447
1613
23076
19394
24748
31722
7298
15245
31071
10010
17189
29833
11204
3791
1829
19679
28941
17278
16182
15900
20970
2357
15344
17554
4327
805
10391
6161
21117
13883
2781
22460
16276
22697
1178
15067
20248
21899
28130
27602
31714
28753
29362
11132
11
31384
14957
29122
11525
20169
16271
7496
14451
17953
27592
13743
11351
9939
14960
15148
26648
19634
28098
9124
16357
4923
21841
1231
31499
22840
7689
1012
24363
12507
8505
29131
8707
5483
22919
3200
24109
32274
2442
31498
30664
15557
19348
1826
27586
20717
6177
27746
24937
21768
17534
24286
26295
15969
4005
23131
15473
27583
29467
18524
22737
20126
6932
23469
30607
28226
31456
22362
4649
7256
5602
26354
28712
11740
1080
21245
9475
15022
14647
32732
3875
5619
18477
16165
18688
17168
3824
19883
25191
11483
2188
21774
26335
5996
26517
4208
1024
26885
6086
29560
8199
23146
16434
21883
18962
13515
21342
27857
25845
24672
27993
6996
437
18346
2666
28047
5673
5997
16585
5697
13710
7824
16709
18375
14161
18770
26496
8720
9443
28906
20397
12873
12680
31655
22724
23393
878
21646
31291
29676
25436
24955
4235
19684
20185
24924
152
15717
25269
710
15083
27482
5628
5088
6194
15644
9602
9131
25071
28483
25149
24170
23903
11976
31227
9085
4379
23827
22167
11177
3429
3573
7856
32386
12246
14353
13945
7437
27294
23843
17810
6716
9348
364
4503
7527
9588
16363
13686
32214
14310
14054
3036
27802
17911
30721
26223
12865
683
27808
13002
3478
20817
22294
4189
31693
361
22971
14476
8841
4830
32202
10120
3378
32542
13986
32368
16148
27974
18857
6563
30791
10605
32590
7194
14543
25896
27509
4503
5992
1276
6603
12996
12163
31654
28406
2862
8502
13422
22204
3056
2130
3498
28860
4624
9080
18404
30726
2524
10277
22162
22145
25538
31489
15685
18772
19787
11368
12039
5133
7620
23319
25513
4108
23542
19590
6779
20834
21876
30018
7433
23495
9921
27663
457
28434
13908
6620
1433
12964
28270
5881
3020
15621
17946
8470
20771
8856
21745
30420
32510
30483
21787
8539
7402
26245
24346
19396
2964
27555
16813
405
5570
20267
17179
31018
850
15156
1450
3647
29331
21877
8606
14975
13417
13543
23329
2910
29794
6435
2893
12313
3297
19033
21728
28707
21332
20081
13464
16193
4864
9968
12200
29959
20908
17433
27465
18949
26947
31680
6929
13356
873
3863
29688
26337
27924
2600
30052
12106
20181
16709
16353
8411
20475
11544
12991
26050
30649
25368
4611
10927
1709
3125
18093
13949
3788
8811
29254
2492
17340
2562
23718
13539
22275
16806
14867
30727
28786
10135
22405
9303
9028
8437
1165
1158
8945
20914
16847
15428
13364
1115
15200
17825
3276
30241
16488
17967
29535
6191
25918
4450
5800
15032
19222
25728
13847
30267
17631
17160
3247
24102
26918
31929
8768
23523
27077
13484
14210
257
10086
19045
25330
19194
4835
11460
10958
28361
7264
15878
18553
18757
11172
20377
27865
17727
18756
16119
4572
8972
8433
30046
11845
21150
22007
27022
18422
9473
10439
29128
12221
30707
11558
22646
25371
22162
24821
20947
7003
13438
2114
28865
11521
22231
31891
20391
10578
30384
29842
17943
18904
22538
13826
445
20488
28156
594
4901
32553
32101
10209
32116
1298
32635
5928
6192
6488
5017
22892
30632
24416
13583
3899
10481
12633
1043
9015
17768
21863
24
22947
11978
31571
25518
3763
11106
30093
8403
8856
23821
19503
28233
8010
28931
16916
164
17431
31722
32645
5121
32670
11357
27493
29113
389
26456
8379
12852
15846
5758
27840
2361
20336
4504
13714
25339
7647
26566
17219
1509
14002
12544
18139
31044
10114
7853
8603
3525
21759
30921
8395
11853
31665
25023
7661
2932
11518
5002
29236
27233
23845
24829
16501
30061
27105
25484
14212
32196
9405
5873
32039
15828
24987
12462
16514
26165
24391
19671
23593
21580
679
27551
25292
27118
10482
27653
26393
26609
9978
8060
25670
31534
14267
10358
30723
22315
32689
2155
1351
11726
22223
26253
23634
24539
20717
13674
7289
4161
27599
14828
26018
3433
13712
22064
16974
25295
15073
11148
8074
19377
28496
19419
25067
23173
30388
24410
26080
9341
19724
453
1316
12381
826
11737
8329
19934
18217
32696
18891
24120
25259
3925
13024
18259
27349
1686
15789
752
31290
18376
18468
427
23304
6960
5881
24235
27227
9290
17324
86
12382
11492
24632
12069
31130
9168
2374
2228
11860
11461
4192
15789
1485
703
27407
27667
6376
23445
23362
1759
27788
3863
23460
17698
24004
7194
6472
5392
6043
31429
15242
5715
21640
27693
7668
8056
22053
17521
31099
12803
6111
29442
10576
27432
13330
17992
18874
4509
8315
10162
19511
22963
14704
9689
1481
10141
28377
15379
22570
20043
30266
12229
30909
25696
6154
4756
1214
12020
25898
26415
31950
23901
17721
22437
12741
23285
16731
23857
6646
14764
31702
23416
32471
31168
25839
17292
30179
26014
1503
12384
10303
1699
3162
6880
5632
8806
1571
13285
18042
11198
5265
30754
14163
32013
103
13664
23211
21371
2952
21871
16574
17505
30996
26923
16977
5024
17605
14994
9435
22039
8547
6639
25619
30123
29392
25531
12539
26984
24651
8511
25322
19657
26004
4509
7973
31793
12240
10491
8847
13864
10969
12544
11924
17161
15745
7525
8089
9456
22246
22735
17881
28950
30933
8720
9226
11079
28481
14993
19672
9458
26203
1200
32225
1344
24418
14437
3854
14563
26010
13597
15772
7620
28448
26130
24348
20919
266
27149
20389
10475
6645
31265
17222
21923
26642
17213
6795
15981
17433
749
15580
27563
24050
30145
6145
4536
9457
8628
24642
11492
24493
6763
5490
4918
27701
20024
29845
2751
20597
26640
18700
563
9311
4614
8907
4839
20353
29130
13767
31334
28051
32639
3151
27964
13803
3149
14136
6192
13418
27207
5794
16252
8091
18598
14834
31456
22662
5657
1156
8201
22109
9091
14664
32229
3422
26691
17674
22399
1944
19733
25397
27617
13410
19165
16504
12745
15822
32100
1379
19920
17234
27436
28635
17968
8640
4111
26416
23581
7686
27235
21570
28305
15977
10989
30056
15168
4347
11637
32383
1113
4645
4211
6688
2405
6531
6910
24524
30475
19914
10954
30738
16051
8934
19256
8372
23901
20149
2768
15074
6883
24602
27317
20357
30857
17886
12680
32394
25735
12073
28065
3138
32614
15999
8662
16181
29955
27974
18809
19750
21019
18221
12029
8984
21184
27610
26578
11464
15335
29756
26575
30528
12251
29886
11860
21226
18374
29822
19914
21849
30356
3773
21218
19839
2610
9135
4778
31274
2741
4761
19566
29605
10278
3240
8829
5082
752
1607
31470
16241
18813
29525
9549
4135
15799
25122
20941
1923
19057
29196
8297
29333
21681
28741
29130
18439
5902
23534
7389
16939
20738
14189
31937
5703
16038
21851
1256
28591
9703
5162
3800
25593
6482
12272
27449
12362
6185
2038
1280
2286
1478
14053
8398
26203
8933
12252
18478
28877
16510
20085
910
9190
30106
6911
11606
11451
23805
7552
23611
19259
21858
24685
27368
25023
27073
15399
21978
6394
27581
7134
19564
26359
2210
5789
21479
1758
30393
14171
31182
28294
27744
18147
3016
5562
13662
32403
8251
17604
16456
22312
13017
2861
3583
3939
29515
26470
32476
26630
13889
15704
10949
11397
7121
3695
29668
15714
3974
17712
9907
26358
16726
12098
23379
211
26795
21930
22681
23064
31552
19366
15800
8772
31173
13848
9185
23431
15015
25742
30755
25939
26135
4349
8359
25611
19699
7790
3233
24867
27129
6908
28285
31257
19691
10983
22983
14883
4921
18260
13030
15903
15136
30719
20698
27124
26613
16521
8412
7053
5519
32609
32276
9746
13052
1488
27889
4428
17150
26161
20924
21247
9346
28774
2278
827
26420
14754
25921
18653
19201
2776
9030
5578
7716
7839
31742
623
31862
29755
31747
30785
7169
10593
15602
25018
12185
11505
19572
31864
18639
27389
14825
16648
12907
13736
25804
19621
850
21403
14297
13518
2326
13445
10727
16741
7630
24675
25087
19101
13484
11245
9813
24729
4162
14778
6508
8675
32595
32396
28867
18159
16774
25422
28976
8879
24835
22686
17768
29624
23882
19142
16203
3224
4608
27068
26931
15253
28427
6345
27022
3259
3846
5043
6549
16713
31956
27518
26697
12264
31420
6461
4792
12702
10947
4763
11696
21111
17143
17134
18842
15223
16077
21846
16051
31441
781
32695
1800
21734
31633
9798
6241
15079
20980
15406
4308
9315
7404
3129
17696
783
28424
13186
25266
23245
28235
23471
357
13394
6798
8893
21352
8317
4384
5190
20556
20421
27880
6089
15501
9970
11150
16643
29633
12462
16059
14761
9847
31292
19364
7372
18467
17524
22938
22360
32349
13083
22051
15765
15190
18279
5387
10019
8390
24181
10403
11344
5015
15448
30840
19208
17448
24541
24196
27419
23694
9109
20671
30309
1081
5406
16160
7621
10425
18434
8881
23846
15087
29064
14826
21187
11457
4004
32031
16821
5427
8153
32246
19672
8711
20646
31402
30658
2951
30050
13094
19160
21430
1093
8959
13810
20660
5230
2087
23802
19013
19113
30761
29845
5997
20771
8689
5376
25719
28493
20695
11188
22334
31582
8463
6311
10341
15395
23378
1351
8595
28340
12170
17054
23804
18956
3167
21036
9059
3650
21599
24868
22277
11867
449
30738
12460
15746
19724
7745
30230
24523
11986
32646
22996
5926
1231
24681
25065
15307
26776
4145
11525
18954
8865
5595
11688
9723
13546
17105
29012
26115
28888
14071
26820
15905
1797
32022
25548
8011
6309
13573
8610
21249
10011
15059
10990
7961
21988
5222
32691
5321
15021
32688
14465
15815
6149
13280
24970
1088
23513
17058
28418
5308
28353
28894
11831
25209
4895
1830
1969
12698
13271
1758
32083
8732
12801
12053
25650
16215
3803
29106
32121
20154
17383
16093
18475
16748
23246
26594
32236
27894
19984
9769
7329
21131
25557
1827
18807
26492
8715
14377
11179
10668
4441
13947
28428
19514
9505
14181
26268
24627
24710
8228
22231
23273
9664
6749
32426
8771
13898
21056
14385
21831
21588
1243
28576
14014
11593
13605
13259
11027
9259
11687
24987
18506
6290
20903
27351
8528
16162
8682
15328
15093
26540
1770
12016
17769
16294
20823
22595
28876
6264
4985
18767
12225
24136
30002
24038
32393
3862
16728
9127
27067
9097
15048
27166
4001
23715
29380
22341
19017
19893
29516
20455
4741
10339
8660
9510
12302
2924
2079
32543
98
26207
5132
22165
29474
31968
11938
11276
26082
10176
28402
7327
16656
11017
932
18586
7182
4492
14136
29213
6040
9647
23590
4730
15863
19329
17048
20341
24687
25975
3166
19049
23825
13584
21692
9177
17274
23571
4368
23318
18862
31324
19846
13892
31265
12034
21613
30061
1086
10687
30913
26851
19321
10131
127
15955
4153
24857
24401
24895
14037
13106
20198
8154
32372
13968
24186
27783
28862
31280
10315
5860
1061
29612
30522
16179
28655
27780
30821
22433
23284
4651
25300
5562
6381
16368
28217
43
23185
6902
24692
14390
6720
8330
29269
1886
1768
9041
19484
24939
23985
25841
21744
12937
2002
10337
15905
16974
25498
25213
17538
31324
2482
16524
29459
3431
12754
4549
28249
22711
7884
577
13399
3028
19638
4256
13329
8522
22109
5462
1844
13521
24459
20492
1570
31300
14573
28795
30667
29652
4855
19473
8969
27962
22788
17848
3442
29263
21018
32547
11574
30797
21523
582
7767
10632
20556
795
3610
29941
20419
11896
8091
5509
9507
29057
769
28309
7675
9215
4424
23137
15102
18728
5586
21861
3838
7063
9184
26943
29177
27579
1599
25254
12173
12354
23787
203
23101
2875
3859
29298
29841
13580
23741
18824
13345
1460
15486
16030
16145
9168
2071
15034
15756
25122
28321
14848
12830
30293
7496
3363
16765
8058
22313
5075
19756
15812
24453
14193
4975
4757
10211
23345
13928
8282
14736
26793
28375
8486
3498
24163
25017
27997
15308
7871
13160
19575
29862
116
314
11581
10780
25579
11354
2954
27818
23376
7368
22517
14068
1140
3365
10245
13160
13005
29923
12950
12884
28075
19485
16304
27278
16916
555
12785
25474
11632
22670
11393
6021
15252
5704
9434
13601
13255
9054
9018
26596
22997
30054
12312
20091
15946
8991
30648
5835
9896
4682
1558
26647
2877
5846
875
9816
4553
28617
4664
30824
15396
13134
169
2547
3472
10416
23127
21465
8735
22936
23561
8649
14790
11321
7451
7053
30478
2101
2286
25456
7676
12946
15849
24284
32300
6677
4941
32051
28944
8555
10588
7978
10518
2083
30629
13881
12796
30014
23060
5579
32511
27483
29938
4862
1309
24839
14107
9691
10239
5610
32473
524
13939
30181
15794
16577
31978
4171
20028
2718
19918
11538
13278
30174
27053
7704
31778
29933
18114
10542
25773
28383
7801
26610
3490
19033
14378
4411
24840
5200
27350
11235
29386
23602
13652
18041
27919
18946
6629
25434
21803
9468
24290
25732
23511
15932
5750
19155
12143
22932
20323
3854
32574
27734
12239
27376
24254
16996
24776
16695
18501
29802
11534
11972
29875
27998
21782
16942
12818
27657
718
31828
16704
8408
4223
9788
23132
6495
2497
12537
23051
12433
19073
11547
