21239
29858
25428
28044
23666
25791
3351
13168
9783
1707
1627
28427
23244
21657
16677
7312
3787
21702
17378
28283
527
26948
13639
1049
18168
30401
11208
2464
14251
533
1115
17237
24355
4583
11693
28562
13042
23523
14679
15735
6736
15877
24289
14328
16225
7495
30193
16091
22724
23588
28310
5408
2306
9043
31663
15350
12700
6117
1570
27482
7919
5975
373
19629
16474
7899
481
5497
30221
11445
18137
10221
31668
3601
23148
17661
1768
3571
5133
6906
21036
30441
23005
892
7681
9231
11643
6085
21816
30820
5939
23796
20644
7544
23334
20176
25493
32701
12245
32743
29197
31790
2358
21798
26728
22793
13559
30717
16873
18653
24023
8461
5467
23265
10652
3599
16435
1095
3388
127
18839
200
957
11406
21686
6112
10570
3028
18951
24253
4592
17576
12821
18843
778
24054
29863
19107
21164
14376
9455
8522
23336
27462
4553
31812
3381
25657
8208
22302
7753
8312
24914
11504
32089
2980
6376
17307
15975
12973
16900
28404
4810
18817
25703
30781
8446
13954
15498
20792
533
20435
26738
18211
32296
18864
28537
13939
23952
26992
3913
24253
26522
24558
16723
670
9185
17002
26407
24909
18997
10386
16081
23731
3822
26892
27861
27547
10821
14996
3444
30397
9153
7826
19903
3434
31670
2648
24847
29912
11623
2667
11713
12375
28943
23721
31587
24935
31191
16997
7637
13838
5012
1590
6142
24188
26563
28517
32365
23007
255
2547
1642
26075
15133
6107
31861
13965
1825
18487
22004
10213
30804
5879
32518
12849
20348
11993
19116
15352
26641
26926
7316
2637
26295
10281
15812
20455
5034
17422
5425
2251
26070
4608
25835
8409
24887
7178
3801
27850
28243
14973
13680
8576
8145
3338
23837
18266
9086
20665
20964
4118
17752
29155
14919
21855
8375
1772
10037
18825
6731
26029
4122
15213
7427
20102
28224
26152
27705
15957
30807
20068
18396
23809
15078
1545
341
11067
30890
32559
16139
10186
30808
2248
20840
14733
8488
32240
23051
15543
19965
26953
28575
28834
22337
12344
25400
20362
13890
30775
13610
190
23253
8029
15725
4932
31591
24655
13099
2325
1716
23255
13523
25767
23231
3444
2997
29209
2643
32416
1775
21564
29911
3679
9954
7071
10285
26863
26418
20180
29156
23193
19732
3463
30865
16661
2415
1734
22465
30966
12971
17618
2074
4170
7624
23976
24052
29618
32332
2751
10635
7459
2685
24668
30828
21995
26991
21226
11543
24361
9239
7447
235
1390
12418
21279
20428
1968
21314
23011
5466
4728
12424
22621
29297
629
2507
15659
6442
13894
20402
21870
22550
16987
11361
23758
8496
1613
22680
3372
27322
14298
1042
24097
5577
3334
21398
30819
2104
18959
18102
3850
5835
2657
7397
18879
16251
21856
20233
3222
32283
20949
9730
957
12280
26576
17493
30919
7549
18753
693
1056
29466
29162
5459
22129
27296
22890
23819
10958
1464
16917
18259
14538
6973
31903
20128
3287
22072
16281
163
4539
18464
23484
26678
25821
8792
29693
11769
25609
26067
19867
10853
28038
7724
10919
1420
30837
4903
3728
20120
6994
24461
21943
113
20242
22058
15679
14456
688
12729
14234
13505
4982
29574
13758
890
7390
279
25704
16859
23158
11461
24703
20751
29129
27472
7415
22611
22844
12332
24289
13328
12000
20066
23830
5442
17488
6514
20077
7528
27308
7680
23691
28594
17097
20737
22527
22444
6915
15659
8513
32317
13186
21076
12514
8871
12227
19472
20173
16333
20379
31075
12186
23260
29323
21416
23427
9427
28988
29233
16905
10766
10019
6013
16849
20046
3871
30589
30761
28987
6197
4394
2637
1889
12006
16557
27168
3111
4386
4894
26559
20103
22016
20993
28386
1525
16773
11125
25694
979
15457
14799
25774
7004
22928
16018
9838
7899
6465
11107
15115
1075
20036
9392
21576
1977
23903
23866
10090
21338
2329
28895
2041
13880
20665
21267
15460
29873
18204
21411
8447
26715
25995
18198
14641
3977
7376
16248
9631
11955
6206
16015
29152
21606
14013
32476
22643
4679
18747
25665
11470
20347
20186
7796
3268
19052
15294
29398
4070
31087
3088
13277
9984
3887
30779
11869
7026
10944
19437
4100
7167
24110
15090
16199
11176
21157
6783
17080
29819
25292
26067
17731
28983
5719
19576
14669
18063
5030
18490
30582
16108
13374
1538
12787
2848
12754
10812
4798
10835
30653
23800
20028
31752
5065
7452
17760
25045
11204
5617
11200
32743
18181
25050
1485
11430
26182
9953
20064
9945
11069
27391
13153
23853
1652
21790
28854
27461
9167
11725
15863
26069
15233
22421
17613
14695
18449
31486
31808
111
10681
3217
10120
10472
23689
24145
20526
14185
30201
31807
20806
10359
24026
26625
27350
14359
5196
24534
7664
6170
32567
20600
14858
9362
5228
23847
24644
25368
27537
23016
14861
28024
4659
2814
27050
16851
18759
5599
670
32582
8507
24347
4686
26138
25141
17286
22489
10003
2522
2223
29027
22526
7448
21968
6956
4980
31287
32209
24782
14630
3037
4611
22733
8608
20669
1714
27286
22373
30172
24613
26437
5962
6974
17599
2357
5646
18540
22033
20594
8415
15249
22915
27304
5589
6824
24548
15793
29896
4916
644
19176
513
24351
16004
9997
2668
23474
14338
14160
16438
19790
25930
10613
29389
13357
18649
25927
14566
19539
4784
14886
28237
18224
23775
22370
10783
3996
26830
24665
4691
16174
10684
12506
32111
18678
16710
14179
1872
18408
648
28313
17404
4025
30821
26393
17121
30556
28557
18452
23122
26914
27966
21579
14128
3251
751
23368
31585
21246
30622
30570
29696
27202
18740
10716
26735
32735
22041
11975
10305
5289
11149
4328
15065
6971
3629
31710
28848
28590
16621
13486
20012
25068
10677
23804
27343
5621
15389
29088
26105
30746
13112
20620
14103
2607
24805
13504
1086
10400
24661
9734
11801
4674
32392
27656
15635
20509
26978
20346
6602
18014
30481
13936
8303
13438
4058
26404
2763
25814
26743
3734
28638
1407
9770
19170
4560
11288
10102
1167
26574
14976
21604
16191
29512
18906
14345
999
29281
25367
9168
25630
6550
6715
18276
8465
2185
3718
8199
1750
4919
23561
1404
12363
24233
29574
262
3740
218
15160
31919
7381
2552
14803
4558
9470
28151
19354
11039
13168
12633
31558
27761
9997
28981
5679
11888
4116
26733
27497
25311
21518
11958
1862
19295
3931
23222
15906
20433
31452
12256
26483
30161
13017
1378
13969
14897
17269
26701
24580
24697
17997
3544
168
18196
14170
20977
31945
10188
28346
9295
25681
16766
31515
1567
3503
31278
3390
9376
15173
28537
11453
28401
16284
28913
5245
21527
25986
31245
9165
7758
20209
20395
1443
16609
5465
20856
30945
16575
24779
501
18566
4230
3146
10309
28775
9359
29987
27028
7833
892
8235
17527
7157
10769
31974
3649
27678
24669
19318
3328
15076
2441
16190
23210
29631
22327
8023
19856
20748
3647
94
26589
6302
20011
2673
8596
15377
12356
4635
32207
17314
7202
21708
19799
25439
10421
23162
19961
21660
27687
16804
15653
32496
3092
16711
26684
3367
12730
23511
21629
13729
3683
24311
21521
573
8546
21385
3123
16740
23514
3090
8022
26546
6985
12586
5381
12285
10730
28799
23686
239
7279
31730
9426
8901
2075
31898
3221
25530
32318
22859
27982
17952
5824
24740
2551
32684
7830
21117
24914
30138
17601
13593
19983
4175
32437
20512
8016
26346
13671
20455
6222
31006
29000
32596
3480
18957
24449
14315
30793
21340
28872
10026
23735
20629
3449
11886
22402
25152
3020
7783
16050
14700
12077
27458
27295
4941
17322
8963
19025
21958
26959
27460
4919
22854
12883
5683
7901
2072
11060
13505
12342
21052
845
29819
1538
15738
26994
29337
15587
7595
3702
10646
3325
31269
13593
16268
21988
9542
20322
18954
31498
30438
19332
29562
32275
15530
23894
24321
25131
9859
6549
21947
4434
23658
960
738
1312
6213
1955
3607
22194
29122
18594
10588
55
15106
20878
30766
19000
21183
15484
5843
10086
21468
17762
17853
15532
30624
1992
11241
4441
15631
17848
29493
25783
19085
15980
21184
5892
16754
28573
25719
25651
10631
32442
9725
14273
13417
32286
5681
17857
8219
7265
21244
19654
11370
7176
5832
29965
26491
25559
23964
25699
29631
15948
12252
22255
5564
1934
20056
20436
3648
25948
17382
1037
16594
30968
6383
5838
25093
1639
5826
17149
4670
25294
30225
13243
32231
9493
22492
30900
13482
17248
3118
16187
6184
4349
2792
11773
30174
28202
25804
19427
19116
13617
22833
20988
17624
27675
3462
31550
19825
27049
2844
12226
9010
30349
27726
11984
10066
19292
21819
21147
26036
23669
15432
27919
5037
8204
17089
25410
21556
16049
10503
16043
27710
3482
11449
26989
9643
19719
20507
23071
1950
28258
9425
18069
5467
20908
11838
11184
1579
12116
21283
20211
4237
19426
8742
19021
23131
25691
18688
23807
3404
6755
12652
18453
1451
15120
29352
14737
8832
15178
21085
6207
3912
26542
2274
2599
25453
25079
28077
14890
14737
3261
2223
20613
30560
26761
11783
3906
3312
13794
14142
1351
5654
12764
2935
23617
31187
18171
19300
13809
3450
1745
21539
3014
5546
29137
30005
11018
20943
6479
19374
22596
6337
27489
32166
24594
28176
11850
12589
20007
2762
6993
8449
7844
17720
8369
28950
32134
8441
25600
6444
26809
27637
29828
13504
30956
6667
30267
15332
5108
11199
15678
997
25767
15255
551
8347
31293
31262
30168
28590
19912
14287
9628
20387
10741
20633
18285
1391
28850
26267
9136
19943
5847
9606
16500
23663
20219
6650
13310
3402
11472
21341
22852
14227
27795
30179
21711
12056
11241
32762
11426
27433
32423
17609
12852
20969
25381
26920
2199
5864
2167
5957
25391
28127
7734
11894
29737
25922
32614
16488
7814
6185
610
12242
11407
11923
29994
21418
24941
32642
22705
10632
25384
11621
4455
15110
16356
16013
29781
15574
23733
13605
27315
12994
32370
4449
19784
27588
17013
16305
11584
1281
23203
13062
11618
7199
27142
26307
12447
14715
31962
32477
13955
4800
21137
21452
19508
7591
31600
19603
32583
14427
5286
17572
9087
5444
32158
21766
7156
31300
16996
21227
29326
7581
24020
10507
24617
25139
22540
17143
14178
11106
19727
20662
15032
17933
22158
24584
24514
27850
1141
21392
24952
22208
6813
25760
4299
12927
21367
24100
24074
3637
29167
23788
20862
28280
20646
4515
16112
12678
4605
11490
31973
17307
14350
18936
24039
15848
30647
19397
18631
20182
6482
13355
14854
1774
17266
15434
30234
25763
18667
25457
13077
23345
9417
12174
19546
23042
31374
17955
17856
27137
8532
22009
9245
6121
29171
14398
15325
1555
26895
30626
21767
31419
11492
2339
5270
13271
9932
15828
22116
31009
8454
21919
31060
18716
3361
14645
32006
29115
27839
15751
16181
27646
11663
11405
15017
2375
27152
23931
3192
19082
30574
12284
178
20481
19210
12746
32158
22074
19329
23069
24033
3262
17099
28609
2823
6342
3981
16505
2136
179
1884
23158
11831
22755
23834
5889
5055
13217
20396
32040
9187
14345
6020
13221
17247
21278
11949
13788
11092
23884
28900
11586
2757
13854
11629
2361
16313
18764
15802
15402
5930
25527
16041
536
20490
30168
5667
11251
4074
28586
18233
5602
22036
5718
7585
24271
14627
22064
12066
13165
22457
22740
4817
4929
17360
15718
12792
18171
15224
5060
25596
21103
14849
20039
19112
1637
7094
4307
13356
4986
23624
9967
20793
12227
24470
13719
58
5624
3754
3453
21511
21203
26863
26679
4152
27170
7789
11826
11445
22683
18224
18335
25107
30808
5002
27056
20590
10710
25328
14722
17869
29520
24535
24084
5185
4451
20338
30846
19186
9345
13074
2066
11672
10744
12270
22012
13230
4269
6559
16617
13305
17247
28796
12941
32466
21860
26229
21971
15286
108
32667
28742
14269
6186
10543
31577
22867
11211
17145
5304
27727
3457
17105
29983
6345
28513
8348
15517
3989
10056
6411
20766
26078
9238
15822
25902
21043
28563
16174
10499
13480
14186
13914
27919
11278
2979
13810
18605
517
21058
3415
32231
27669
30251
16022
9884
165
28820
18391
14044
26497
6227
10619
2963
8865
18522
17003
19103
22063
21450
17143
2649
1889
11952
455
29740
7768
25739
12678
32053
23946
22902
9497
23408
16007
27529
3734
20009
10569
6602
27613
21387
7986
14586
31239
6688
25554
11417
6909
7884
11919
21876
24176
13153
24935
28731
26484
15296
1646
27840
25953
30654
2222
32752
9699
14279
15082
12720
15141
8065
29868
26114
11317
8173
9025
17375
1321
6801
18508
16622
28789
28349
47
11638
17885
25755
15234
11924
17764
23784
21554
17475
27013
14809
9690
18240
29797
13336
28820
14072
30724
4856
4779
30326
5271
29428
14641
4245
18040
11397
4085
18803
25650
19770
20460
27683
8095
12034
31513
21975
21803
19569
11700
9860
21396
17166
28935
14312
14990
25847
16381
11368
6812
13649
32639
13826
32187
24155
31103
10974
4789
19484
29336
6895
5016
4502
24728
18162
32424
32070
13549
31367
22268
31711
16998
28958
6912
21896
9935
12780
18579
195
10653
10888
6557
19775
10357
27757
1699
5087
13142
32435
14351
15272
22745
20331
7256
9182
26500
20163
6449
13044
28858
30734
1709
2170
14495
1319
6069
5838
1666
25815
2596
648
1903
15874
10957
11010
20907
24238
7064
19880
10
22191
7253
23093
3946
16658
15290
26883
5816
26530
29681
669
27122
22563
4918
755
21313
29727
29511
32035
13287
17384
30314
32501
19800
4997
13722
11975
23280
1728
22293
20258
24660
487
7832
25242
17152
25893
912
7998
20987
28568
3615
27798
9675
21164
20240
20873
21776
27202
16234
6647
18084
32349
17587
4397
22564
21402
20132
5980
21117
16869
18983
6494
18357
22990
12378
6563
20965
23474
15986
31360
17454
26443
13734
26002
9820
4916
2832
32675
19526
13262
19374
22408
16814
15368
28632
5460
30306
25685
13718
10738
2786
11121
15952
15723
4269
31493
18148
22474
19642
31810
2216
31652
2146
408
17737
395
29845
10796
27441
12988
31676
12866
26701
28947
18977
32658
85
31642
32517
16652
11422
1117
8570
4536
29676
15127
6736
10043
25648
14372
1286
29660
15589
13573
7754
14542
11120
877
13945
4529
19302
14093
27098
7300
30965
21833
27792
1519
22258
24128
26026
10780
16145
10956
28887
914
8921
5057
321
11604
2576
20330
1253
3674
27647
2437
21252
25640
20095
12903
13192
27532
1383
734
3847
28824
18593
1179
4695
26639
22318
25379
13278
22072
9299
4973
9661
23951
6363
2891
3028
17502
13766
7027
23084
23711
7755
5722
15386
6795
20760
15585
7105
16495
29265
19676
16459
15525
15348
13807
1884
1221
23855
30461
11699
2334
22169
9361
26047
12524
3281
8668
7038
12907
21131
17959
23679
24375
15195
29671
29393
14950
7958
8596
13429
2769
26471
20245
3136
25784
8668
8814
5293
14946
7916
19759
26780
6574
11953
11315
8842
20029
22980
454
15132
31988
8584
4392
2920
1130
2773
27342
21967
10350
30975
22178
21479
4249
2628
21279
21460
24993
15502
22490
20332
29259
27126
15681
13785
901
14398
5492
16188
21164
29905
25234
13328
17007
11847
29450
15574
22378
16419
31807
11399
12404
12268
2197
13095
26092
16876
10225
31536
23533
24713
30039
26659
4788
4368
26049
10536
13009
25261
28255
21315
11317
29162
24406
18933
7857
6826
25212
24511
20386
25599
18242
3432
24636
17945
18608
28541
13508
27349
2624
8273
24916
10523
27035
28162
31494
31514
1336
15794
14408
9756
15134
29155
13267
14158
13163
29117
24659
8467
6260
7429
25481
3516
2941
1724
20104
3903
16354
22545
2194
931
32151
6414
14188
17830
13495
12985
25616
1487
4806
13724
16001
22937
8504
4327
26191
8682
19662
10410
25699
25644
19669
24037
16522
25242
3916
8404
32531
25212
1839
19896
6053
10458
15959
2628
15039
2538
12256
19598
12908
29673
6662
22660
27473
15504
21461
7
3893
9353
26784
8110
11904
3096
8172
31333
20644
30201
23044
3941
1241
3830
22571
7150
31808
985
28503
23341
10020
1831
12247
5210
18189
27316
7355
23356
27682
29752
20451
3825
3680
1887
13415
6425
5436
26721
29125
1279
7926
23422
32331
10749
20177
10878
29501
29374
17984
26867
32643
4099
3415
26600
30548
19934
27044
13007
24775
491
2831
15598
20516
13170
17617
8069
7860
26707
31167
16327
21615
25035
60
5776
31547
12536
9196
10273
16900
22817
19532
23341
2991
19828
7598
18313
13275
5319
23970
1012
10824
31971
27269
29949
11540
14288
851
3729
31499
26482
15265
29271
31173
9003
4485
2088
5940
7018
4674
32036
212
6086
3349
9071
8770
26524
30402
23206
6624
6079
13807
2687
24594
25318
16532
30097
13549
30350
4333
32527
31817
15127
1237
4467
19812
32105
16701
13769
27498
18176
3987
20582
1796
24240
17320
29890
12176
21559
12588
5691
16824
18636
31092
20952
656
5829
31985
31981
25082
10217
28028
16435
32560
20589
578
23427
15827
9130
8760
21997
72
6989
4419
29634
25371
14571
27668
14906
26013
29543
7069
7180
30126
15301
8501
26552
1309
28184
15483
30238
28249
21384
17450
24906
29310
719
15910
22085
9236
29530
20938
17807
2509
5471
27386
31503
27834
24810
19877
23029
895
13598
3256
20976
8679
30792
27492
20525
2438
3157
32116
2719
32059
24432
917
26019
20477
13758
6654
13297
15812
15974
30323
19513
20659
18334
4610
5803
21760
19328
26385
21979
28611
7320
26804
12297
16244
30792
24440
2085
28176
7946
32258
1007
1748
29418
1382
2594
6003
10689
1754
30426
5969
32630
29669
31839
7123
105
7295
6824
21760
17520
23818
5389
10060
9171
19452
26372
28088
8474
994
4620
435
19619
10493
7639
23802
20870
25734
25089
2592
29002
22264
26907
15261
6932
3650
26316
12994
1302
7580
8750
22685
25099
6455
8497
29890
14525
13518
31894
31137
4212
521
27213
11841
22800
987
15455
10175
18909
31384
16727
839
1666
4457
23644
30245
7767
14087
23082
17667
1466
11598
14460
4854
29896
21277
15494
13983
19688
20613
32431
16921
8389
14109
5598
31037
21925
1251
10457
29782
3956
12537
22116
25974
21138
3736
26581
7184
1898
25327
4814
19100
2925
26244
8938
21957
18583
22358
10640
23773
22361
24492
23492
21716
27447
13352
26715
32254
28397
24586
30687
30877
13558
15231
24154
3194
19778
21016
17542
31716
24839
15587
187
21102
21796
32519
31870
25517
20078
21747
26690
520
3962
20294
16216
31934
21719
19492
10616
12028
25596
947
7160
25234
2603
15636
6271
22661
20207
19359
1579
5549
16151
19232
30606
18185
19591
31328
22806
23601
27001
25308
30417
16630
4346
20464
17731
338
25428
23219
23173
10399
4633
27968
11878
28200
17404
7417
17296
22473
5586
25533
19881
23860
22659
16919
5473
15516
23353
20182
7834
24355
8158
19628
24348
19821
29322
2692
4621
17797
27477
18223
10018
19697
12870
24671
19198
4098
17328
5033
27163
21320
25494
16959
1176
28868
7033
27993
18133
29827
31633
16538
24263
8416
1587
17289
30834
17128
14188
21183
13106
22658
2977
16704
8421
18816
10596
5892
9956
26385
22537
31714
21789
12518
4719
23984
8576
9064
17475
26769
11780
23431
12464
8116
5794
4590
27167
30368
8364
14267
31474
29911
655
19818
12604
9420
879
16265
225
24694
15810
16634
32758
17771
8454
16485
26008
1638
25065
21035
14764
1971
12619
28480
9373
26810
14497
765
29814
8975
367
24446
32130
12718
20083
8669
32061
26180
18591
31416
29082
969
22970
3068
6747
10206
10078
24792
11815
11615
5455
17206
15840
29959
29373
6546
3376
7969
28527
5002
429
22784
18452
17246
5213
5896
17215
6586
17213
6020
7982
19790
29473
16988
19150
21601
24527
23343
11990
3681
20508
7755
30898
9612
16771
9712
29542
30478
24495
3380
995
30117
29320
4806
22684
18028
10012
31253
18091
14819
1668
26611
20100
29123
23878
17292
16178
16001
25340
12254
29069
31951
22796
19357
32263
23268
24643
28462
32687
28750
13851
31342
1036
22756
13949
5408
2018
9698
29828
15959
800
28102
4021
3797
1088
21392
18728
8376
21848
11385
28519
8357
28811
22571
6911
3749
9657
16076
3530
26146
3807
10293
22811
18085
21060
2934
19370
18168
31942
28972
8624
30219
31044
32072
8657
23599
23307
28218
23565
2962
26856
7417
25711
23060
3025
240
25078
7110
10468
13940
7887
20212
5992
23132
28640
4042
14160
3989
16273
6481
17340
10146
22636
30453
11145
1258
24043
6166
30958
4650
11690
19361
31978
12965
14306
1844
3172
17661
5655
7270
4369
11362
12887
11477
29440
20196
12056
7406
8087
17626
3290
1761
21615
32150
8345
30629
9613
30934
28356
15476
8506
13648
25595
6896
8509
2513
11991
24413
28756
28170
9906
4301
24068
9472
31704
29261
14806
21105
20023
16245
20810
28781
19546
30280
20039
16651
30962
6011
12564
16579
7824
10743
19569
25740
32598
1453
20269
29140
14819
4921
20710
32051
25657
31019
15168
11428
8028
223
26960
12385
26562
5014
6786
8270
538
20456
17547
12841
29650
2204
1372
12395
4662
24413
10172
26874
18542
22745
16125
8677
28316
28307
9770
23071
31472
28084
27376
31393
13079
1726
28525
8904
16852
887
9182
27668
25230
32082
18003
20822
9732
11154
9667
20889
18560
1218
3924
3211
8643
19562
26351
4703
18012
25974
26293
9393
32420
137
24409
9519
27453
3979
10014
32686
14140
32047
20725
21328
344
24863
4172
16265
4533
10662
4610
29902
13886
20275
16825
2379
20143
697
27290
26154
211
26295
14210
25330
8303
4335
1917
27501
27500
22345
20999
7152
29228
24174
14389
26060
30658
13060
4478
11842
18773
11091
13254
25302
8801
16214
24693
23448
3924
7674
13628
12989
22689
29221
3159
16716
2787
2687
14741
2976
4851
19019
16260
16851
22219
335
13207
18369
29096
5220
30016
23570
16831
11101
9170
25899
9581
18001
7985
30545
1505
17762
20960
1779
3050
19895
26809
27069
13846
32464
18875
19374
23269
7111
25941
686
6521
6220
24892
1519
13272
25682
4567
22512
28229
7321
15901
9407
13287
14743
15746
17166
28962
8135
26084
31033
14433
11064
4836
22850
10558
18504
8192
9040
6571
31620
24891
6983
11991
614
13491
5106
19355
21804
27264
22103
8553
9331
11006
20619
6510
16670
26038
22905
28206
12249
28036
15418
24646
24753
8488
31590
8361
486
30514
8441
26559
20376
24891
11807
10770
14537
23049
14485
25396
15746
30135
28879
31621
6286
17007
13942
14121
497
12971
22172
21242
21475
799
17916
18786
7474
29774
21985
23973
22627
27494
12239
26319
30672
5910
18882
1351
22011
4349
3546
11254
29874
6860
6183
25257
32396
20826
6122
16614
26245
31704
26401
22085
29135
6666
19932
694
9300
18876
2945
27887
2506
30570
2912
28502
11642
18085
11176
24731
10408
20873
21569
13633
6905
5075
17799
27828
15651
30560
4515
15944
11835
31937
12893
17890
10776
21979
19672
15525
6373
4093
29283
3842
189
7665
32232
17092
640
25333
24779
29060
20869
12417
8893
194
3310
4664
23217
17462
4081
19911
2307
29513
25767
28273
213
17580
16198
24634
16643
29631
15059
6582
7861
18715
13836
8573
15497
26493
32504
508
1522
5585
5153
9788
25336
25084
16514
15744
27455
10933
30492
6378
27301
7532
25655
9745
287
20332
27545
11998
16429
29029
30990
15672
20556
19809
28512
18216
22125
19296
22436
6960
14885
29485
12391
1016
14864
14440
2205
20056
5545
16424
10631
15375
14247
28188
11353
19460
16766
24821
12629
25741
11517
24494
18859
13447
25766
32642
21082
18308
1225
20993
6114
7553
21616
19535
9283
30624
25317
32445
32505
17056
17112
19787
18252
3431
3759
10465
8186
2656
29392
26384
8911
7655
19614
27586
22541
6928
24059
16887
27393
21255
16732
19785
11815
13005
23156
20942
32478
29963
32713
1326
16817
32500
3342
19117
22662
1133
27532
4194
17860
26088
7420
5360
19979
23109
16102
2963
2423
6700
31379
27296
902
5927
23441
10495
14832
30950
1907
21263
18239
9814
12359
12439
25792
10249
16557
18694
26979
13854
14146
3783
25037
7329
19421
18168
30273
27401
25682
889
22878
32518
3206
21909
27861
28829
29086
23876
29397
7571
28059
13595
8262
29738
16262
6806
10510
29773
5921
11013
10772
14858
12010
13721
3549
25341
4216
26638
15895
13454
8844
25593
4205
10451
2045
18484
7068
23089
9269
24611
29262
11663
24833
12526
9842
12241
27020
4703
22850
8292
9725
23638
21080
21929
7917
2404
25051
3372
2369
25800
19424
5926
6102
14583
7983
32278
8637
15571
368
9588
6064
19563
11867
4264
14127
8317
14503
32172
1157
21764
5969
7226
20264
29874
32112
26743
32073
31237
7465
16157
20621
9047
25883
31356
7474
26059
19960
9822
1987
25269
6147
14943
30747
30491
13730
25581
31602
8573
13118
1920
8644
31222
22802
24966
29901
6101
21549
11741
9476
30555
9706
24460
5925
9331
8681
27675
12111
15379
21670
5804
8526
14042
32630
22130
5089
22535
2139
15209
15239
22724
31083
14760
32682
16267
32663
23113
16006
8045
21693
8254
27440
24359
20889
15893
5758
19006
19505
566
20984
19242
20622
17903
30187
25044
28698
25583
16017
26128
30742
18197
2228
5448
29657
32600
7489
28324
1369
23626
7419
25704
12881
5276
21115
23408
26710
5737
1155
32700
25064
26419
3559
1149
21015
1608
8586
15995
20502
3661
8906
22580
25226
30419
14409
28235
9360
9032
32162
14503
9402
21016
21982
9228
18119
2798
26375
15872
4870
5808
20685
3829
6036
10464
10406
18442
23010
10446
3413
8298
24182
27346
8475
15173
24044
22149
29684
15991
8768
25433
12721
13249
39
17218
29388
30227
9128
10030
26396
9493
14029
2112
22289
20099
7980
20378
21933
30087
20464
18318
31745
19693
3280
22237
9698
25542
3145
19421
14350
32240
21332
25446
25782
16079
24027
6439
11194
31015
14790
12285
26525
9544
14897
8812
11675
21778
25086
18008
30441
23229
32482
20757
4651
32567
18220
25649
8792
29043
21227
26569
6558
31975
27254
16497
31324
31400
23838
32647
12789
31283
29641
19047
29396
31577
15505
29236
3094
10373
3237
25797
28544
23232
19458
27431
29823
966
3494
24300
10227
30841
3179
8748
20300
24570
20312
20548
31922
16012
31456
10083
3689
27480
87
29784
3617
28248
32451
30685
6334
12418
25923
12391
26398
14038
16994
28207
32150
19090
23277
12397
2992
4875
25146
6350
14871
29623
5548
2596
839
21598
4705
21390
21276
3465
21194
30579
21123
17775
7725
20588
9209
25327
5796
16520
26649
29149
9963
16473
26051
13535
23240
17497
28799
20695
4756
3555
21271
22574
32394
15600
23985
26966
10658
31737
25666
31688
13188
24957
30181
26375
7500
7506
6459
14954
15176
15746
19493
14999
20019
19245
9075
9048
7225
5440
20739
23774
15157
14227
14924
29749
2485
8492
7295
7186
4337
30742
13879
12001
1293
20080
25981
20078
25368
32655
13350
26284
24902
32101
6471
18146
19032
8289
1078
13792
14045
11211
19494
30031
14265
28903
4494
11869
2467
19402
30492
10675
20226
21018
237
9165
14777
26410
17697
9769
11342
2612
8114
15456
27802
9856
15308
32529
21319
10967
18335
25311
21111
20135
29858
23301
20262
7224
27053
8692
30030
538
6239
19879
21471
5771
19094
26884
13531
19590
8830
22120
32734
6549
9804
31214
18533
13245
872
17744
22088
16193
3426
29602
14709
23646
30964
1534
3475
28269
22502
2569
9791
18331
20805
10048
6556
9976
12738
30255
16023
21360
6210
15141
22807
7527
435
12765
27567
30320
27622
29482
28906
14787
24270
305
2527
11293
17819
27254
4495
32357
20617
29534
16043
3289
8738
1174
16695
8833
2176
25787
23397
3920
10225
4251
32640
19529
28067
12357
16171
31038
30232
22239
4296
1485
32254
22597
16288
29481
24083
24629
27099
20806
28064
19601
26959
3337
9469
5009
16027
24805
11642
30712
28414
16187
28644
16301
18078
24636
15492
22021
567
11174
32163
5681
11954
25464
6868
11694
14060
25636
14422
14014
7484
30040
3151
27660
9368
6310
449
26026
16546
32386
11941
5608
25115
11488
29670
19795
21447
23386
9212
19528
17595
5343
3466
14015
29663
22914
3645
9288
19493
14414
18784
1690
3146
1116
25381
28090
4669
8206
14026
21821
21846
15595
7106
10262
31998
10733
18769
12028
31340
2646
16741
5147
15311
16583
27841
7361
26813
29740
11279
17623
20439
29442
10298
8198
10834
12200
1845
25751
8434
13788
7803
16177
24002
8137
9135
27306
29937
8989
5336
8744
9866
30023
12729
10570
24155
18088
25957
5768
3290
31391
1039
20932
24675
15140
29157
8489
19589
30218
13848
16436
22379
22528
6579
28399
13916
29163
22114
78
11594
11646
22833
32175
7083
11427
13907
8838
19815
29872
5431
9251
18976
9398
25830
2429
11228
19178
6170
5947
19315
10256
4239
19340
5880
13485
5290
18849
9539
32713
8705
12502
25538
9859
14021
761
22819
16174
6644
13055
22443
29921
11811
12701
338
2777
24340
19056
19871
9049
18823
7391
12937
3114
30356
9872
4663
30226
20132
20145
28544
28297
6621
17400
10910
3830
3691
25515
17450
22499
13512
21824
1771
21413
11466
12696
16174
11360
32235
32767
3706
11522
12785
645
12134
31648
25553
1937
25722
17507
29588
12907
22692
11473
27782
192
31151
30442
9982
12603
26194
22042
5585
9548
23752
3042
18682
19714
7274
4441
12977
12833
29366
22127
16615
22872
27158
9428
4984
21951
10006
28253
16221
7794
2483
3211
11653
10632
19275
28228
3472
16308
30081
14515
6947
18350
17213
5277
1543
28171
23965
18316
1333
10614
13060
3650
20509
23702
11705
3247
24673
11846
14439
10010
19406
25937
1269
7497
25004
2123
16051
31294
21387
1177
8140
12702
16441
11222
6585
7318
2007
23706
16577
4624
13636
15138
715
14919
14954
23109
15416
16053
11171
7624
28533
18190
9086
18858
31328
29038
11521
17844
29092
7787
21419
13464
12939
26292
30050
21086
18522
27100
16016
11995
20565
20802
30865
9774
20526
8912
20850
15757
8090
5063
4958
20391
1800
25670
26455
10797
18110
12181
7401
16742
11376
4113
29246
2798
17777
22283
15735
30526
19976
16716
440
12442
29673
32227
26052
28996
32471
7315
14309
20825
31966
12496
23726
25884
22563
14183
27054
29251
21077
3836
28778
29237
16987
16639
25321
20211
2259
1372
9272
394
15473
31189
23435
21068
22633
30142
14240
9983
26495
26436
17897
28579
22752
2854
11749
20816
1640
23988
9587
20403
9554
18471
17421
25475
27744
26754
25011
26069
20731
23687
31458
14701
18344
7434
18357
6031
24957
32085
6878
2857
25853
30419
25900
22129
22719
396
22384
11366
7046
17456
29652
2169
4278
18835
28481
18249
19795
14871
26926
1621
29139
10468
20041
25813
32068
12674
9963
11501
13397
32161
30862
23265
15703
15843
20878
7552
29117
31691
804
29130
13544
8365
31726
1741
17142
30179
13052
4131
2783
4481
32626
29465
18843
11439
20591
21921
6896
8099
11572
29039
32358
12598
2853
30698
19333
16438
29853
19569
25819
8040
8505
31638
30017
14868
17886
11948
27618
26182
9774
13248
20453
27003
11995
29852
24565
5447
15670
21654
101
5534
27889
8161
10451
4753
6833
4623
22088
23154
9936
17794
4285
2949
30644
30532
27925
10674
3975
3008
9764
20344
32477
11873
10575
21005
10909
19363
23625
1841
18824
15274
19770
29211
29955
16405
16704
32107
18287
27122
15117
31143
737
24374
343
13783
1219
18626
5222
3830
296
11465
2414
20235
3502
28355
7548
5357
4745
32382
10145
25996
27312
9824
10961
21325
1424
3388
10830
1357
22381
28677
10591
15909
16367
12577
5548
3833
14167
30919
6985
6198
22592
63
26585
5890
21904
5667
12482
12261
731
20264
30177
14996
30855
3383
22418
1231
3271
1553
6699
19559
8401
5840
32647
15512
16102
5448
2285
9400
21408
30994
13072
6041
31164
24260
14119
7542
24940
6423
21760
16487
24941
27217
13291
24926
13339
8587
23306
12235
5002
364
9329
20950
956
27401
18491
18875
25210
32244
25288
27331
22026
27337
24153
169
3780
9063
24807
32058
4404
19150
26096
11235
31538
19183
14958
17776
27351
2742
24
26505
10512
7593
2972
23838
5855
20164
27050
27151
21503
9929
8006
1889
17576
7962
2146
1917
25320
16547
17219
6469
20684
9862
25048
23963
13672
5787
28308
1922
16188
20999
26466
29276
21630
26824
22772
15102
8186
5838
24732
27683
9355
24378
205
15643
22400
18436
17508
7934
23445
19816
13508
27815
26908
22155
6894
9623
7732
8042
3296
28990
16658
17638
5911
16379
6889
30232
26566
18619
12252
25821
2333
32618
22397
7187
17035
29498
15253
31748
15612
5176
5243
30157
14956
12471
4236
6041
5836
25661
9728
4232
28555
13794
15579
1555
27170
6757
6042
17992
17784
7653
22503
16571
28424
11246
18224
26198
23422
26194
11983
15374
30049
23422
25073
22187
7521
2444
1793
4341
4560
8833
7490
12500
20051
26510
25624
5998
26463
11527
18264
4869
1313
25357
11650
1553
29807
31556
28531
6675
8283
30727
15133
12091
393
6866
9194
2928
14000
31348
6935
17143
8095
8604
21095
14727
7205
27374
25491
2594
27438
30619
11978
3162
8633
20555
3209
9750
15329
26002
1076
7786
31698
28254
11933
25307
18285
3684
7303
5899
32340
4784
10828
431
19357
21951
18862
28247
17917
13989
17317
24861
26418
17142
22712
26449
14179
30966
4961
7141
7938
3529
10274
32093
12763
30218
17107
26894
13244
9702
17737
31525
5687
17862
26706
6891
4300
1960
30884
8360
16374
23573
1588
2716
9305
6852
24332
13645
3811
13530
6055
7575
27806
9162
28709
16685
4126
26257
28085
22096
27390
31314
15305
17264
13504
32489
4644
21806
29570
14422
20411
18679
8097
19083
8376
14475
25152
31881
17118
11597
27235
23764
14177
6630
149
26427
3167
22723
13124
23842
6588
25200
25375
25382
29719
21971
28031
25352
26326
16235
9939
11978
6683
4776
10903
29674
21593
18300
21923
5457
9764
11997
31532
14140
3131
6505
2858
15624
12777
22130
1949
246
22220
9610
23928
17637
29074
24641
422
5961
454
14807
10414
29819
797
2392
20093
15699
23358
60
1964
1577
18883
26948
10709
11283
17014
10114
299
22461
32677
21815
24638
19477
20169
10723
13393
30142
21374
13856
7779
17568
2136
28796
12500
24438
851
30219
10186
28072
2837
11456
15968
25024
18521
30329
23045
7662
12718
14381
25720
19834
20663
18133
27497
30952
27208
29622
2178
26353
4170
14910
3763
24511
17370
16457
12167
106
26569
30498
5966
12627
27807
1379
30970
11721
3769
21280
31320
32639
7566
13368
30227
7103
18093
25897
10801
5415
30925
5533
20273
27519
11537
5027
2854
16095
17795
25632
18303
1095
29034
15158
30354
6856
4868
9483
10711
15436
20316
17697
16143
19213
29307
17630
28462
28183
17946
31812
7391
16641
29338
4393
19174
29475
11467
2614
15004
31099
20744
4016
15128
31635
14480
8488
7817
30903
28558
2772
2243
26344
23323
30788
22340
22348
25526
7623
18073
12839
21214
5044
14614
32076
16246
344
24446
32237
12154
14939
32123
22123
10613
7602
23730
27309
23960
159
6871
18004
24989
21448
5612
29524
18754
14229
15242
32523
32286
2904
4005
26241
16365
10220
16082
29519
25984
2530
4099
28326
658
6802
13202
31727
11905
16293
10338
5299
7354
21511
18414
2729
3115
12754
30144
20271
21516
11067
32283
29541
6798
2435
17371
3663
10600
2600
7700
1303
1221
16460
29686
23657
14288
26231
12405
7089
20946
29785
15079
17986
16495
30413
20535
3373
10128
6556
30166
23701
32554
20228
15873
22260
582
24228
3263
6426
12441
16616
24150
4918
23378
4818
30024
5244
7814
19629
16140
23455
23112
2883
6351
27082
6794
2370
5371
8860
20307
7210
15569
883
14506
15784
15177
29181
23857
28343
27286
23924
10806
29377
8655
27047
8488
520
5468
28760
21421
23248
17671
3416
17135
32172
30485
20018
24877
8637
22183
14746
2118
18396
30628
25784
2669
19664
18122
20628
26735
4837
14539
18183
20377
28786
5120
15149
13823
12196
32577
9459
2551
2407
32671
19482
2873
7231
16603
13312
3333
26631
19552
31626
28025
26260
8215
31148
22858
16101
21797
16200
13491
1222
1843
24772
6549
10368
15311
21394
29267
21210
15423
7185
22132
7732
5323
17595
31361
29480
4588
25399
24013
29049
725
6444
22255
17090
29274
17619
6396
26282
22726
29612
30392
26348
25644
10229
27118
22030
28146
31376
12086
9189
24877
5093
18405
15508
19743
21386
15755
17569
26652
11967
7466
28305
14510
17845
19267
19929
3466
8248
24639
29202
17316
28870
13819
14861
19157
11623
25804
14937
20309
9096
21309
31186
13
6142
17766
27569
58
15437
4750
27257
32324
30143
28021
28912
17280
24495
12844
9860
25491
30122
12740
5311
22436
4229
23211
15031
6976
19421
24813
15157
27425
25710
20466
19254
1950
17014
9056
17933
18649
17173
17487
25042
19084
32028
29782
24092
11708
18978
17097
21693
1977
19057
1925
20780
17683
12078
6883
1972
30049
31669
24817
14190
16399
26326
11280
32547
2317
2733
2711
1352
118
32526
18085
13183
29701
5690
3789
954
18112
9431
19413
11740
29047
32699
27732
20010
32072
21136
11435
15278
25446
5666
21116
348
25673
11395
28182
9942
26477
17664
16249
24989
20867
12115
6899
6174
8166
24299
15844
1165
5294
32031
18091
17720
208
7193
28301
18079
19497
22820
26588
22586
634
18005
17207
28019
25408
11428
31234
24639
27326
2177
3831
15686
6410
15082
4235
17509
1443
15462
6320
2644
25503
1188
283
23785
1353
22091
615
1976
2849
28525
12379
27896
15702
32424
27539
21854
14209
5451
3334
12640
26002
12676
7141
606
14494
18264
5641
18815
28804
16924
2571
10483
13965
7107
27787
28650
4209
11366
2680
31796
31742
2918
7719
18864
29083
6758
29605
12208
10333
15280
28616
22764
12249
3678
32415
10403
8820
9668
9589
32416
836
3219
21028
32576
27621
19864
2737
16255
29559
23106
29119
4079
14354
17603
7172
9046
32630
28503
29
7720
32103
8610
26863
26190
13621
21149
1656
29706
428
825
20971
26889
7915
32284
4752
188
24049
14056
5386
7817
28593
3626
11385
220
5553
17903
6839
4825
8496
3
964
5514
29063
8401
20479
14298
30683
5184
19193
22872
22533
19959
17802
17656
8190
9057
29630
28708
30383
3524
24417
3013
20818
8183
25067
25087
23770
19106
5259
28172
29927
5074
2831
21175
18776
26794
5832
30594
19732
1162
8479
6392
7540
30611
10090
22038
29693
5673
8515
26627
31172
32333
13590
1057
13034
27757
7394
22569
3474
13065
15366
553
7397
14868
20957
8735
23113
7112
3945
87
29142
28551
19069
32409
13764
4537
20522
19422
3252
8824
17128
13744
31278
14652
25169
28533
16103
26960
15053
15115
7418
15130
22789
9397
4047
4026
15433
12597
13316
18653
18766
28347
437
27556
4243
21806
4390
32296
6762
24058
5434
16053
2313
21443
24633
28254
14135
9414
30832
17731
3117
12535
31427
18262
14702
7243
23693
29435
2459
24010
20377
31538
22553
28279
6436
16300
21141
4078
31953
19765
6111
31305
30958
10152
16384
3376
10305
30040
6748
13058
4565
27636
284
8484
6933
23208
4519
12112
20188
4141
17449
13396
11371
22921
26508
17944
5722
16114
16764
1358
4086
6889
29804
13294
7161
11321
4333
27763
17204
11048
5011
14815
7168
2588
30103
26548
32242
20319
14521
20180
27633
20854
26796
21011
12127
10774
23683
31268
771
24202
5260
7971
25921
27462
25476
12187
14712
6293
8670
5726
9596
5612
24204
26899
13167
25171
24124
22183
4852
2414
26111
9676
18393
6492
17194
19482
511
16206
28523
10526
8189
24926
7264
8631
5792
13449
14076
2849
27682
428
5787
29366
25676
3984
1025
173
10455
25106
26687
15464
123
18985
9506
10413
16035
28449
9403
5525
7867
21514
11590
2668
28388
27299
19193
22833
31358
8792
24437
20438
13306
7199
2442
32166
23700
19078
27285
14652
14729
7553
10157
3053
18700
2317
4396
7760
29405
26488
17070
23632
17488
752
2954
17490
13880
15969
30443
27103
3619
17102
2385
25453
14568
16958
15042
24798
18637
19257
13480
9976
16217
3338
17025
25633
21113
13910
26515
11492
32431
18481
21740
9469
1865
27388
1171
9984
6911
14009
23822
32530
10602
7104
536
14027
1208
5349
29536
28088
28899
32278
3317
23717
32074
19517
30432
9460
13815
2673
13998
1628
22675
22583
21600
15261
3950
19333
20461
6973
731
5698
7610
27963
29733
19267
29398
4542
32054
13370
10532
19543
115
16430
15509
3926
5535
7766
27893
6389
11418
27195
4677
8386
26553
22669
16743
2759
14209
16795
17834
27249
23707
26635
21580
32442
11279
18173
12376
13274
24341
14340
11181
4649
6047
27484
12110
28908
27131
13810
25754
25007
29379
14264
13209
18044
11105
17098
12067
16521
12564
26609
13716
17721
15944
8082
1660
28350
21624
26644
13828
4897
31703
12153
27167
23732
32049
21590
10016
20515
29130
13744
3861
27904
23512
4821
4819
6135
32711
9658
2182
29305
2714
12778
12599
14266
29312
1614
8753
6036
5139
15123
14442
21850
17634
9585
18349
27119
31518
3258
18888
4275
144
5056
18710
5304
1435
18553
10224
9486
3249
26495
5845
15942
1156
7772
216
13650
16443
8594
14503
8193
27371
8473
4004
5038
11459
4282
22080
9960
29633
18661
20542
22134
13616
13315
20169
8071
1472
14733
9589
17828
24953
23
8070
19509
25806
18590
7270
2576
25103
31342
30381
10574
28596
15696
9266
9360
3273
1225
26669
12481
9421
16528
26236
9438
4129
13321
5840
20157
6176
8041
17331
23166
10407
14398
6473
20515
27402
8171
19817
30331
15226
625
6799
22139
18952
8805
13537
19209
28485
15651
6994
27695
11834
6114
6419
28444
18148
22078
16550
10359
29878
12233
32522
12306
12261
5846
24411
6628
28133
12644
19246
27784
31384
20603
22713
94
26155
12036
20161
4202
24728
18101
22397
4739
8348
5198
18589
25269
31095
6920
24708
12934
22351
20325
11103
9243
8403
19619
12056
11487
13357
15906
19659
32073
31364
19730
948
18954
2012
20073
11078
20442
13290
4965
29500
6900
24934
12122
867
6531
16114
8028
11083
6062
24646
23802
25559
22634
16311
18988
15351
29827
30732
4894
25813
3330
12176
29035
18978
10263
23138
6584
12785
30898
8115
32401
11119
22218
7644
3954
19589
28008
7359
31514
13502
29417
28422
18917
168
24624
9685
4325
19064
19299
28118
13432
27820
13002
3425
4715
24866
8846
20278
8145
28465
18319
9727
26103
27224
24603
14134
25150
8301
9190
7293
8021
14470
7546
22449
25826
29440
24849
19495
21698
20278
15347
7832
16060
30948
3186
16990
1504
844
15938
1246
10480
18049
24166
14217
24699
27680
22602
3595
12134
30344
5677
10396
15281
15676
30586
8720
758
15941
26340
21784
24813
4330
18828
20943
10922
7221
1329
12767
31646
381
23083
27308
26649
2269
558
30609
855
4932
11642
17604
18880
7836
29162
5429
29190
5255
21644
26045
1944
13085
1721
1364
9192
6309
21090
29439
31184
8460
30567
15304
7036
18140
22794
23456
12297
19369
8316
26841
18025
24895
4457
13477
23356
32677
28491
17989
8039
26863
23779
22852
14555
26935
27164
11757
23321
31258
2483
8485
9788
19408
8832
22509
25647
30250
3016
16195
7757
29384
26331
4339
32374
8021
15930
2454
11344
28946
30878
9600
13761
14385
27961
22119
16919
17286
20650
30024
28692
20615
28810
10229
26978
27940
9780
17516
15660
23879
2386
16229
21818
4291
6893
1681
25354
21620
20424
4879
25568
21646
3206
1597
20992
20653
17188
7647
24405
6163
10342
27568
9374
19774
18005
6375
15995
17701
23563
2021
7525
31182
29294
23348
21592
12088
14064
4548
13626
4762
3732
28501
31310
19716
695
29688
18584
6612
20291
207
24586
1368
8424
1997
25158
32415
10403
13130
1660
24618
17106
8011
4761
10505
22067
25481
32431
19758
10716
30692
24858
13709
26071
14606
30167
9363
22726
22366
15035
30517
2679
16601
11624
15523
7053
3829
18211
26632
5538
1983
24945
31727
14852
32701
31990
16724
8283
23477
4969
30072
29166
30975
24324
7607
9156
19853
10252
22493
12616
17504
11775
6421
21457
25710
5426
22464
11173
14447
22102
29647
22434
5951
28680
20776
15944
10607
25464
9449
5019
27559
20882
6868
1079
22459
369
17537
19445
27878
19626
27818
23854
17788
29199
26602
21158
15125
1667
15870
9328
3783
20531
3432
19896
2347
6668
23702
6876
12258
15084
14358
31665
17136
25858
14673
18569
29368
26294
31914
7973
32662
772
10190
5788
14368
5520
25230
11717
32110
7210
17521
967
19634
26516
26930
5569
24169
834
9121
24348
25578
21467
29833
30120
3345
1125
20109
15102
14642
12416
19908
14568
20813
19777
8532
17658
20054
19231
14159
16726
19862
29114
6618
32499
21778
15158
30558
29928
20001
12285
13422
24988
2212
30028
6966
19722
5310
32553
10388
12434
3379
20060
15089
20827
3086
11157
29621
18697
5746
23175
220
12596
27430
21039
19568
3707
1877
31742
4953
23751
25975
11765
21258
29711
18924
24548
10640
25953
547
29619
5254
8185
14045
12478
17141
11874
20500
9338
474
26531
11332
32625
8132
6866
1755
14457
27133
14210
22925
31296
18901
24736
20108
28767
19386
19833
4429
6926
729
12819
21765
25805
4662
21878
21783
12934
14200
22665
13883
2871
8186
32145
1796
20825
31830
8903
32323
10794
23712
23841
24604
1893
18948
30335
15454
1420
20116
2649
9099
9391
11348
30761
30225
12619
31201
29556
25908
23603
22405
2189
13674
25095
2651
2365
11310
20336
26440
25838
882
22492
27974
18523
2282
29397
20310
28324
11588
7824
19244
2454
3341
8083
9118
3788
13707
26791
27068
22988
2359
14277
14675
17313
19725
26424
19952
577
19883
20669
26643
23675
27134
32317
1858
7355
918
10435
14613
16715
16836
239
2024
24873
30625
17382
21713
16375
5050
27560
6649
27530
29372
23147
22865
12205
21265
14433
12717
29773
18796
10561
8177
14482
15677
15848
993
28027
28967
146
19346
7503
23464
16659
7313
14643
25834
1941
32174
19202
19127
28242
1781
27872
13525
12074
16045
949
16000
3883
8681
5499
387
23749
12138
32663
16172
13705
25803
9706
29707
23168
15757
5371
10741
23346
3155
19371
30808
31006
21235
9620
29107
18672
20306
25907
17133
32288
4736
22101
1588
24269
4473
19279
31860
16552
1019
4975
14114
19639
23862
24044
26155
12930
9422
30277
2216
10216
6363
6200
14943
28351
27571
1405
5040
25800
10059
26721
24467
30087
5977
8272
10988
12200
4731
3674
27515
2272
20
21639
5655
6287
2639
28415
27721
25762
27749
11186
31403
5315
16503
31390
22835
26035
5876
3806
14534
2958
26015
22782
23786
21825
17910
15008
11418
22902
2248
21864
17972
20823
29990
16720
18331
13481
27869
20424
5701
20381
29061
32402
20751
27615
16461
21092
24148
9991
2596
2750
24483
5205
1799
9764
18699
5774
5053
2691
30776
23256
26204
26340
12115
17024
9840
17935
8151
4393
17834
15828
18237
5708
7087
21901
25490
12306
15030
8531
8521
25857
20108
8822
15762
28553
21029
18784
32164
20383
29493
19916
25791
25281
15839
21693
1274
25344
14200
18246
5214
25019
5462
30614
19890
3403
26580
22083
5325
31854
22904
840
3538
31695
12242
22708
27511
5737
32407
7045
28528
26477
28048
10793
15286
30212
19084
21268
32043
26303
25353
8657
21338
26577
30586
11216
4879
1228
12679
18204
21890
31797
9372
18080
25053
15158
23
11285
13813
9839
24468
15046
23987
15412
17226
29741
22877
2334
11903
14202
21202
7912
27175
22001
28759
13195
12184
32354
32242
31072
14025
28842
21868
31732
3918
2649
4295
6200
19392
1501
19456
20404
21804
23895
17402
3876
17672
27522
30915
4145
19139
6503
23060
13450
9224
20738
8590
12228
18162
22886
27043
30813
27575
16
14342
27373
17930
26837
18679
3078
8399
9956
6554
32111
23681
26614
9586
10525
27871
29934
23085
5956
6413
26181
30506
11007
2176
12234
19648
5125
30993
1477
3207
17145
8211
31409
21215
25556
11941
10321
5503
28351
32034
26227
22493
9818
14972
23111
10584
5382
30798
29781
8896
7117
30848
21851
2364
27942
32764
19949
19822
8087
11026
23342
1296
12491
4939
29560
4831
11539
29243
22095
9153
1325
28226
32725
8793
11987
23101
7789
25441
18314
759
27296
20952
2964
16116
13159
32524
17679
2249
2252
18630
30937
4117
76
12603
27763
9481
6823
27992
21694
15275
11208
7114
15666
21364
9117
21679
29858
5009
17429
28642
8179
12371
16568
17821
2198
27882
8688
23524
2577
10529
29650
11362
8398
1453
17645
28282
11238
25670
27030
12084
12302
4063
7300
20852
28450
26839
18165
19712
24172
23951
10992
15625
17173
20567
13157
21192
29716
29839
7081
10358
2148
6301
12747
17589
8283
3984
26562
18364
17636
1410
16636
11652
22115
11352
29050
17071
13608
31537
28867
15633
32644
26837
20942
1522
7500
11466
13227
16834
30752
15473
24990
30169
20968
9254
26367
10328
1576
30569
16234
9178
3045
10582
10840
20066
8313
2542
12021
6443
30563
14657
8446
15994
28052
15560
18942
25788
20850
26073
11614
12405
11563
6042
22551
5016
4606
899
18823
24340
24557
3013
338
20309
2713
2273
6621
18827
6855
9991
1376
3132
26917
14512
20173
8887
22456
15041
12537
28791
27945
26451
7720
9016
30992
22161
9843
29873
18798
1044
23871
4315
20208
7436
10094
469
3833
12295
23518
9644
1415
16011
19656
12636
15313
26368
29977
26730
20796
31958
7930
21332
21175
18059
29704
24573
2924
14818
19877
22117
13450
7801
19600
21385
28343
22809
15563
23844
7903
24460
14906
38
2441
22594
30926
28114
8450
12361
18970
7967
182
22136
7329
15472
13063
20458
15033
9810
30524
13084
6265
21311
4482
14820
30976
11310
14956
26273
31683
27538
29281
6054
26360
28908
21464
14298
29764
19505
24269
14329
23498
20985
29109
26503
31861
13185
1615
25179
30030
5456
2791
3825
18507
21356
7205
4462
1252
16479
22257
8025
13271
3774
12854
11362
7055
1619
22211
14867
23206
28677
13277
15577
7237
6639
14382
30586
8905
23932
17115
1047
8428
13364
140
11704
24004
10230
11202
667
22436
28104
16515
2902
1996
11664
4211
4701
17171
16464
7003
8833
25473
31618
14872
23318
22453
24511
19378
14520
24936
7660
12396
12490
17741
29362
24231
22527
25113
12710
18798
11437
18364
17976
10833
22438
2196
19382
15314
7230
548
15827
14107
695
23062
829
20547
15590
29465
16444
18023
14070
2612
3519
14616
5134
24545
26576
15173
21566
24832
8102
342
21972
6308
27628
6994
20949
17128
16377
10534
16102
8859
8494
10696
25650
22432
3873
25679
16189
785
32015
1336
31458
12228
13238
14286
23406
25399
25431
13829
9016
32458
13591
19163
3184
11089
12570
19283
27641
26072
32664
735
15692
2750
31288
8224
17397
21690
15851
26880
12747
13096
23290
30026
8530
15677
12231
26914
26144
2705
28028
12780
23321
266
23327
10308
17484
30798
4063
12347
18452
22681
31817
15700
5120
21949
4794
8104
3356
20053
25581
15121
3113
4547
15395
25502
27256
14824
25599
11402
19573
16092
31872
2207
18764
19372
15599
6784
6188
19971
30417
15937
23512
32077
8797
15507
4859
19465
13590
28130
19700
20673
29473
19406
3843
25330
9106
7871
12124
25891
32735
22317
1036
3323
4181
4278
31167
4154
11470
23363
20708
29888
9304
14972
21159
6190
8262
5037
570
25333
5263
3344
17757
4080
603
23655
4311
15617
11478
25831
19477
14702
6707
13581
13643
3943
21329
11150
16321
27014
3134
28973
27118
16604
29949
20176
23199
17170
7854
27278
26898
19635
9991
29465
6181
26291
12164
9089
11824
11675
18752
20306
13329
28096
1819
8941
16613
17638
9709
5894
15016
5083
16227
22835
31573
24178
13536
32543
6513
7128
20439
26524
2357
7853
6074
4751
12962
21409
5611
13898
3487
5163
12165
574
689
23174
18805
31132
19529
29944
31806
435
11431
23372
721
13226
32024
2471
25304
31630
32398
24227
24586
1941
32144
10736
30589
21576
8302
14789
31312
20322
22651
19812
67
28384
28605
5159
26550
9160
16944
3401
568
21776
11767
20663
19179
25441
10666
1316
21623
28111
27537
8292
11238
17408
6668
25812
16475
16209
7655
1540
18432
19859
15992
22892
7204
11513
18361
5138
23024
28806
13000
17305
16952
5979
4797
27675
4045
2613
27902
26079
19644
9381
8337
21776
18552
28094
12810
24300
9210
8596
12004
8538
21779
11721
1341
8180
28988
16273
32464
9908
16516
23777
31909
3866
10877
10848
11923
27529
14547
20919
29810
8749
29744
20607
25751
13703
4184
21649
12384
16414
6643
29639
15291
13659
13411
32113
23430
4786
8827
28334
2373
27641
23810
27313
19120
6053
2519
24078
10402
30937
8770
16135
10878
4476
9349
25714
12606
9981
30830
15573
3123
8170
28058
17040
20186
8579
26743
6556
6037
31730
27052
20413
11373
31995
28075
10943
7763
4272
26137
19851
9751
26717
23888
22517
19553
16270
24410
12463
24905
23427
4931
20730
28312
103
10504
9645
11477
32084
16642
4836
32492
376
18652
1190
25927
27754
26067
12914
2578
28972
10268
31060
20378
15317
25212
970
7216
23105
10807
17602
22426
5436
14468
9057
23853
28045
5299
18175
20655
26781
29763
4690
30610
28620
31379
6877
27365
2896
20857
4204
25408
7762
24643
4241
29128
22661
10299
753
16494
19577
20610
24761
16594
21404
627
29494
7986
20545
31810
5982
19607
4248
9490
7477
14015
24936
15002
10000
11847
22763
723
17727
18836
21733
21102
27240
443
14784
2832
4264
9547
12568
19607
28391
13459
23265
3488
24028
13844
3297
25670
19594
14110
19631
18462
20864
29975
26528
4476
11635
5932
3111
8298
16228
1916
13237
31803
13930
14346
25233
26868
6890
11184
22538
6099
25560
7762
23946
24290
29795
17666
25747
3633
22385
3998
32134
6391
17408
13072
9381
31708
32390
14141
15004
8735
28116
17016
32120
8740
5838
25069
13841
20961
16152
32665
24636
13308
7639
25270
18324
28515
2589
20931
6797
31550
21063
24850
12901
9086
30881
27596
30490
8052
8879
11513
27210
28448
28321
19723
17376
23424
25946
13419
8810
13859
28266
17749
10184
23152
9608
19381
8648
9518
10590
8152
24395
27329
30151
31902
11629
30737
29924
27246
3235
27233
16544
4586
30515
2144
310
14667
5491
2025
2521
11203
14438
24175
27560
5947
18289
9614
15194
14691
21078
26010
983
26058
25715
5290
20999
7715
24542
1541
20801
24646
25231
23217
30264
3156
5194
16680
1404
18745
6191
29378
31955
18338
818
7044
6601
6409
27698
9321
10975
22696
7230
1209
14939
20494
31542
21134
9277
28214
29824
14616
6731
27357
31633
15644
6544
7100
6359
9864
21275
17209
29838
20289
1983
26320
13284
25054
24203
6782
25837
18122
15334
7152
22143
20045
18851
6863
21050
32577
12714
22512
31844
21075
298
11031
11731
11028
23446
5198
19811
17980
13379
22251
12777
24093
27843
13456
6102
3071
21098
20242
30075
2840
4991
16608
20538
21648
30564
3453
11455
1651
17535
4669
10594
14400
20260
2470
4496
12575
14408
7982
20152
12050
30210
9211
28214
15760
1484
18519
30156
17788
31935
10486
31276
8470
22194
25521
8216
19725
23567
9107
18820
8006
19783
19914
21152
9016
20456
18934
371
23908
11943
10244
31047
21419
13211
9961
16669
10226
24140
479
9828
3001
17757
7089
11510
7836
15517
14240
13056
24995
23400
20755
31340
1453
23876
27418
9355
19846
15416
13766
13712
16384
2869
28497
26811
2578
17019
19665
22775
28067
8259
17028
12260
22724
1908
5351
8924
23794
17466
3428
17580
15117
30323
11949
10420
8105
20677
26402
3924
4916
23822
28218
29827
32116
6237
17868
29328
8164
27124
17236
27032
17961
22059
17510
24658
26169
19958
30318
32758
3200
22134
9027
21927
26669
5270
23199
12909
15606
30764
14143
19858
28184
5204
16175
30604
18984
20426
7176
6722
2867
8116
12407
12062
4415
1802
25871
5696
6361
5079
12944
13104
17030
16918
25957
2508
23887
6288
24705
1184
29685
11036
26338
22432
29895
2515
18444
19929
4362
31990
19416
28619
18020
4699
27612
2808
23775
3485
4169
26740
27646
3509
16342
8320
21873
3034
19001
14908
3777
24305
20261
23179
11133
17562
8927
10784
14585
13391
31564
5998
1675
26468
32604
11164
24789
25681
12583
10400
20113
19855
14921
14458
29306
26928
6157
20939
5926
25464
5755
7202
19358
10600
5399
23163
31479
9376
19372
13354
3927
29055
31528
22353
12272
986
7661
24432
31972
3985
5943
20873
10418
24852
7356
21994
7386
27752
27413
28120
9574
7713
17706
6309
17279
8090
21515
23502
383
24037
4317
20444
11502
5878
17511
2091
3563
2542
3611
13594
28055
532
5118
23645
914
3489
1718
17481
22468
17555
27719
19209
2574
21842
11277
22644
796
30679
3994
1039
8534
13996
31691
32457
3087
26116
16487
951
7784
662
29362
16281
525
46
7661
25864
20128
5811
24325
4653
6717
16469
22412
17748
15900
23135
25461
26201
12367
26824
30013
18411
17095
20424
31801
12334
20882
5508
20302
15269
8135
26323
22014
13770
8461
7189
32317
7039
30981
1099
11284
261
19020
1647
15365
8050
7504
19467
11084
10403
957
11353
14204
25435
12517
26529
8316
63
20156
30213
29814
6229
16534
23732
24737
16926
32700
16738
22775
29263
28699
13713
32015
1725
16477
20527
5775
21098
28685
4646
20116
29972
6694
25008
12105
5217
17795
14409
30762
23661
17095
14326
12992
11425
10259
18399
13992
29037
28897
5658
15690
29207
3117
11677
31627
1885
8650
3757
9980
17500
8931
15934
2429
4850
7880
9304
18111
21897
26150
4252
7363
2550
19635
15229
22612
5995
6224
22112
24174
9640
27754
28857
21521
26876
14950
11589
14509
16854
6371
6344
13861
3484
15554
2089
23472
13122
27318
7143
1322
22073
5448
27086
10766
9346
29386
1646
21468
19796
5428
14635
28336
1182
18522
12698
19322
2699
24691
16132
20707
12017
30855
11286
5001
25270
28255
26299
21323
10609
4964
12330
16141
15512
27076
6369
14545
24923
29310
2794
20520
17074
24951
32379
615
4404
3018
22115
16426
16162
30405
8742
9666
6796
9892
442
12376
15491
608
13147
27206
14661
10016
19219
27326
2587
5989
5912
21623
9488
26446
21777
6258
10100
29407
17482
9379
2881
7219
3411
31867
16375
10249
12291
27329
19517
5040
14648
12657
10421
11328
17526
24320
16951
29593
5509
780
17180
614
17736
20722
28874
5232
8549
10646
1232
6923
13388
17545
22677
30388
19496
188
28334
1009
2048
29698
26700
8578
10546
26199
5718
15092
12383
1198
6465
19541
6979
28489
25549
28508
11477
5557
28657
2291
20267
16401
19591
268
24
18446
11508
2217
20786
30105
23900
3184
15243
29529
4190
19652
871
15688
134
1661
21227
5756
27332
16971
26465
14687
24196
30901
205
13050
3265
29623
16343
1012
15598
2548
14669
17064
30978
7770
31119
29359
25594
28023
29197
29711
22777
31879
17664
18075
10212
17914
31413
16819
5827
6779
8465
2423
1605
22818
7277
831
22747
21404
22443
14657
11889
16857
20091
10208
16744
17467
8432
7647
19267
18527
8250
28463
7502
10428
30031
25632
13961
3233
15989
16903
5800
7544
22387
3596
27484
3943
30468
26899
8171
9191
25851
23388
10142
17359
10508
10871
6161
14609
17064
27663
32102
32614
12594
7594
19293
25963
29537
3596
4342
12819
18861
8310
21876
29935
19942
29520
22941
7459
2332
20489
15476
3604
6659
4619
18737
31022
29190
5084
30304
26413
4577
1428
221
21721
15655
3337
6667
3359
16415
141
28614
26481
29645
29391
18380
32034
25936
4193
5780
31841
31095
12006
22103
2316
17984
17225
5745
11960
28156
25023
2190
23946
16776
27921
9935
11038
1009
5865
23421
8010
26554
964
25823
12667
22381
839
185
7937
19321
9869
14441
16472
30398
24172
24556
20745
31122
15720
13945
30351
20479
11427
12152
5133
32686
12084
14403
30953
21390
26724
11894
31806
1243
7178
29243
19809
24624
18828
14881
29869
15275
331
9991
32426
30275
701
30986
19920
15192
17479
24389
25427
12155
25310
7764
19620
22170
26421
7036
8869
11190
2366
8379
32438
14460
2037
7630
27396
3881
1447
25300
30737
607
26344
17169
14000
13790
14902
31576
28477
20378
22125
18728
10764
17912
17832
26882
12568
27105
25175
26186
23676
5077
21691
29916
24485
1694
4878
8662
9666
10754
14945
853
6024
6629
14242
15985
14034
23205
11659
18270
16587
6491
25189
10069
1726
26514
20344
9887
27331
25781
17939
26182
21073
27122
27494
16063
18277
1107
16004
8743
19613
9671
23629
4418
11577
15128
25727
6746
12427
10337
19144
23224
10412
2030
27940
6275
6626
29058
24029
11184
20872
27794
4045
9970
13355
19705
11616
10250
24758
9191
27432
16799
28204
21272
9763
32643
5604
31718
23062
9542
29048
22211
14901
10953
4138
28322
28383
18395
16599
13329
31429
17059
3920
4067
12494
29159
18733
32247
9542
25038
22606
9788
31571
23338
25577
5980
15563
21934
22258
24695
29077
15845
15907
11411
14361
4510
19656
14328
15899
1449
17925
17916
17902
13852
2302
10747
22434
9218
17535
9510
7556
8046
3217
19325
6907
13040
22613
21055
28773
11565
13938
19103
14555
20407
21828
5928
7577
29382
22566
25732
15604
25611
19548
821
18296
17408
3065
22341
8126
15083
27982
21969
19191
18245
12240
8632
513
18066
16293
13718
18569
19378
24507
12078
17283
1606
15350
22543
53
14647
6773
14632
16148
23753
15187
30694
18300
31946
30355
28350
10833
18725
26032
22716
19313
11448
4738
13700
16581
27759
5070
2154
1188
19348
13067
17620
2632
6545
20744
13075
25263
6954
11157
6428
17495
22940
13432
28558
7393
8121
1844
4210
28587
3517
12417
7941
15551
25652
23454
360
10436
13135
9964
5360
14786
15062
24590
26253
4446
30731
14590
28151
10263
14871
31090
22839
29402
31556
20332
26512
26051
14232
11812
814
31083
7395
16226
747
15804
22801
13715
7150
822
7134
10709
10837
1248
26942
10939
8807
21794
31105
18477
21514
1768
6034
5980
17467
19678
18350
4855
24564
22722
29026
9060
18765
3335
28501
4674
2124
26584
19877
20646
5662
19567
22882
25076
11566
30876
28333
21039
23334
24431
3979
8057
27460
4603
21066
15971
3816
28570
10011
12405
1665
15842
3303
18063
32409
9753
29080
31426
9983
20304
24498
24409
31957
24863
27861
26070
6511
6338
3766
10467
31138
14746
2035
2448
28645
21065
32691
28714
11719
11672
13210
7924
18760
25671
7210
23321
29102
12096
20991
29022
4945
22892
7533
8057
24824
2083
25421
743
26281
6239
24049
10753
18450
25401
2718
15412
16261
30504
11643
5596
18354
16056
20255
22071
20871
13830
24882
27488
14721
