32739
12917
28319
18770
29150
22355
26321
29852
25014
20331
9789
7073
13477
25735
8955
20317
14623
23822
3413
5196
17215
9075
31719
18932
32259
18914
22262
1290
9425
18072
274
7095
25637
26216
3723
929
5033
4160
7045
31518
17650
7012
6223
17449
32313
4018
6935
18808
10548
13367
21597
23171
30208
9702
21186
24600
26160
440
30672
18169
24254
24696
14460
2310
14815
10202
1294
31917
5983
2870
22555
30603
29707
7880
3889
8645
26787
28153
9250
3947
25487
1625
26229
19145
30149
7624
22036
25630
16555
24809
7621
3843
12522
4890
18180
30269
28230
31401
7402
27814
11784
20634
21408
25497
29047
25699
25738
28659
1334
27158
9696
15648
17100
4460
2333
2897
11548
26560
9288
5734
22958
28145
12756
6529
10211
30311
4028
8156
27720
10112
537
1239
24620
3508
31366
5057
10986
2948
13590
21917
3220
3013
3277
10024
27230
3839
25564
9331
14240
14821
4502
17877
17113
32549
4601
17588
15157
28923
3173
3777
18449
31226
15068
2097
26086
11122
2139
18655
22126
8225
29921
5842
23398
17723
17835
1723
2868
19527
688
8890
10280
15
5229
12353
19688
25207
20340
30846
14149
16004
1430
26166
6861
10243
9078
23990
32258
31383
2256
20031
24698
13972
23983
16188
19773
14800
12020
22558
25871
23820
23879
10259
5873
23816
28029
1097
7291
28026
2987
10019
15795
24905
21809
13439
8986
22904
10073
4130
17593
2346
32027
15240
540
16814
9243
16002
26225
14497
7755
7712
26482
14347
12538
4951
22388
14040
27745
29579
29985
9811
19044
7194
7647
24221
20067
1159
2355
7420
5629
23736
2976
2425
16253
32148
19704
25086
3088
14912
28117
3360
27325
24686
2596
7976
11657
20962
29031
18399
24245
29440
24191
15191
1499
3230
32307
1527
29975
465
1984
29511
4263
24956
23665
14080
9753
30448
19058
23050
1948
17304
22059
29860
26973
7120
14664
26175
24915
15863
23824
3756
28536
31880
4483
434
5877
28437
3996
31426
9977
28093
28833
3711
25793
5263
28257
17677
30588
18509
2012
13490
16383
23724
30782
31162
25560
15768
30996
15486
19347
30605
1135
23024
26313
23524
9463
32093
4986
21107
17166
28820
20952
22999
25302
11565
15472
5864
31588
11488
20127
18247
18286
16635
28874
8152
26824
29212
25210
25109
8484
4535
18575
23493
2411
5796
13765
18719
21823
18580
14796
9749
31644
32333
5681
17642
9347
17552
7104
6763
9735
29154
21204
743
13277
5644
16359
3187
65
25977
17844
19604
24055
17156
23985
19837
31764
13350
22464
20845
32570
2045
16991
13196
18692
715
32120
3691
15145
13351
16993
16984
20462
25640
8627
13713
32748
12526
9492
27016
13871
2821
15402
12247
2651
2328
13229
26654
24945
2295
16279
29884
3184
24464
15528
22047
26996
6730
12297
17705
10173
14070
32553
1141
21397
32690
17139
163
27629
27967
6365
6317
9290
20462
20661
23599
27930
7353
25293
20807
17935
20400
29654
9072
14677
21327
17720
8367
31546
22656
1541
1700
21756
16018
2994
5085
28484
8526
18597
3503
7402
25613
20770
25573
31999
3356
32691
3094
14658
27268
14450
32686
6029
31585
28133
12511
23391
31311
9644
23621
23272
23850
16514
27864
10280
7902
24110
25372
27666
18298
30456
27707
19498
30430
15019
25835
12429
15820
18903
32707
14535
27138
27337
30902
18140
20480
3717
1955
3548
5260
19278
5263
23629
6656
17913
4605
11211
23956
22085
31717
12922
9407
8259
21351
27465
22545
32183
18134
15935
26354
27342
22394
19312
17673
8080
25509
4412
16502
10383
1377
29353
25266
18135
27516
17191
31076
16016
7429
28192
19440
19452
14521
16253
24139
26468
31685
29795
21857
32166
31006
18601
193
18179
28083
16445
13858
7652
266
24004
18820
10866
25436
20627
14060
24933
29328
10272
2240
19718
30443
29321
16964
7901
671
20154
25712
10234
19735
20735
28122
23925
26370
21686
14416
12603
27431
6913
6899
26857
26018
11532
16822
14583
4844
3082
13436
1842
15500
14782
13304
31842
14858
13886
24549
3829
8445
27976
23539
21742
32272
79
32580
27182
12096
13267
16176
11175
32481
13493
2327
31520
12247
2793
26589
8306
14646
12503
5061
16792
10622
24513
20702
18039
29822
11394
10609
30787
15221
14945
22494
730
32721
17128
25655
7442
17575
25345
8032
1666
26540
10852
12545
1243
7069
32403
15475
27039
4866
12991
30067
31085
10130
1980
38
5635
28217
8273
29056
11175
9664
15485
27012
31555
11169
11748
9296
7899
6075
8847
6081
13957
8929
8182
3394
16617
17028
1980
41
20280
5661
9753
24482
24563
26622
30804
9719
8015
18330
2363
13903
20361
25345
3168
18619
16732
16058
32275
22804
2019
32715
9674
10128
13602
6042
16081
10589
15161
27065
10625
6015
25124
21505
22370
12561
30864
22114
3782
9360
10442
14396
8909
28267
28218
31010
885
10122
7066
20180
24438
30758
15947
25489
5106
17539
21002
21547
11433
10961
16110
11603
20473
4545
24655
12023
8845
9439
22033
14881
8276
11692
8770
14518
28007
9484
1232
5064
20581
21013
654
27267
30209
29007
13651
14829
19802
4350
17259
30542
20954
4889
10434
31339
18296
29153
17178
13289
13895
6546
6051
10285
19323
10885
10098
21580
9355
25040
29488
31507
27379
7640
10644
26391
29554
29709
21583
26811
32541
29183
17849
14370
32154
16234
32528
20668
7494
10552
26250
13614
15012
13692
12934
6733
3293
23931
31054
8666
6660
13037
5511
30665
20406
23165
1348
32721
6394
8808
12005
24087
26239
23212
32716
30383
12455
26597
18301
1424
30616
14961
6175
17921
14385
23265
2837
20555
6061
4237
18173
14471
30713
9264
4933
16933
26853
16122
15880
17757
12730
21511
17491
30863
5988
20470
18225
735
14324
15118
18220
26580
24592
24039
17949
24770
720
24503
3626
11449
29201
2320
6845
13124
29067
669
23471
27969
27575
24984
3620
12003
2601
9889
19112
12225
20399
17746
10474
29976
7602
16191
29017
14613
19932
30095
19244
24412
12766
7062
26190
12394
20700
24441
21025
10490
31534
22041
16041
27726
9299
7802
5133
1888
3445
16739
6954
14295
9763
27977
12030
24626
13083
23671
26212
29137
7428
8301
4188
18940
5340
15426
19835
29038
5994
21042
2685
13435
14882
13189
16033
29819
23623
4659
10764
11973
17159
8779
13843
17572
10826
12680
8267
22547
32065
5091
20391
12687
18432
8299
905
17102
6200
8841
10425
15715
27490
18210
10170
703
8720
30363
23095
29523
9769
256
27285
6067
15896
27969
29953
25410
11464
11347
16236
4857
30215
27634
3169
26809
9877
16438
14273
4929
24320
13607
17001
10457
25147
23158
18743
1063
18272
5791
27185
338
20185
13714
11678
7058
23436
7633
17541
15449
10358
14093
27127
7147
2752
31208
19123
253
1387
4158
7669
28966
6945
17951
20042
31756
12022
17699
17067
7593
25821
7879
20697
13245
32344
4723
3656
27930
3187
30819
27083
25426
26830
29917
1214
9522
15753
14899
8654
1433
21606
13864
18600
22423
21859
1125
18611
561
6571
30960
5942
9340
26231
22147
26567
2064
6320
5127
30557
17701
9282
12450
11379
622
24588
31792
32096
25793
26504
25064
3363
14570
26496
23652
30945
8075
2220
7618
2183
3007
29909
2223
19201
22464
14869
1047
23029
16771
12888
19741
27368
24689
27102
5997
13944
19586
6382
1957
2389
23563
31676
20446
13572
26171
32237
30551
11185
12100
27493
3717
6459
14352
20068
10460
22425
17048
16213
4147
9916
9442
18401
23040
1418
20280
9412
29696
23573
1609
17
32742
9079
31530
19334
689
24860
18559
26565
22257
12818
27730
12408
18456
25114
18432
10265
21606
16499
3880
17334
9738
7134
12242
13125
17547
23442
4943
25194
26337
27682
1285
12494
28258
7090
1029
4456
2859
1584
30700
24707
32288
10978
5658
23802
27072
5187
27394
32479
12893
13970
21045
15984
22100
19457
6041
30
25152
12858
9508
693
6061
12626
18031
18302
24872
22851
31536
15968
17071
10332
3058
1487
1843
846
16097
27273
8689
30621
12679
22892
1548
22284
31188
134
3917
12816
31748
6664
22052
10968
5196
22110
22139
22792
30000
27761
13542
17232
5652
21611
5421
4768
9109
24773
19949
14055
11683
1298
1535
23026
21167
8469
8887
26514
29917
2661
18295
11848
20230
21942
20658
4330
8412
27435
5122
25208
3307
23114
3524
28985
1410
15641
23786
13600
28397
22417
17086
25824
19975
27928
32744
7902
14571
27251
27444
22637
1762
57
20624
17004
32461
2689
28476
7621
10746
32269
25483
1324
13745
19200
8461
7454
15406
16001
11636
25684
28584
15202
26578
23776
6638
8284
7467
16004
31048
12548
20329
20655
11882
22752
7521
26874
20634
21229
31612
15529
21184
29948
1347
6671
32153
4817
2028
27440
19120
1880
31361
1187
2615
26908
26269
2507
6653
32246
27260
6748
15740
16332
14831
21445
28612
21261
19882
11383
3042
25068
790
18026
32194
27296
22752
11606
2804
21852
15919
13567
9005
661
18023
18139
30367
25750
30487
16676
17581
5697
21357
22794
21647
16637
18061
30663
22251
393
29721
13903
21444
12749
25348
29700
30128
12244
22984
7225
13423
4626
6816
10612
13524
7110
10246
25453
13031
11243
28572
17209
7454
19144
17040
17927
4942
13829
18845
14396
16383
8795
15305
12686
15159
14302
7762
25240
15760
22732
29088
4234
32077
2303
22065
23275
21476
22372
12253
11056
13714
24768
9788
2546
3658
18790
26385
20135
23653
5056
24497
5915
17114
17949
22018
28986
20115
23332
26951
29393
12326
11410
29775
16438
26547
13678
8431
31192
7407
15952
9035
16162
612
16375
19121
30307
4
19561
7746
11143
29319
21066
19820
7720
32655
23813
4891
6235
17336
16465
14146
28181
29387
9449
2850
5337
31846
15995
11628
16700
1994
608
13930
9292
18182
3469
19402
3190
21598
2552
12879
11227
24179
2157
25258
23104
15504
17774
28883
25595
8929
7301
8890
93
1849
163
28720
676
8928
29966
2525
13761
20224
18812
17740
19788
1285
22085
32146
19287
5583
1061
16513
12316
14441
13163
22793
5315
25780
11057
23573
15173
1118
31611
9258
702
11187
6907
29935
18130
23526
3412
10587
19772
29412
4886
19977
21411
15412
16815
25869
31182
30728
8907
128
4602
21745
18303
16034
11693
24229
22035
16355
5834
25540
7643
17190
9347
22498
1788
26563
26986
27481
16186
10654
32444
2711
32323
10431
15274
25901
9905
21606
17434
10177
6527
5230
2908
1373
25693
20961
12852
7768
28408
1231
1689
32290
4654
18356
6998
2487
30121
19449
31121
27849
12973
18530
30179
25370
24723
1736
21101
8956
9502
2652
17779
18201
1117
14146
9702
25813
11472
22819
11634
23621
22053
21636
28426
11302
19786
24481
5891
26514
27125
29419
17288
18971
27777
21037
13391
21401
2537
29524
19192
11922
18030
9315
565
16674
18629
21609
3155
20865
9153
3370
24370
6407
17842
21357
22464
12173
1431
8796
8661
28789
15256
6819
5565
23091
26932
9329
14876
13931
18630
32023
14786
16452
22454
5965
636
17572
6686
27555
24903
7876
32253
9118
4391
26056
43
18715
25234
2097
2774
4511
7651
32757
26322
9050
14684
30159
12207
21887
8712
30612
25554
8835
4964
10402
19382
27282
22761
27862
10116
2594
6211
4420
19826
11548
25859
25908
3462
6875
26413
31910
20523
31928
13367
19898
4513
9208
9185
17394
30381
2644
28043
30083
9154
21477
3303
15234
32627
7056
16969
120
31649
21970
6256
13967
12384
11382
5514
13660
27321
15011
32509
28527
1034
32505
23769
25785
2765
21021
11556
26520
26421
29213
756
11564
24218
1125
13548
19422
10063
21295
29126
8180
6122
18521
5866
5240
8040
12998
16632
3974
133
20573
17353
2113
16674
18720
7335
19024
32732
28801
20132
13026
16831
505
17467
14591
8024
6730
16613
6217
12859
1719
30581
29457
12020
20052
13181
31185
26203
3658
16714
223
32420
31097
13222
8945
11611
3683
21081
10910
14263
30747
1559
31498
4098
14847
12909
19394
24640
23666
28458
27269
6094
11227
25095
25797
1226
17848
32275
14604
28762
229
1309
365
24812
27482
14211
15138
25820
19006
31029
13261
8334
3722
15060
1293
25460
6311
22977
11031
12703
24026
23071
32243
8508
6064
21638
29408
7995
9392
30772
15705
23393
2865
6881
21357
29584
8359
29957
25299
15766
27605
18522
17342
15596
19121
32443
27572
17855
8213
26998
1433
18730
7432
14875
30247
22364
13339
31542
18000
29208
11927
6735
996
17176
31118
7816
15575
8275
26912
30343
29638
5835
7339
31923
5692
32398
15204
19439
2817
12323
29897
28001
12899
13051
13346
25756
3263
859
2913
19082
26823
12178
25113
31115
26210
22051
28174
30128
17084
31163
8144
19539
32496
6121
3369
8808
7191
29567
27671
9963
16061
9249
13097
6548
27664
25969
32238
17390
26210
21724
576
25135
9299
4588
28069
18591
24915
13258
14243
30151
14554
19351
23935
2851
19421
29348
18901
31505
18139
2634
21687
32653
18445
31261
21511
13758
28940
10645
4503
32701
6411
16861
28506
22271
20227
11263
18044
17147
13781
22086
27612
27747
8897
24337
29971
1003
22171
31985
26067
12206
9747
30299
11675
18869
24001
23540
15090
17371
11050
209
25541
24076
10961
23550
17315
8074
16264
12960
26569
4205
16751
13753
25049
13593
21777
7676
14717
28955
31177
13878
16197
9271
28451
4032
15796
10232
23226
13449
23274
22601
20633
16386
28626
28423
1269
19813
32665
25100
20351
20787
12667
13129
13281
9071
2057
13541
22664
5408
13809
8911
29078
24951
4234
12518
6132
20863
13194
29409
20105
16416
20394
30753
32206
11149
21521
21093
9146
14865
28912
20092
21783
11060
775
31863
4910
3011
28741
4322
7622
21565
9863
8356
18749
26335
1182
31997
5641
20543
10230
17719
30203
20917
32510
8210
23505
21391
782
25145
14048
27715
31134
12026
29005
14791
25087
1452
11578
26560
15619
19003
2779
438
11365
28300
24547
24155
19418
31035
24420
21626
29126
18156
20060
11319
9607
6788
3304
9539
10108
23383
24695
23204
8788
4049
8527
2245
31859
9115
14262
19579
18904
11451
29879
14414
23638
26176
6342
11919
32534
10378
19759
26273
4929
17467
19464
32408
23886
22744
29436
16148
2894
2567
8122
8867
22460
12812
20223
26478
3163
30557
17357
9362
12453
22066
5781
25657
804
21578
29116
6218
20943
4048
20088
18059
6231
6734
8144
25152
7286
20700
16238
356
560
21690
16851
13863
32209
24879
29644
6563
19437
466
19377
10471
10009
8131
4172
3852
1694
8184
5933
10302
23080
13896
2190
23923
26381
19766
15838
30165
17807
32506
9692
25790
20404
29417
18350
14112
19861
8766
28257
16709
29638
5806
16114
11352
26375
10445
30820
10625
1741
9662
7431
29566
7176
10819
17538
26159
25335
28098
7429
20964
10887
20094
27782
32250
19365
29565
27648
20296
9255
11767
23435
20983
20497
25955
25781
27120
14982
1534
4145
10088
18750
20116
11602
8580
15348
26949
27623
25808
23352
3914
4571
30135
25488
16688
2197
10802
3655
29971
29398
2911
21658
8828
7336
8595
28213
12836
8239
5022
12828
30500
13171
30058
17661
30175
10122
2888
28353
30641
17302
23212
30564
26183
27165
29573
16722
3278
1370
2167
5715
24076
10570
23886
31571
14057
14025
27062
30365
26970
17901
6848
25338
24465
31115
13371
24895
16441
14260
21649
20814
4850
31119
24063
17227
19834
25094
8627
6157
16435
32200
2648
29601
7497
346
2585
8642
7343
31108
27497
2668
5347
30470
30801
27449
9356
5612
3310
9292
14400
6113
30304
30317
13366
28436
18974
14607
15548
7045
28907
11548
12983
22051
14065
24990
5288
22609
21537
6996
31893
15761
21264
30907
104
25194
25521
13864
15030
13606
4253
23174
12533
21867
8041
25895
550
16073
22433
11834
3644
24578
29491
21966
6252
11994
12143
26290
3524
25208
575
14200
21104
28990
15520
29658
18337
15375
10551
13130
2418
14597
11002
18206
15482
11305
22619
26964
10178
20331
18864
26609
8559
18971
25387
23259
5474
1110
22504
6599
4256
11294
16637
31014
25490
17965
31834
14660
27323
27228
5474
11657
10153
7401
18848
30477
13868
23048
25174
9576
4966
11594
11520
3662
32102
621
24904
29997
5597
9245
12356
7587
32205
17880
9267
26653
27016
8515
1669
13385
30291
25228
10728
30276
13195
10981
30920
14398
13778
7107
24335
32148
13566
17699
14302
4024
19891
17478
28444
26385
26184
9949
20219
30417
18394
3690
6197
1770
14710
7052
12306
9714
28725
27149
11397
31036
29563
12689
1389
28349
6344
4391
22246
15772
1038
22537
22139
18681
3333
32200
10957
6604
26831
14426
19867
21809
9224
14768
10666
12861
3161
30889
29273
27386
7492
11100
21511
22086
18772
19913
26229
20119
29334
9453
53
27212
25202
18799
19574
4027
4910
27546
28063
13862
8851
5438
20195
29085
20330
32525
23615
21046
10142
15876
12274
5078
29393
12693
27586
22646
24487
8703
6093
22028
25069
21554
29548
27335
26768
25953
1362
6359
32285
24812
20593
21988
4096
4986
25827
19935
18058
18144
26727
30637
8394
21501
10112
30194
2943
32504
9995
29239
17122
17791
13905
16758
1309
2214
430
32685
27607
5930
8675
23746
28923
14827
14923
25561
30547
15357
240
19580
10154
21383
28963
25449
18670
20984
6689
3856
5801
29969
28625
8570
1339
13718
19559
19343
29349
22132
2441
21935
5071
15188
14560
7568
9559
14174
22313
7942
30550
20934
17610
23112
22204
324
21673
29087
13836
1277
15923
11413
10256
27955
3130
27696
26666
22104
20634
29439
4817
5843
10828
14976
637
11042
27366
26917
8355
21509
22893
13531
25664
20003
14139
21912
8490
4213
5154
26134
28190
9606
13262
17414
2537
29833
2908
28451
7328
8807
28281
6475
19677
6935
13147
24797
5769
13634
13209
20211
27303
12674
31518
12693
19286
11110
27048
19511
21022
27499
3899
17117
26026
18479
12735
11853
563
7639
21168
15753
6799
16761
16189
24127
14324
17130
24021
1512
25496
11735
23609
29983
2405
6116
21162
22617
24623
21491
16261
29949
14564
17355
4061
16913
11552
25392
7076
2164
7030
5681
12890
707
30299
29114
18424
6630
6554
31547
11127
15745
8594
7644
4599
13610
6623
23909
28552
3094
7044
6952
254
24830
8493
20570
322
17388
1473
1772
11489
6879
22516
6971
3969
32513
17898
21844
11740
3099
27877
29591
1146
10654
6806
11777
27420
20532
17249
23975
10839
26672
22587
16772
2980
407
8167
9334
7582
13889
972
9091
11655
17012
27250
455
1593
13647
1239
26333
29853
5124
12972
24680
31335
23586
5375
15649
25402
9089
17258
16727
3062
31370
6939
12570
28963
24161
3884
24447
10545
3060
25656
23054
9628
16852
31059
28007
19900
10267
10128
8013
14740
27143
16455
10929
27179
1110
194
5926
31435
20919
7304
28938
6891
31868
32756
9470
21793
3643
3372
5631
13824
28510
12319
27998
23922
15170
14051
6445
985
20436
6265
24261
7077
5908
26142
25123
4717
31326
31055
25787
21823
19961
21331
15617
11076
13288
1627
27086
9597
28426
19771
32164
27356
26448
25668
28184
10191
20989
31007
13340
28855
17605
4221
21251
6691
9374
23478
24391
21923
4848
29351
26329
21896
3583
2211
15321
25674
4845
16197
28112
14601
15231
18656
10548
22684
18300
19794
4581
8604
21389
30431
20721
17404
8639
18627
21509
18208
15749
12621
32435
27512
23668
27789
20575
25249
27123
1453
19492
10806
31723
14427
11380
17426
7792
32327
6383
7514
7658
5741
32694
20462
26930
5290
20463
30371
8749
3024
18120
15420
10014
27679
5118
25693
16012
12143
27275
6968
9625
7670
8504
14658
17564
10294
13215
25569
3840
28864
10080
27220
24187
12599
25206
1098
21662
11943
31752
16968
9528
14805
3044
21880
23728
26987
4828
24213
21819
17277
684
12898
29462
30381
9128
12916
4319
28573
2514
27097
27751
1752
6130
13882
23042
27872
4468
7964
1419
8461
11340
26011
30519
24222
11093
32107
12388
10716
25667
17653
27633
15191
30712
27960
17713
22844
7474
685
31952
5137
13192
32223
32765
26193
9404
23763
18019
17336
8449
26985
4878
13467
1640
28204
21046
607
1346
23734
56
4715
23061
25234
5891
6102
10434
31530
9534
9976
9873
8244
3628
5044
19043
1019
2179
8986
7685
2157
31869
15931
15307
20497
18195
3637
32395
32686
5703
16918
31883
17046
16422
7225
13320
17238
31650
28305
10022
20752
16215
7565
22253
15268
15438
24859
27569
24752
4436
21856
22645
11231
6844
23018
16566
18328
28718
6965
32632
21789
14776
6642
2661
7127
24883
8192
32693
2768
7884
13652
19660
3885
31424
6617
19758
24109
7686
24096
16521
16353
4958
23973
20901
19324
4905
2878
13517
19170
31652
9231
226
21284
4563
21996
16873
17664
12841
29114
5023
27091
26198
21586
3943
32348
32535
27406
6094
31875
22432
4802
19928
18460
20666
8462
25160
16277
8447
27966
22863
29797
21609
835
24442
2411
5038
10856
16080
32076
21022
25240
4573
28963
20576
11528
4563
27906
17700
31211
2191
14547
20638
28700
28809
22473
8151
837
29634
25259
27234
29138
18551
14477
32684
19995
28716
12699
2341
9356
10024
2527
23512
1845
29954
29447
9201
19545
15832
1167
7062
16835
4680
21652
3486
11742
4159
28470
1491
3776
3888
29328
31709
6643
30677
30527
3512
819
20375
2026
19093
10281
21513
23242
8518
10620
19046
17413
19576
9938
17941
15719
350
27689
15585
12711
10291
22684
2238
12858
18956
158
14439
16870
7473
7665
30466
24654
30189
16655
3965
4387
22533
23478
20852
23286
10017
14457
22320
15380
32366
3018
17556
29194
19208
19241
6490
13750
26253
25103
26303
15490
6203
10318
21900
5659
31228
25098
7261
31715
10882
26038
22848
17296
28633
18895
21740
30286
8665
28580
15760
26825
16183
3321
31206
3307
22934
20856
22741
20053
30866
26135
11228
20471
4547
14166
6098
15069
22402
22776
21549
2144
446
13949
4903
2086
16682
27137
15347
29287
7430
14356
19047
20411
17604
27548
2780
19472
2670
29185
24966
23642
24359
19613
2770
1285
26070
2564
22784
19445
7708
4250
14719
32716
21884
26974
25706
16947
17659
31785
8417
18846
20517
29896
9851
2286
30894
11846
8203
22973
17616
26093
24176
26157
25530
3653
1282
914
1070
12714
21761
22860
15570
20410
28226
870
17788
10511
16366
29133
8884
1237
25610
4201
4788
11726
20123
20913
2270
28277
26258
11814
31919
29617
2752
8270
9682
19795
21078
18427
23615
1870
13686
9822
14930
7217
2523
20018
20816
11886
21846
23763
22787
11229
32217
31590
13857
24186
26138
21996
15717
22880
28793
24653
31829
32037
25212
507
17414
10692
17990
27092
824
5120
24019
25814
24179
28430
18885
9
5195
6951
24250
12327
771
1354
5692
26631
27421
26462
11068
3432
20155
1846
3948
13717
27444
24308
736
25245
24084
16301
16703
18932
22042
27809
27923
16411
25407
25547
21521
29114
8355
25090
20442
14459
27272
23099
6440
21193
19820
16478
4704
13240
16709
23731
6692
4036
11162
16763
19461
8776
22134
15087
21103
8402
4789
30548
31510
1522
5058
27757
17359
8100
30436
17787
26339
25260
12436
4478
3207
14172
19532
24158
14213
15560
13385
682
14647
4606
31203
20572
4301
19016
23972
1032
18614
28565
23272
24184
16486
4498
18314
27478
12541
30549
12073
21094
990
13050
27404
6017
13175
9455
32426
32014
19153
14369
11092
18349
20932
20077
3966
21036
3960
20120
6649
31447
4459
18929
18958
12846
8209
1539
1528
5283
249
10372
10965
14340
18593
3608
6579
21698
15526
22234
19843
10723
5546
4149
20992
21172
20496
26966
19464
31988
8849
412
20624
26872
14195
631
8764
19107
21576
7031
26645
22505
15316
11874
28862
30901
25245
20924
22572
30833
2976
29975
27314
5518
17360
15894
16180
4724
20970
3276
25171
28494
15581
30460
27783
24540
548
11229
2933
25342
18533
1360
29747
421
17488
12994
14453
20337
15190
23911
19748
21071
24716
25353
14492
13072
11251
4627
28261
29763
12995
30047
29733
26240
13423
1550
22128
11443
26925
24232
10983
18700
25334
17737
3279
6054
28407
26766
29383
12507
14956
10730
8217
4438
28213
11767
63
25896
24174
11697
25561
27372
1010
20101
16676
21348
30731
15451
14138
28845
4664
14693
24346
27068
29880
607
18781
6930
3771
29856
2733
13739
14065
17815
28364
19944
2793
30113
23403
7199
22709
29788
7557
25043
923
27646
5426
20058
21236
20270
32601
2649
2177
31135
26315
16811
62
14998
5602
21771
29535
13905
18978
16368
27251
20644
3208
30613
11539
27487
1149
21289
21724
135
25727
5041
5869
18432
12958
30726
3769
13220
3859
19254
7642
4325
22679
24432
28531
17766
24116
27704
8042
13793
3964
22971
15208
30859
5119
29082
29231
14763
11551
8665
1912
31972
4444
938
14330
22204
330
26815
727
14085
27046
24279
15642
19849
5120
17306
1614
9168
20241
15055
5947
28174
9368
16882
21595
20436
11686
10410
31355
19184
31602
11302
20319
15638
19479
8522
16921
18083
14006
9713
15188
24180
15613
18303
10365
27707
27504
21953
6950
9968
29662
19908
11693
27311
24795
28675
5001
21024
4019
29
7836
27178
2071
16568
6827
1380
1662
30605
32323
9776
16994
31930
29813
31845
10167
5198
12409
7753
28937
18927
6379
11606
3114
22808
414
30214
12792
24308
13990
9863
6425
27182
19150
15837
5690
31836
9401
3380
2629
26700
3299
24511
13749
10492
32105
10552
21961
14614
31429
16200
28267
3706
9152
23525
23439
17228
4293
5211
8938
23503
15627
15441
2218
8074
18625
10892
29931
15121
5453
5177
28088
1423
8759
559
31760
20669
26818
22753
21696
23033
15384
32524
6768
21689
2775
27526
27172
9440
14486
13316
16462
27701
23882
25076
13449
18388
25012
19421
24785
4094
15596
25944
18119
23627
30528
17137
7637
21815
25146
29743
31406
32632
24743
7867
24693
29364
18514
9613
517
26339
28242
5374
27084
6518
16891
2995
28382
20657
22677
29061
4915
8500
8767
848
12669
17842
1561
8568
5095
30909
7655
28732
17576
15713
1907
24267
12788
15082
157
7046
22119
12892
23808
27807
26736
25105
28675
1426
24306
15508
16408
13052
3290
5477
25353
15003
18145
8676
7567
21875
9633
5128
29306
24416
21094
23897
8000
25862
8239
12148
14155
30667
29922
30164
24834
4902
30238
22851
5792
10070
18047
24328
19266
11059
19933
4274
13756
2318
12683
24541
17294
20602
11844
5516
24032
28095
28646
6554
29809
29752
24354
32451
21945
8321
19464
17562
4519
14994
3304
4266
24904
23349
14689
15761
8139
27499
4023
1806
24629
3013
23436
3900
24239
4089
24450
30717
14384
12767
27863
14242
8491
12058
29433
25046
31714
21068
12000
20520
17994
19251
11286
6449
5586
16342
13892
19301
4241
21997
29122
14467
28839
10225
25572
13510
29019
20708
23369
19443
31772
24883
8052
10146
9161
9053
1916
8756
15704
32038
32290
6401
23826
5002
28155
21705
11877
15228
31300
14494
20585
23614
18283
3978
19423
28772
3957
27221
17323
24688
31183
11994
13573
32570
27905
9343
21697
29879
28532
28725
28567
28944
6559
22808
4025
3462
2259
32582
10565
15247
20687
30265
24808
29293
8729
28622
3602
29918
28623
17145
18192
4790
9678
17227
19653
25185
1648
30220
27365
5850
26879
30999
31662
5986
30897
1192
23973
16608
1369
19117
21645
15967
28348
19012
4028
20413
22758
15236
6536
21231
29676
19808
9711
4130
32185
18735
30154
21548
15476
9529
3957
29187
25094
15342
16544
882
24129
19364
11457
3017
2726
14918
6463
7406
28411
21848
11539
1838
4241
32329
13588
797
14263
31826
13993
25980
21829
26373
18194
16664
24112
17111
3981
7387
12146
7007
6904
22950
15930
2298
12164
15575
2722
12140
9593
27390
3393
21719
7309
11740
27034
22588
28041
4077
26919
8301
4680
24116
21573
23038
30150
20674
12040
846
9605
7087
20566
4053
14741
6053
6779
18922
30207
4024
17414
13254
24349
2607
13062
1105
11607
26560
9020
23528
3049
18663
21218
12678
4915
16757
8460
16215
2827
16990
21549
29817
28964
18690
19860
3596
21820
7858
4649
32486
20240
25750
28037
21802
23845
25292
1993
17714
4893
31305
28640
30970
10377
32393
1085
2876
27148
3399
30841
11476
12546
22809
20412
3514
24176
26885
2732
17019
22551
698
14380
29512
9245
17722
4378
57
31623
10033
21578
1471
25841
20022
3885
5615
15723
31241
6786
28624
6320
1961
16160
28157
20426
31677
31228
12922
6620
3080
32760
19808
5636
32460
13554
20354
8153
12980
30584
4275
3305
20336
30074
30869
15255
22154
7569
21459
25754
25163
19939
10883
11308
13356
923
1010
24912
5171
26454
7022
6059
3466
14328
21116
1605
19062
10650
5341
30422
4782
4973
9526
22072
16429
9729
12767
19023
23648
26558
2421
322
29428
15763
6971
1868
18553
12551
28292
15134
19657
16656
10556
30085
8377
30874
26866
13096
14629
20387
31371
31004
24842
4316
232
15182
21533
30853
2606
9122
11476
24421
892
29654
2195
12900
27845
9704
20796
25922
7768
31736
13044
26497
8655
15099
21312
27941
24245
6113
29731
26434
28652
10686
10207
27952
9264
8962
31963
12422
29018
8452
12803
15054
20354
9186
31695
12
21492
713
4925
10467
1684
10252
24565
6893
27039
8271
31301
27690
29658
12862
13124
21613
4512
18311
3432
894
4968
27945
17074
22542
10556
28259
18843
9067
25307
18486
7801
20232
24960
22166
26542
6993
7966
5213
15373
7905
2768
774
17414
14497
1430
32353
18301
9535
6930
24304
12282
29789
22287
20876
7204
13566
21361
17465
21483
6999
12583
5482
16654
20627
9755
5315
18708
25831
20835
26533
12427
16655
29036
9511
23105
8195
22717
2903
11654
22100
31396
17415
30798
27805
25324
9116
1381
22783
32493
12253
11379
20644
26088
11904
7646
4075
21674
15050
26567
22810
27293
4409
28606
30961
22793
31962
27794
9266
9244
25439
8500
31545
3371
17593
9413
20732
30321
18990
14651
30193
27845
19545
4397
20779
609
27713
17004
1694
11138
3334
20346
32044
9973
26863
17790
9504
1963
11188
23396
21686
7206
15165
16538
5892
17209
7209
7494
14030
14860
13882
24705
24301
15770
4276
16583
32427
12562
18108
16032
9435
31654
28691
11710
16141
14043
3761
18871
12407
142
8466
17027
23967
5002
31822
17080
25001
23034
32569
11132
10459
26452
26780
9670
9469
418
3088
5811
32001
30686
23484
14497
28659
25268
15845
14685
14390
7317
6917
14130
28763
8865
18841
667
26227
25409
28976
22591
18261
29049
23927
27432
19683
28561
22132
11797
14123
4854
30724
28137
9830
18789
25401
25311
23219
28020
32340
26711
31623
2129
17444
17473
24015
6292
18923
6856
6239
11759
1223
31327
8548
28735
31003
3874
24041
15451
22518
4606
1882
24863
32047
24752
6186
9203
30861
5612
26623
28834
17630
4330
12946
18248
459
5318
31406
4023
29603
29216
22373
25638
13963
7075
5403
31248
25447
13670
6614
31586
5616
2580
464
21626
17483
24199
4278
20626
21647
15076
9020
27295
8245
21499
24881
6713
14467
18014
3342
22274
25894
25575
11950
31454
23385
28453
12197
20415
24398
7612
32359
14512
20383
8642
1222
353
25707
21107
15612
5084
30735
21562
26248
3839
17135
9678
15259
30006
24318
14808
13138
3421
2099
28007
21849
8637
13787
29584
17904
11668
4435
2067
27549
18654
12738
25694
31388
14929
20914
21758
9434
16192
23770
13883
12892
31370
16494
11471
32197
19091
16156
31011
5150
29945
22536
13965
6479
14709
29022
32014
17510
13527
21757
2335
4377
9938
20057
26149
16718
5480
11079
661
15702
165
30898
17809
27988
23242
24108
25209
11141
25894
19114
8851
15854
773
26142
22791
10942
24511
11776
13107
3540
30361
3009
32537
1471
32379
1160
17061
32697
27780
3240
18433
27874
5749
3950
16224
28190
8319
11406
29619
18713
15874
11519
26161
22298
18331
18813
25696
5543
14009
30093
15934
4603
19283
25350
20875
13726
14488
24130
29575
21569
8965
22834
3788
9050
11614
17845
17447
2769
18835
6937
23030
30731
21391
32052
14914
30737
28521
1858
13972
3197
6638
32614
16486
10410
29476
26479
21110
26719
1132
5351
29443
7153
10212
1868
16637
17454
32126
14026
25004
14590
26371
14449
18117
30044
9580
10503
15511
9809
16123
863
30472
20016
4107
594
6617
12316
8063
1864
25927
17479
28362
26951
23586
3196
30556
4993
19198
4464
7643
13185
10574
29802
7627
21307
25423
7765
701
3662
24921
22865
9823
26032
20402
32342
1106
21684
10645
9017
14996
3805
4353
5624
597
24369
13086
6727
30223
6803
31471
10670
13751
11687
1809
5153
17753
30877
19661
26251
20728
1747
13051
14158
3379
19347
21426
9739
19273
23422
32063
24232
8277
19134
20505
28348
11147
23837
14815
14298
31491
16458
24330
14612
29637
10831
24046
31545
1102
18318
30663
1234
15337
317
4892
21219
24769
16352
17180
10441
26419
30052
14317
24074
11108
32129
25422
16088
31817
18614
22564
28098
10784
17979
30038
4355
1363
20553
2480
16035
2577
6768
20975
28950
7694
31040
2101
28171
14227
17793
22419
17819
3129
11641
5034
16861
24756
2328
21137
1448
11881
15209
14421
31340
26608
29421
30708
26138
28752
14682
27972
20987
29717
26026
7438
13887
1356
6937
17630
494
3798
23714
14505
3129
6713
17154
26303
10963
13626
4107
1142
9771
3421
12498
19021
23167
2221
19643
15692
5194
21020
30320
30321
15285
12575
6637
21254
25353
8806
2446
26796
13407
28837
11934
12137
26454
7431
23744
25725
2193
11227
27884
17163
24790
9246
29301
2121
19073
607
24476
21816
3582
17386
27648
16476
9508
4228
1271
4518
21836
5131
14895
2171
2488
18034
15023
24280
22602
13427
17337
27331
26847
20091
11847
5537
19879
16067
4875
31331
7456
28710
8256
27893
9175
16597
15786
12334
25296
26276
27248
12324
20960
28572
8605
103
8849
11451
22069
27891
921
32276
11981
20270
12786
17313
21916
17489
24417
8706
1222
6524
23436
8644
1877
2216
10320
19613
31620
21888
5528
24210
4686
25326
19061
25962
16951
20635
9506
7166
31387
12898
28147
8842
25522
32035
18634
27208
25719
30468
24105
446
6714
11045
22345
17374
30528
13459
23531
25370
26450
31456
21161
9239
15641
25266
12716
23243
3126
19280
5983
1869
29547
17679
13735
8246
28315
16632
5633
17282
12185
5286
30719
9796
24962
25005
29856
23696
19771
5264
13744
1864
22883
18825
3185
700
12157
23229
21432
2123
12302
4445
7015
16000
8419
21045
26331
22873
8065
28920
913
29325
14892
25101
29948
9980
5247
30251
22492
19838
21643
8074
22294
3669
19765
29827
30622
19271
28752
28903
9230
24039
11468
13153
19945
9273
15869
19460
30558
4024
11496
29719
20940
26557
23890
3689
23121
21282
4984
26544
512
32700
15081
18557
13626
20317
4713
27649
108
6
10937
8391
2292
29078
20079
5712
12849
24639
4087
20186
4714
17749
7467
10707
5441
3625
21646
28043
32098
1141
31380
20715
15814
26082
30768
23451
19468
23505
20097
9313
32208
2626
16460
2690
32109
10938
23649
10003
29256
12397
24885
845
26624
7132
12897
16443
4859
15177
3372
4505
31817
24992
29552
205
16359
30707
6969
2800
23863
1623
31238
26297
14562
15851
13564
13792
11433
24946
16721
771
24044
56
1139
26343
3954
22271
11318
19315
2168
18319
18152
26638
15258
13358
27364
18900
21921
32323
3588
29701
15887
1904
29383
15794
3708
13424
27925
17943
26967
7729
21406
31907
27105
30673
3305
21504
2373
23734
20214
14118
19336
30903
483
31557
4411
6032
9393
14901
16520
17976
17847
7971
28592
22039
21342
24720
22511
14189
6134
28570
15912
2067
17343
754
2455
26283
15914
31941
16310
7949
22526
12791
8527
8165
4177
5250
32689
30503
19426
7645
15310
31442
9922
26010
11870
23130
32319
10426
4681
8909
27523
17469
14632
13116
26761
14842
7651
23494
21574
26606
175
12051
18570
13644
22030
24512
22034
5721
27267
27824
27750
26160
30266
30623
8200
3469
27785
17744
12277
16911
13860
7949
14359
14351
8295
2525
20383
6093
26697
26381
23576
109
15075
20504
12465
26553
26969
28623
18449
5300
29099
20119
19058
18655
29372
23582
25752
28806
17026
449
24342
22816
30415
13402
16013
28229
13389
26243
21778
17244
8373
8973
21185
16447
2638
18501
32430
11510
26499
5186
21400
18300
20653
13002
8965
24731
3297
16016
32423
13889
5686
2409
4493
31694
20519
23026
25418
20605
6063
12902
2055
17980
12121
7312
20794
4557
18378
32044
11085
29640
11023
2612
2396
10176
19837
28229
9520
13821
19750
10825
30441
1820
30521
4876
7043
25808
15642
14282
28360
19773
4287
16428
21976
8584
2133
12214
29727
27381
22539
28144
29485
27066
24732
30991
28177
17740
22140
3578
26843
11275
17413
26449
12598
476
27676
20967
23994
7350
9289
25508
17274
17710
7594
20277
16476
5210
31140
11809
17616
2811
1885
4191
10820
3475
29541
3740
28862
6667
2783
22035
21232
12094
20140
15253
3067
26024
7863
21862
20703
294
4281
6431
4299
12412
21487
7720
7335
27759
14386
10073
5085
16881
22985
14717
755
20954
24717
1742
28424
17411
32364
2053
19046
19310
19085
16903
5981
11763
21357
27330
1243
4700
7779
14979
6265
1411
10105
15091
20742
224
5621
11780
11855
29365
32081
5522
18342
7549
12446
32139
22116
28111
411
2765
21628
27334
2711
29157
15870
16988
24725
9526
19930
25108
23778
9341
12315
24759
27748
16937
27753
13380
2889
17295
114
25734
26804
9099
11503
9730
27439
32406
21554
21075
7218
28962
12046
339
14399
25306
3393
23366
7268
12021
6340
6097
14731
11110
27801
1751
19988
11577
12751
27016
372
2243
5291
16038
24454
9124
726
1756
9102
25254
10844
11586
29895
29664
10055
25702
6273
32131
24865
1041
8725
13126
27916
25827
8979
32562
19108
11951
1738
28895
26740
27858
668
4585
531
26174
12805
17459
18185
18766
21871
5179
25694
12421
5297
17651
30174
5138
25650
14137
17315
23905
14927
21878
24318
12539
2646
17397
24978
2008
6283
6586
17734
6731
4011
21748
13662
183
2785
24726
23600
4553
28676
17288
15909
13698
15403
19160
30967
30268
7711
20311
7997
8249
21396
23108
20106
26611
12485
186
25698
12146
16495
23404
27213
5409
28168
6692
32276
1343
9818
4123
8593
31164
29089
9418
9122
4688
6655
21809
11576
25682
32176
22048
3434
569
11125
23071
1834
13346
24708
7915
11667
21906
3182
16203
204
29116
10045
27545
17464
31662
3347
5112
11351
9976
8731
16837
13114
25719
5526
191
18902
9491
10736
28782
7793
17205
5847
22148
16077
11667
11810
23510
27006
28437
29752
10529
25826
32335
13937
3677
14621
31544
28203
7589
27400
5341
31980
3488
22888
4313
22996
15056
1504
26670
20543
1518
6622
292
9613
29133
6783
20045
20263
10649
8182
28283
8901
1878
31209
25999
17557
26904
17594
23713
5890
15666
29848
17965
2807
1887
3050
22996
3604
3094
16470
4805
25971
11818
6047
29837
7497
18384
30898
18378
24133
13026
15741
32107
6895
5971
32248
20606
18591
481
12540
19911
1620
12432
25038
22298
6235
23786
13591
12921
32556
30386
22085
5406
8283
30077
4754
21794
25971
5812
14352
28780
6031
20302
22932
23884
1505
19543
1247
32036
31444
4681
8871
16512
15045
818
2736
20633
17609
14430
28194
8471
14325
21337
7073
15880
18269
26423
2919
17721
26624
207
15686
29205
7168
4898
17957
25942
19236
23653
12766
9819
22903
12447
21692
15104
7665
89
2595
14081
16497
3603
16069
9326
25305
23486
27935
22793
31458
25266
25728
13453
15958
21675
21664
5580
24817
13756
6606
27211
7389
20205
973
18940
26259
994
12210
28643
24191
2322
15713
26984
30222
25777
17786
10334
20612
26443
7883
20557
13391
19288
15373
7352
7403
14003
25050
23944
17358
15239
18627
12103
4725
4726
15541
22475
2409
8746
4156
2413
1284
3999
13437
9138
10763
5103
20522
19705
6076
23002
13559
2022
15287
11055
18215
4414
14997
27051
12309
526
11778
14087
31286
18499
20139
994
6487
28556
30038
6897
27661
6133
7071
9116
13176
16802
17930
2276
29845
7204
17013
12721
3700
14900
2376
31998
13104
25270
22737
20825
1528
247
4312
8206
9196
660
2780
11208
432
32700
27659
7594
11328
16112
10200
11598
14668
31353
15201
2399
2616
7261
26249
28417
18953
15958
21617
6444
29973
647
2620
5071
9582
5237
14884
21577
22070
14814
29298
20593
29449
2798
24032
24744
30749
31118
8840
23125
12602
6923
8703
6833
892
30500
13263
13187
10240
16173
20902
4339
27799
172
24707
4342
12353
10104
26461
12551
26540
10545
10706
27695
19250
28337
1147
21427
19138
10373
29303
1545
4128
29091
23661
11101
13077
29495
22776
17785
15902
32581
26795
23753
13097
1155
4283
14254
13309
18571
31589
16478
6817
28863
14122
20491
19922
22609
27759
10494
31405
10918
19074
29264
10013
881
16700
2384
7179
14956
11439
13979
11853
6358
10795
17965
22298
2726
29305
15307
22432
4569
29778
31539
8489
14420
16875
22484
16085
22732
4167
30227
32459
27755
9349
13877
4147
19181
15905
2315
26709
28116
5780
29987
30498
11139
20777
5360
15529
12880
32225
1703
970
1430
22494
27896
18206
10632
18704
30370
12220
2747
14594
26897
14537
23864
23993
19659
32373
3914
5621
18575
32166
22334
24539
31704
24878
28366
20183
21504
3341
9157
884
27364
25769
16843
19928
22195
15681
21291
230
8243
13052
1910
11872
28229
15122
24027
1487
2747
22824
0
18810
8836
25088
7183
22831
18582
15483
26103
31025
8925
8448
13800
12994
15551
15428
22896
9621
10279
18657
1907
20835
4967
31124
11427
23720
18454
27603
5208
16518
24759
24292
1481
2138
3204
1627
1729
2532
2729
9795
9532
21645
5286
18983
4252
8593
30575
15805
4941
27582
10197
26736
16711
21079
2664
4029
52
31673
20579
28123
26076
9019
14249
1831
25198
22471
28451
6771
14325
30563
18051
29403
13544
5678
19127
2129
10761
1740
30311
4768
8571
25878
11430
5929
20018
21733
11378
14566
15798
8938
22409
2412
17947
17987
12970
1657
17890
17001
7353
29397
12161
32378
15838
23381
27616
6843
5413
31541
9056
12434
28599
10602
7872
3394
7262
5003
10940
29593
26307
24924
5147
14455
22807
4924
5498
16605
15065
13217
27693
16087
25001
31173
15636
7544
1303
23209
23134
9930
24236
5358
16645
32744
5720
14834
29398
3305
14416
12057
25991
17276
24392
18290
20641
6355
6894
7307
6116
20255
18762
30507
28475
20686
22095
3103
2097
4320
14486
9477
3887
30228
26838
5708
5030
6854
26240
5469
17510
10874
25363
18959
30779
9615
8531
2438
31976
5460
177
10082
19575
27445
8516
14071
18872
32695
2959
31162
25893
15739
7629
23520
6155
19036
6313
7431
29109
26826
27574
7231
13340
19264
786
16049
4377
23249
6964
8122
6682
32226
20763
30082
20682
18490
3683
19737
22293
26102
7723
24541
31399
15406
5419
27620
32670
1657
13834
3839
18698
29053
4080
30461
13949
25860
2976
3473
22818
28614
23870
19233
10602
19179
11193
11438
3922
31976
12311
29684
17965
32015
5949
17550
5875
25165
23657
15608
27050
15701
29117
25959
29226
19622
21810
27590
25968
16773
17662
9428
4676
2871
2956
13086
7860
30302
23473
26806
18302
18428
5005
19682
19972
2631
28540
28250
5736
11062
6336
2754
29455
3474
4501
29362
10904
2072
7360
23477
8476
22839
25980
32304
10953
16352
20137
2650
22649
20047
25426
18123
26557
31770
24336
14246
4372
31399
18023
16662
26057
17092
30809
29513
6798
12617
3488
21807
18622
2286
25904
29466
22347
9398
31218
9452
11261
14700
972
28086
28040
7344
3570
22409
13356
25928
8207
27248
11786
13444
3302
3189
6290
14935
18211
1887
10771
5670
20665
19374
19378
25846
8485
9779
3933
18971
3042
21908
15681
16139
13528
4608
3839
25051
15475
24089
2272
21904
2133
17272
20369
29694
666
7387
2908
27135
1317
24467
20052
16495
22381
23974
25842
30418
13023
29488
7827
8902
12274
31726
353
12372
2417
8733
23732
20969
14326
20385
6176
4840
2256
16651
26955
1213
26406
18229
9288
10142
18747
6658
21881
13190
25628
17297
14735
32622
11385
30877
24412
21960
32007
185
14553
28506
21354
7804
9801
13690
11392
13844
14499
7288
22375
26533
11117
15785
16335
1531
26126
19255
11217
25190
27207
10762
21168
27303
17626
7197
20884
1308
4585
11968
3966
28736
13481
29760
23412
25010
5462
1482
26635
19245
15402
10268
124
2122
21
14702
1744
876
22864
25612
2363
8554
4513
3711
1012
21035
22245
9192
29608
20015
5632
9685
27130
28340
11292
4426
17492
5257
29544
30334
6413
22236
24519
12139
18636
28852
25833
18453
10735
25790
19217
28763
3518
28854
29288
15942
1499
12003
24973
17992
28742
14700
14265
8188
13539
26619
20692
21373
403
13852
8485
18760
18788
28749
670
5808
14066
32604
8363
3302
2044
238
14208
4639
25711
29324
5435
5850
6950
4007
27377
19145
28479
25890
30350
16750
21553
3731
30312
953
15835
11920
18768
123
14619
28156
4495
31813
16580
16607
7668
18622
20816
6788
31410
26299
21237
32622
16793
26581
31131
22418
31859
13663
17072
25202
21440
1375
19363
28516
24408
15701
27572
17698
28870
4885
26493
1665
14508
23255
4481
20723
10148
21064
6092
5620
7879
17711
12569
14807
8063
31836
20798
5525
6657
2008
13362
5574
8864
25679
20618
26643
1197
12688
12549
566
29870
3555
27608
28053
7880
8591
28759
2800
24598
1207
16979
9627
11642
680
7989
1546
6961
19370
20554
21982
9190
2797
8382
30300
20801
24335
7034
5219
19037
27841
18383
14547
19004
19186
13319
23217
30249
19617
2916
11993
22122
2995
16626
6595
8366
9245
5418
19930
27408
7372
26148
3000
2602
8317
11992
7434
21600
15708
12810
19991
1691
27069
21894
5658
16169
28410
2526
1052
7861
16751
7779
19388
19296
13427
13810
26047
32090
26144
7004
26978
19728
2093
25733
4087
30260
11233
32294
12485
725
17687
5383
16491
21513
17059
4815
6258
14545
18967
30453
4970
15628
64
14232
12351
12640
15577
27840
27497
1836
10586
32460
20326
262
25001
16761
6062
31678
11829
23669
13720
14505
7255
12609
23000
18547
16183
1023
32084
20002
26829
14540
5335
31165
9093
8647
22618
9686
19982
16053
10364
9281
32140
6001
21587
16743
29709
16348
19851
2163
223
20786
19848
20069
4951
27390
26541
13674
31333
15549
21641
3025
3870
18061
1793
1750
6976
12747
15935
27330
15311
16950
6938
8240
19833
27206
29287
29678
24839
21330
26034
13932
4420
10312
18467
11237
25823
16603
8583
17855
14764
2892
24160
8122
9786
32287
23752
31476
23365
20555
16167
29556
6709
12605
24947
8038
4319
29373
6932
26356
30081
7265
29550
3564
13218
29385
16673
82
19122
6821
4650
15964
17582
12550
11189
15395
25957
1582
4608
31716
30942
26606
29530
19655
15070
25662
17707
13149
16666
15899
13007
2841
14228
12007
25391
25551
22147
26093
27840
2577
3682
27719
22434
9757
5213
10755
25291
21464
18656
17189
28289
31401
11444
4831
6905
28609
4277
419
13228
1636
28030
16516
26230
28497
31840
13210
6034
8866
23848
13999
24573
12383
22851
2834
4931
13073
22014
21320
28254
32627
3433
13601
10580
2428
26230
5684
28639
24082
19868
22820
2180
18287
7918
20528
22004
15946
11003
32139
21543
28539
7689
44
30319
15085
30737
20551
8417
15722
20559
12948
13129
16305
7828
13275
11696
18027
29911
4079
25094
15444
23769
73
26885
3261
9059
25192
19414
4455
8857
15608
2468
18349
2532
9187
13776
14186
15429
7876
31838
23370
2484
20204
1621
24022
24444
610
11195
22084
16192
20408
31565
13358
1773
30306
26055
7460
21829
30053
4014
14579
11968
23988
6088
10344
2600
3842
1761
31299
3640
13856
15761
21292
9202
11932
24960
27868
9491
19220
13483
5672
19291
6036
9297
26890
18304
27659
7466
27521
6561
29607
1175
13303
17321
12755
25677
19752
7784
4316
1522
11845
28283
28476
31597
2655
2580
25969
8085
9162
27835
3174
8761
8618
21417
7945
15099
23127
24433
5203
1754
9865
12480
26514
21355
22681
22107
10713
6002
23500
1505
7653
31005
3766
30784
1760
10579
16892
9531
27643
23620
15511
12923
29063
3190
25465
17570
5430
10746
10979
24622
5131
10031
19125
25447
23241
1985
13073
17553
13739
11536
10420
2815
13142
30629
17809
24910
8384
15462
31711
4363
9174
1570
29279
30374
23227
25325
22907
24568
28924
26862
32692
10335
17967
3409
29036
6986
23448
10345
9264
32609
23018
17046
17530
28127
29108
8866
3888
13905
22273
11976
3054
29762
18304
29587
24062
7008
31326
21277
16848
31007
6453
9888
24
20345
21351
27403
28045
4118
18352
18240
26743
14733
13047
6541
11261
14388
2612
1345
4494
12424
28003
15651
29756
25128
21754
16155
24555
31340
2002
2883
2507
11079
6382
27006
1591
16715
16876
12965
5918
27847
16828
15372
31279
23716
14584
23543
21159
11459
22806
2132
32255
15598
22187
20765
26788
8820
9304
25299
17725
21614
20785
5164
9334
6972
11925
22578
22614
12113
12986
28358
10350
10589
27767
9924
19420
6996
28663
5150
2186
20341
13045
20801
12879
5196
24849
24978
2347
7086
28404
10987
1851
26391
29614
18185
23420
22403
4189
29756
16584
20120
8432
9138
11425
21455
27644
12364
8443
27382
27392
6932
23939
25550
12280
24522
5874
1840
11801
5644
19529
9795
18041
2764
4781
19356
11360
10749
28621
7001
6735
31195
29823
1676
30807
24442
30748
18854
24187
12858
11774
22403
32126
12905
22278
30762
19215
5983
8629
7792
9694
14308
32638
20587
19780
1502
25580
28724
9047
24675
17874
2707
387
26484
7239
17287
32676
12479
32348
886
32729
13212
32132
6998
29603
31388
26471
24887
6315
24720
24550
13812
24928
1892
1661
7423
20580
11640
27523
15729
3086
12248
10951
5243
26685
18556
7869
15242
1597
22599
27724
4833
4427
2107
6106
3184
19911
24817
12751
18792
28100
10387
5539
23255
5344
21354
6174
12336
17890
20515
22502
31354
8319
16304
28870
11990
10682
19906
8584
2999
27490
3198
20133
29764
23658
28298
23261
3189
8947
23377
21277
16631
30421
15271
6588
11311
26848
30997
28654
17357
8024
28977
5545
15774
8873
9061
4347
29281
30861
15627
20519
25526
24346
24848
6200
24354
1276
1492
19183
21165
4966
24586
25979
18553
9112
30856
26033
3329
3265
2604
1632
22275
18920
19273
20866
2388
12349
11317
840
15680
605
25376
28163
9920
14897
14990
3329
6450
21209
29895
21488
449
27600
28963
29288
18315
9714
24181
3619
25464
4111
26198
21281
15035
2007
24267
10177
13290
30888
5135
3425
12744
26620
189
18957
19413
26999
12610
16861
17340
8562
1650
26204
26202
19739
127
17909
30099
14703
27003
10323
706
22668
27855
25241
19956
5836
20093
15727
5963
3880
16760
21382
21685
32679
64
2193
10992
16184
4749
3003
26219
17909
620
13790
15149
16481
24949
27634
6465
6890
19183
20135
896
32602
10242
16572
5142
1885
5001
23807
10081
10441
19434
11597
25243
30792
29180
13373
15356
30524
21432
8924
20513
1087
5142
30889
27381
7157
20217
31438
12026
31922
14111
8681
8922
16879
1094
16878
10104
23686
9034
30014
6096
10420
30335
20046
7452
23828
6929
15567
24603
22288
377
23742
2012
18248
1707
7378
24050
29960
11429
11371
19722
4526
28915
14141
9372
14211
8321
21138
11343
15895
32253
17633
23420
29960
665
18825
2978
4372
3562
16237
25442
26301
16532
21284
12467
1983
17621
16780
28719
28426
6865
15530
24662
22868
26374
31392
27451
14828
1112
30206
17106
14016
20603
27579
26243
21416
26047
11168
21622
12425
10864
21414
250
26974
18510
9954
24326
10813
24335
4667
15077
20010
28996
23518
3523
16360
22963
17646
9738
11451
30926
25289
12096
12603
17947
26608
5574
15699
17328
730
24786
11434
2865
7080
3923
17019
17811
30799
11183
4223
22219
24155
21463
7342
6845
10227
25333
6275
29068
21276
1331
8270
9729
22135
30115
16230
7114
4148
879
17433
25129
8816
8450
21761
23001
22591
14751
21637
16900
24624
4858
6429
26962
13681
19018
30839
10754
4136
23209
13746
3252
9686
11735
16309
18361
403
8258
29283
26149
18985
3042
21127
30998
22096
26974
28325
12663
16831
10787
9096
30457
29643
14491
7787
11454
3785
2728
18859
21226
10729
16566
16445
12748
2277
16511
5028
9519
29334
7018
5959
3720
11296
15779
26176
15772
269
19679
28904
14887
30509
32144
12737
10579
21194
3287
20778
16190
23243
28595
5061
13458
10909
28800
5900
18888
14440
25156
2701
2827
14970
30444
8966
15492
18387
17087
22296
9343
15071
12125
9700
24024
25057
20801
23213
28455
4640
14591
17228
27313
21980
7395
11241
1957
8862
32634
31334
28528
17197
25116
15859
27378
4627
29077
6504
7258
13906
3513
2982
377
27431
27456
22041
11741
15846
26377
16711
25596
32372
11636
21791
4217
12293
16453
10450
13177
3785
2015
25197
10137
26916
28832
18887
18283
4808
12471
25313
25271
13051
9816
1207
14310
8143
495
12785
6632
3931
18745
31692
16720
12687
25914
32760
18628
3216
6754
20416
29225
1198
32469
5100
12026
16828
16746
19742
16432
14216
24660
19992
12049
12264
1832
4397
29381
6246
3770
665
21730
29094
3910
25562
20226
23205
20643
10692
11817
23338
19826
14666
838
14423
12254
19460
29880
30876
8636
28182
13244
7389
6618
5167
19924
16953
724
29980
14757
15910
31041
14742
28948
7960
7950
29897
30079
3696
10243
12801
8722
3503
5954
8219
7924
22951
16564
2550
14116
29593
26841
16081
18735
29231
12603
26357
2216
7347
2476
16360
29915
12990
61
29357
23948
17575
22991
23862
19463
13164
17299
11060
5517
7786
1569
32489
9047
29695
4410
17878
5598
21671
29789
10873
13641
8172
23961
10263
17546
29095
21643
20256
23766
11953
15874
11601
16248
6795
31179
15117
6365
2697
20567
8367
25687
23286
7977
6214
19543
12000
11702
16081
11235
6586
15158
1307
26953
32171
9922
25543
18640
7778
28414
2736
32121
16697
8833
5759
16429
9043
30167
19763
6833
8402
489
10048
31836
13141
23374
11123
22467
1429
15949
20065
7896
6460
24661
14139
21403
13752
25009
21432
10490
21765
120
7077
15947
19052
13953
2820
2096
21861
8335
15322
10105
10977
29439
27953
28903
10019
15578
11388
21884
30587
668
7882
15094
4181
5664
12672
4952
17020
6188
7554
3
27272
11036
30214
15847
20315
6473
24293
17020
2339
32108
3926
31209
1092
18469
12811
17676
20899
30661
17587
4949
688
7438
17916
25006
9258
27817
27981
13194
29121
25070
6574
3265
3543
28598
15141
20081
3753
22423
13019
1911
19926
26402
8082
20992
19676
16289
4348
24459
28759
9832
21246
16068
5355
9969
14259
1021
12884
1111
13970
19713
17812
18730
9250
1863
5401
16775
23815
12557
3134
1382
18859
5838
1971
6102
16186
11626
16984
27096
8861
16585
10533
2934
6539
6316
593
25672
25796
16983
3835
21676
11397
9694
18623
12530
6521
10139
30151
6779
16264
17455
8967
20409
8915
7572
15142
31648
4145
8597
26592
17189
24976
24679
14408
9995
30262
11741
13375
14365
8281
22515
25414
22392
12784
8754
11609
24119
9057
27046
25048
31431
21827
21233
9735
23195
12012
17465
21933
10666
32196
511
19015
11167
31297
30393
3103
1433
14712
13903
12628
8240
26811
31899
29969
25421
11618
17380
28787
10948
25889
10105
21466
21705
11637
7006
31228
22517
13936
18216
15635
824
3015
2321
25536
4508
29954
11775
28117
1211
17932
25584
19370
21429
15656
13298
32755
1888
440
4949
952
31916
10861
2951
3221
26699
13237
32474
30231
12064
31941
4500
21770
18060
20791
8632
24272
20605
2696
1295
14864
18192
2311
27889
27679
9424
1326
19360
6193
30434
3259
2580
489
9424
2348
25195
9051
21284
5797
20680
15982
18464
2223
17042
17432
17163
18802
13139
17444
13722
19599
6467
14528
29167
8369
6233
19800
6822
18782
280
30259
24811
421
14246
7627
18592
14692
5067
6873
25249
2541
23938
16933
14483
29436
20235
375
29280
12421
12576
19041
32764
21219
23493
16159
21451
29825
29083
8259
17403
13740
28746
22525
114
31220
13476
22135
28749
6165
12267
8955
18811
25995
9874
32548
22407
11767
30699
10376
12802
19609
29033
20566
31095
6916
16970
18004
29001
18456
20202
15804
23454
1661
15668
27231
18925
11763
401
2292
31204
6310
29427
1978
30313
16886
21723
20029
19273
25122
30883
21207
21113
9763
3481
23720
17511
25667
17411
22007
5641
31835
30180
27626
9405
12445
25071
20481
4287
2410
18091
11922
10865
8192
5248
9267
19159
5202
23486
27375
13666
23528
2594
7258
6674
24300
685
2549
26248
6187
474
12232
10647
15247
24622
7846
25073
13814
1537
19112
31540
13541
32688
14779
362
2326
20566
7
29986
16002
5454
1416
31616
26405
23759
25772
7335
26223
17291
7587
27554
7845
4453
21361
20427
21430
30928
28695
18461
1603
29515
27114
22187
13254
15411
28052
26134
20250
28942
28310
23702
19784
30606
19249
7098
6780
5791
20931
2186
29930
28151
7504
7824
12816
2629
28002
5935
15317
29609
8028
2407
8573
20450
19412
8662
9878
32060
19205
28543
8178
2051
9617
7539
17273
25051
4211
19513
28953
24728
30410
27514
13830
5500
10557
16824
22200
1999
1382
11127
18905
2323
26282
20555
5677
7118
13547
27603
12607
16411
23748
8398
29909
8413
12518
31969
14200
29557
16441
32134
15470
3293
19102
31444
15094
11882
28115
31055
1266
30187
28715
27500
8878
2144
11809
11106
32736
538
9644
1110
27103
22083
4368
30853
796
28989
9433
19419
24774
16090
855
31670
12312
7657
28737
24587
9295
31410
2158
6051
9560
4161
16474
2627
4060
30958
29825
25753
20594
8611
7317
16154
5219
8856
30507
25734
16133
8303
4089
25632
15013
17535
7385
14419
1816
5958
20093
4389
20752
9696
22015
31046
1253
1990
1149
466
22713
3278
23209
14803
9765
29515
29949
18490
3608
30481
17445
31242
19730
12286
4165
28964
14819
1415
8106
11212
3879
31227
27948
5072
26430
21835
22986
4507
11467
6383
17603
10646
31306
21951
9368
10915
1237
6522
15904
29151
7029
31173
4593
15603
6088
4945
26683
11744
3032
19875
11906
32524
11210
13846
6268
16217
16019
17598
14516
1925
20752
15241
17000
4407
1772
16004
30562
3894
24521
16001
25188
25123
2620
12173
11895
13265
7480
5895
31692
13100
23963
13819
5019
18315
16031
5615
14666
20418
27733
28149
19449
9540
17308
29493
28975
7468
25360
27546
4323
18126
18922
21319
756
8224
19363
1003
31265
27270
19092
30828
11625
3056
24463
27334
9836
21865
32054
3681
22684
2350
24343
734
31991
23828
32147
24232
7174
3374
9126
4201
31910
13825
6794
32667
21816
8437
2197
15562
19150
23102
29565
25609
24983
15221
20706
22377
22801
18802
4545
22972
2766
7609
5480
3966
13926
16343
31708
1485
1756
30492
11789
13501
8446
24883
7172
8734
10123
18513
6541
14947
5349
4935
22218
4372
22888
2421
15698
3756
1393
4022
19135
1483
29358
16994
32721
5825
32501
13478
20135
32504
5933
15246
16051
32227
30280
13660
29500
17345
20885
12999
18123
4754
19812
4489
3402
17404
3943
27803
385
24722
14646
26363
16674
15365
14631
24633
30732
7141
6236
31452
19838
15068
28855
15437
7861
16932
7688
26366
28000
2497
7392
1816
30693
1980
1364
31433
27178
18231
7464
30216
13812
27703
14030
14938
9162
23014
23350
29810
15569
24923
22465
6887
25054
22622
21991
24527
11499
18226
32498
25782
14658
24603
20704
16469
11484
32098
21419
17734
20662
12668
29505
24601
14899
5470
8689
10830
6521
10745
24377
23012
9391
15128
22092
25862
14071
13386
4634
5939
16625
27311
16561
27997
14541
22254
20660
10361
28565
28759
8260
6232
28644
5881
29763
32649
19681
8966
8770
27006
11481
59
30247
10508
9292
18774
22776
17341
21688
9368
14276
31851
5321
18153
11044
29282
16975
11179
10972
8877
10785
9348
32448
6377
9002
20122
2503
7686
15337
7394
2166
10879
21788
24370
30212
18411
24804
25583
7277
28115
5020
9837
27124
26812
18924
19872
4186
19523
29736
16109
3161
17443
12029
14704
6627
11550
20523
4089
22799
3183
27916
19663
29322
25408
12644
27424
19266
6930
32160
20983
20032
1671
11899
12375
15882
20837
24265
5518
21274
4794
9758
17077
8726
2426
26546
12509
18892
4825
7867
19693
1337
551
2439
19249
10441
17659
32142
7403
20386
19938
32492
28602
16673
7983
8612
13374
4996
1500
21925
27119
5354
19401
22291
24488
11765
335
3637
31619
31593
23342
21004
26848
31120
4723
31977
28036
4763
16010
3600
26368
593
23591
11734
25595
5611
8368
16188
17327
19043
29231
5445
6228
28058
30248
30922
22660
24791
8047
26257
26643
1224
2200
31651
23491
10465
28844
24090
15009
29075
15409
24965
3433
5606
20720
2562
12538
5074
26914
3900
32727
20675
508
28863
14295
9234
29031
26875
30548
29450
21839
29099
14021
28707
25754
3720
19015
12267
8265
15543
23061
20158
25686
8051
23429
14190
21323
6468
6908
20222
21919
28862
9579
18513
26716
5293
13379
22191
19991
30265
17222
24350
31122
2794
25870
21705
6543
11377
19952
1997
17593
4936
32208
1848
17964
10851
29296
14771
20267
20281
29365
2370
27390
28311
13849
29483
17576
11556
18599
28413
24717
7792
7814
17292
30154
20974
15903
16807
1235
5110
12846
10600
7938
26196
22864
15198
14879
28984
26690
31736
10397
6787
21679
24011
31449
31947
6305
20441
29135
27569
24558
14081
30086
1123
16554
7792
1397
30347
21386
12425
16973
9117
25992
8037
22242
18627
15934
30282
20346
10856
20647
21853
31861
10784
23726
17923
16140
30553
13377
23989
23336
24841
18340
5676
25610
27404
1629
25904
28884
15919
10799
6319
16552
31562
26164
1420
29234
29717
27030
19400
29014
1069
19456
13766
11007
29749
6783
18659
21516
9116
8052
8396
26124
25598
22565
6434
17063
32516
2996
11665
10403
16973
28879
32304
15629
22806
26567
6228
3391
22140
16167
20139
24331
9517
24659
14222
9621
9075
8603
79
6251
28670
12267
18624
26600
20485
10768
12572
28936
1154
16201
4907
5972
12902
30214
22384
12670
26922
8997
7324
4000
3280
23022
17646
13781
21236
26047
496
27732
20293
2128
2546
7866
3556
9455
2068
14162
8996
24567
11486
25438
28121
30836
16621
24746
1323
4191
9082
30721
22133
24887
12543
24739
11719
11928
13592
27024
12716
13749
9941
18616
1225
31076
19488
27976
16044
11145
21749
16176
11107
17313
14522
29644
12350
211
24888
31093
9103
18265
29622
2208
26199
8725
24286
27863
23245
29267
