25565
6943
26069
23776
6815
24602
2764
1300
16101
880
32345
22585
23545
25004
2587
5853
10939
14204
24455
29742
13017
6891
27232
6260
6933
21189
9104
32037
24455
19149
7501
30555
9416
7874
3355
15360
25254
20960
8396
1018
24106
29781
9383
244
27391
21084
26120
21503
11063
25326
19293
7491
19888
2754
1401
1102
22098
26305
21631
31818
32727
19913
2791
7268
10749
29412
4563
117
11348
977
24877
3927
23672
8096
1234
7391
10201
23540
12229
31556
1594
27750
22786
26447
14999
20481
20264
28762
25024
8751
23936
13347
1303
18175
24601
17242
29366
15578
18288
18366
24217
17811
26552
11094
26737
11442
5807
4221
8497
18576
17112
4199
5377
12805
17206
19517
1135
17076
25691
14826
29457
14527
12905
14558
8413
19641
14342
12163
29800
3662
18745
4467
18613
1331
1795
7564
4992
30163
6164
30656
11276
1654
21507
20992
19942
1092
14779
27043
29165
18996
15751
4979
8949
16890
16722
6074
30646
30139
30130
14103
6444
18426
8773
14389
16884
12518
2770
5777
13660
32580
1149
31000
28425
723
13336
16920
30950
3115
10598
6989
9
7983
29372
13575
14564
21976
29777
16437
12889
3586
32265
20376
21013
12367
26889
6390
23921
18356
13546
12031
9132
12781
986
3174
16122
21646
1230
13715
30999
8925
662
30601
7176
28068
21545
3206
625
32141
4276
25621
16803
21971
27588
24231
20599
28354
24480
14483
162
13935
28415
20501
24064
1501
13856
16222
760
3395
18299
4733
10490
27159
16595
3510
26746
24312
18855
17316
31021
20616
23440
9283
22070
6493
623
8460
17581
30134
12571
11322
16180
16334
7343
19573
13139
23254
17658
19409
12280
26800
20625
3219
17998
24367
20003
6431
29683
8989
750
7853
10562
25992
32030
3714
17444
25297
9605
30552
22930
8972
17707
14906
26395
29258
2217
19916
24332
23466
11663
10444
6278
18105
29183
27957
15
5408
6238
438
29723
16130
25390
8812
11009
6309
7018
29289
28352
9531
28293
9852
22560
17404
32265
12382
2696
4493
28226
23237
29371
32483
15883
32145
5320
3155
24383
19109
24282
1559
5365
250
31548
22048
9184
7409
25115
3234
7544
22649
17739
2208
28206
13695
19568
10779
2629
978
31781
8147
12232
18588
21773
27060
26196
14268
23323
27213
10095
1803
3718
17134
22886
22412
20675
3952
22819
23820
28521
508
28834
27379
13422
31975
22380
20571
22177
10240
15929
22183
10071
4284
28717
24340
14422
14926
32006
27829
1836
11941
29647
15834
1856
12199
8942
23649
13403
2749
23098
15079
17018
6924
959
4579
31855
5769
22961
18481
24182
13014
21757
23803
14650
18913
938
17719
31112
10958
28830
17735
31965
17039
30742
12431
18755
4463
20169
8399
4922
3710
14663
13782
19377
4054
27374
24123
10651
22379
1179
1715
31105
9190
28967
1691
23297
15867
23172
27286
26064
24561
29875
25631
23019
1164
16682
30644
8113
26102
8759
985
27791
31393
401
7178
334
32282
3289
11199
17548
26521
12895
18559
11705
8135
28285
6519
10229
27821
31271
15137
6561
20260
316
20132
18543
5063
19566
481
10947
16217
7510
8020
7013
16581
31101
20259
20496
2689
22238
10250
23503
13206
4886
13771
31624
27655
477
31240
496
21175
15110
24513
10195
14658
24905
14805
27854
5953
1526
12079
29908
21441
30096
1113
4348
26468
6985
31344
8351
21500
8872
26368
32194
31455
27612
186
484
18126
11368
11029
13891
5570
15228
26435
9897
18050
19212
16261
22432
6666
16163
17931
21010
28762
30941
12123
18601
9845
3637
26835
8462
21321
32160
18982
15894
18804
14203
8533
12585
20999
30043
32019
3603
14634
10836
5258
18653
650
20281
24425
17137
3990
26339
25981
17264
13436
24227
20956
24485
3958
24873
490
20785
6412
2774
15632
7804
2256
23187
6379
12919
31560
21696
22193
9457
3876
24622
8221
11026
20571
16734
18169
16999
9390
28033
30834
13154
16975
1743
17481
17323
24779
21218
19855
7700
4139
19075
32308
21598
2034
22502
651
8671
28705
15508
22116
5453
11917
26273
3503
1685
22047
14275
338
2033
9280
10686
17073
8230
19425
26089
22516
4439
10387
4760
27355
4028
11642
18875
24266
17378
28748
20501
16071
13355
15459
24458
8739
26301
10449
31714
22579
8367
29399
14977
3909
7635
11031
11879
7663
22931
26206
369
29103
18122
12583
11270
1738
4273
3732
21405
1371
16096
8348
5603
17319
12555
2451
16914
30425
25306
31694
19264
2894
19623
14868
11631
866
28620
28300
18762
25257
5208
20799
21215
26758
24592
2671
13187
13516
666
8240
27738
15814
14019
26084
10097
2224
30959
14092
14634
7314
495
11553
9662
6291
7105
18132
20655
12610
17194
21621
9956
24713
30470
21808
26458
6779
10196
31261
12613
19161
13138
32764
8039
32441
30659
20459
61
18840
20618
22062
12354
306
16897
6426
21090
24593
9244
19150
26912
25053
17793
18071
6195
1692
15847
18099
27610
2195
7894
16227
12827
22982
7869
19388
24632
10372
9876
30414
8756
22337
2329
31505
23670
7174
10257
20355
26851
22437
11855
27949
20558
23459
29286
9493
9410
6567
32242
25662
20918
12645
14511
7979
5752
22107
15724
14140
8034
2277
16560
13392
12017
31327
16564
7275
4787
22504
29703
8515
3726
24123
4781
17037
23558
20759
27579
28402
30758
15745
8442
16202
18927
11571
11033
10642
2227
29012
24601
26498
11732
25647
5199
6410
13566
15658
12965
16530
24640
23140
31226
10816
1177
3416
15125
8248
230
20593
32608
16365
1159
28381
3211
10088
26621
20977
20874
22710
20568
29452
22588
27021
32724
25530
6611
10732
30647
18413
28118
11741
11707
5888
10056
17824
23691
351
16582
9462
18646
11890
24441
19010
27123
5614
1919
17607
15853
21438
13042
30303
5752
30452
14956
10404
26318
8188
32748
4798
8745
29573
17791
20075
30015
20880
26666
26036
16338
19491
20627
3223
20698
25957
1709
32400
15772
1926
15276
27789
25979
4594
22160
11271
15328
19034
4952
14451
14525
18888
7965
18680
26334
20614
20214
14043
14553
26789
203
15091
20856
17732
13628
15034
14523
10911
29946
8628
27743
5528
1253
3968
14893
7946
26311
26246
10536
8515
23026
20795
8703
4335
27825
10976
4997
8177
21300
9142
16237
25736
30788
22774
20924
17368
21123
19399
17289
12714
27185
27964
9284
17426
13803
7612
19121
32387
9756
18957
23709
6994
17354
11892
29923
1528
3104
15157
22731
21073
1546
9508
13732
18551
11793
10583
14578
21105
14603
14569
30034
10086
18381
7264
10603
23015
503
14715
2196
21002
25761
21178
22464
18742
8276
11245
4220
5852
29038
6846
20011
6646
1499
10057
25721
25281
3230
11259
6291
10564
28396
32457
3817
721
6563
29119
31469
31427
24182
28409
20130
6642
9739
17331
23287
17530
27548
4557
20479
13236
16432
23193
7629
18822
13617
29210
23666
30507
18221
31500
1306
16729
27304
27192
10356
6705
25314
9580
3440
25924
5674
26501
2747
18841
31296
16783
16902
27030
11309
32760
14428
20995
4802
12862
22849
23070
14651
998
5609
5852
4277
2678
3934
5807
3422
21320
20052
9362
2981
10656
29290
17706
8736
13138
9688
10533
27078
7911
31581
29734
15895
9326
21072
9534
10481
9804
1261
6318
5656
23324
21691
24613
26504
21130
5945
23049
21526
17682
29212
17530
19796
4795
30897
25769
17897
7486
7052
17387
10588
30450
19822
17443
31671
31133
1803
8611
27
4481
26580
25045
13893
6999
3539
15965
2836
10898
8555
18563
17777
20450
8129
28336
5849
9500
29268
3433
12470
12215
19996
20056
6642
15825
10329
16114
22235
182
22853
4419
29500
7965
25372
29086
28939
23466
12823
17276
10016
30945
21704
21086
28749
913
216
16342
8322
27897
29263
23191
8188
2815
5411
23859
26904
24641
32358
31037
26469
24781
29158
23939
7320
3946
8470
19549
3214
30718
2769
24836
30569
11671
14209
11161
6069
6720
481
1563
35
19923
13167
4251
29935
13056
7957
14838
30482
26333
25889
12169
8887
25363
18723
30295
4474
9903
30427
17478
29019
14741
11632
22280
513
13003
30844
25218
26643
25104
16173
23196
24180
24182
20666
11697
23672
6261
24682
3731
6913
7734
16426
10215
3038
26273
1082
15278
16849
7767
7221
10036
7506
17107
21045
22443
23485
820
6725
26520
22696
9999
28042
15065
9665
21369
2963
2710
17262
7719
17078
23817
13605
13281
21259
8671
26233
19023
12951
7792
664
8329
21097
15546
30630
30500
14215
13357
19931
2803
6695
15433
12579
19443
30922
27628
5560
11242
22575
21153
5001
16697
9534
13286
1950
27836
29752
19027
22524
7732
5682
31225
10346
30381
2611
24769
22589
21458
12966
20844
11439
24356
29714
255
4862
14475
21135
22825
15605
16938
3209
5488
18771
4727
6060
23320
9948
2452
32450
7361
27246
2455
18402
6485
15323
23611
25317
27941
21701
2249
25930
2625
24834
26642
17525
5155
9955
8211
28436
23916
1553
7649
30946
25365
15629
29456
23500
25942
11798
28276
10618
17319
12567
4113
8979
865
9161
1289
24640
10357
27738
14733
32638
30133
3205
14875
1042
4489
1042
32403
9324
29207
31289
22055
16232
6965
30933
16062
2519
18444
18474
1664
5993
4226
577
20101
10039
10551
3817
4832
28920
32688
19025
24598
28597
1285
16207
111
11764
14769
15549
24263
2169
5981
8152
19651
29855
7998
25583
9570
2258
25428
18012
27276
24618
8207
483
12983
20305
5998
3697
19286
22156
13797
913
20317
6215
4229
27134
28028
7167
15763
18455
10458
18760
24115
5907
14883
8447
2304
7052
15270
15685
13347
14683
17654
15022
19556
878
21986
3636
10718
951
4764
1022
29091
14185
4884
17630
7746
15677
7202
7660
20378
16214
24807
12499
3923
25957
986
1710
22096
21804
2051
12555
4161
24304
1979
16712
32504
27089
27160
31053
22330
26931
19720
28220
18728
4390
10041
23905
17367
32330
26724
17085
9682
16045
9755
3320
11091
30622
26098
13546
3137
17963
32685
1426
23890
32356
5023
300
13736
26096
13773
21640
1824
8460
26446
21456
20880
1506
4132
1367
12068
7704
31475
9971
22010
24203
17134
27442
19146
23433
16347
27497
24767
21792
23791
8516
19318
23184
30378
20098
27391
15604
31658
4131
14514
2287
21297
30546
31024
6526
19342
32038
8714
29632
29120
18000
27372
26755
19092
418
31990
20965
16160
5298
27815
9488
26809
30215
4198
24799
9694
18996
29537
11808
3408
20619
375
32549
31448
10788
17553
21335
16428
11392
9923
31674
16575
164
24023
504
2472
9806
8064
15517
2419
13997
21190
5033
25989
15422
20213
26780
901
15920
27669
381
24065
29038
9597
20203
19041
32300
9865
18354
13733
9188
5116
21060
4888
21168
24766
31834
16546
9643
10095
17655
28140
24729
7832
20486
5084
2932
11834
2479
1388
14071
18486
9715
13615
19656
1345
12605
17196
12586
6729
24167
25855
17825
31045
28075
16012
2664
21941
574
24584
848
21370
16060
32133
26274
13602
312
13448
2550
12587
22112
29498
612
6995
14988
29643
13530
3358
19175
20846
24211
22857
9093
8638
26979
11082
20963
25478
7038
17780
28273
1612
2462
10531
22552
24680
10703
2881
13366
26273
10514
13962
22214
12743
13086
20485
17369
5451
5376
22597
30248
5217
3626
12175
379
22225
23925
19629
10570
3593
7358
19106
2874
22605
17675
5481
28962
17850
3444
1792
13130
7354
13643
32198
3670
23233
2961
8260
9496
2854
17171
19895
1893
16815
1884
28107
29780
3983
7086
1791
27775
10401
1069
23564
30099
21115
13117
6674
24035
13286
1596
30564
29681
8766
28518
13612
3628
2720
27813
8090
22817
13207
15214
27578
15015
1990
4899
3169
21068
18513
25077
20810
2958
29586
7452
25376
29834
26135
8052
13031
6922
19391
10850
14136
32409
9067
29240
31431
31355
30622
26635
27968
10921
31509
20056
17827
7881
17372
19660
8391
15484
14886
15130
1783
142
14758
6353
25389
16698
446
11198
4711
22458
18649
27329
22713
8067
1472
20498
4278
26087
24832
2472
7531
3647
32359
15441
6011
26929
23813
7422
2413
2844
109
8062
10824
2820
21185
23089
25483
32337
18660
16054
20731
18573
18690
21498
7916
23498
20913
30350
15850
3003
22766
17097
17985
5094
9313
14302
11556
19948
4931
16552
3717
6306
29816
16909
16551
20392
26268
13407
27666
24990
9060
20016
20040
31357
32091
12145
22126
1415
14854
3321
3093
1243
31422
31817
18037
19564
32437
29742
9490
1296
7716
30052
17400
2686
7411
28586
23053
26814
17739
28825
6226
24100
25922
31860
25627
24865
24818
22379
20761
1211
16436
25687
21512
8685
29885
21456
22363
19578
1182
31351
27147
8425
31867
16387
11912
4356
30537
3372
7403
20023
20121
18535
11192
5765
20819
24305
16169
20557
12780
13014
12218
5846
23171
2802
24616
11594
4095
31499
14746
20938
20176
27133
5968
15392
2190
30720
7018
30221
167
30022
1857
29805
19828
17639
21558
20326
22641
5477
30798
8787
18545
10629
30963
19956
4760
26613
23450
4741
5238
32037
9843
27010
11432
31629
9035
12576
19473
3765
26873
23194
2453
23758
32512
1937
4892
24571
2828
530
17700
3906
26927
27436
28758
26804
23260
24122
2202
1278
28280
11963
13102
14781
31198
5723
20040
3017
27778
4617
26578
24143
18504
9163
487
13470
16288
24603
24729
12543
27618
28486
1106
24986
4488
6715
16233
18345
21964
31626
24877
1425
14410
18401
14646
17969
4767
24612
12092
24487
6054
13127
8823
29792
5643
1748
28289
4730
21632
21757
20237
13570
29005
16336
13511
10551
5866
8714
30301
2319
30265
14861
26419
27760
24647
4401
30281
3504
23547
202
9114
550
13222
3799
25741
12465
29857
9594
19047
29295
8824
17048
21061
23491
8704
19997
32552
29740
12278
28754
23150
11166
14505
3153
18658
18035
30009
13588
32702
17942
27792
4982
31639
14110
13292
26796
10406
20475
8871
8079
11964
31666
6832
23270
30815
18558
3593
10269
26216
23571
9376
16813
25951
30617
558
15660
22558
30025
20941
17529
14588
278
28365
32053
21034
27009
28842
27027
27885
3953
27140
24381
18129
29303
13422
21003
31794
26532
25872
13075
17573
30150
24881
3713
31966
32437
23922
14225
27642
17913
11894
29791
17876
14025
9121
21376
12752
30967
20121
22271
19139
27338
8207
3107
9531
31894
2989
12687
32079
1201
18508
19290
13033
5994
26129
8700
19568
7804
12237
25025
2851
22330
21814
29385
16797
21850
9717
6384
41
15186
10032
31245
3962
28219
13341
14609
10743
22964
26860
6122
24166
10674
1083
4416
19778
26190
18786
26754
30859
3939
30973
28285
3885
5112
8885
22942
28733
1686
12320
23307
28892
13122
26909
4985
11097
6861
11042
4876
6498
4530
1981
11327
6630
3152
3735
7699
15942
3436
24237
3064
9007
10987
930
23471
1187
15061
20090
27498
9329
15159
16754
40
28455
3064
460
18856
31779
9284
16466
6778
24811
10314
12235
31210
17615
13493
9381
29779
9769
8425
18819
23786
13406
18205
6623
7883
17983
9680
10932
14956
12202
24626
9423
22222
10223
31189
20913
23126
26252
5849
19767
13210
1005
26691
10074
9769
6042
19276
4995
18003
4848
2335
6425
29347
20703
1200
23662
32580
2735
3692
641
13015
31917
3999
25374
27419
24045
15885
26546
9032
30282
4557
30943
9084
31268
3009
21918
10753
28933
8216
22770
11005
27011
21912
8420
2858
3979
4175
28903
9776
16859
17121
31137
26364
300
17962
17667
26084
7032
1958
23120
3353
11316
14483
25719
7876
770
22190
32227
272
25018
6998
19816
6974
13026
24679
23902
27326
14174
19208
14788
10075
27669
8485
10765
470
20874
2007
22655
19516
13963
10700
23416
31000
23380
4837
20574
1103
9237
9570
25154
7498
17131
3132
28720
13651
1057
16349
3425
5899
6565
21474
21795
18601
728
26577
9638
25801
7949
25015
3150
5423
29732
5449
12388
20075
32500
27648
11880
24195
13593
21380
11491
8548
31980
5316
1205
18847
1397
31419
11438
1764
7107
23348
26990
27680
21444
11408
18608
18983
8583
30654
3505
2722
19315
2044
29320
27557
27075
19867
14136
2146
206
29148
19499
16204
16675
9752
10656
697
3509
9072
22405
9143
6421
24896
27455
19286
21052
9254
29575
19328
5226
23879
11405
708
17268
18443
31794
24612
3200
30722
2667
20466
20671
30714
32579
25461
20284
17615
16142
30805
18224
22785
6878
6676
21290
13198
267
21136
14205
19678
11025
14055
21681
21157
1753
26284
32061
23772
5389
10274
8044
9165
7744
8212
10109
11784
22016
29657
65
30407
15244
13546
17668
15705
19498
5242
10510
7043
22979
15860
11585
16249
21234
25954
18094
3735
30910
15327
31500
7379
14971
10580
4050
25460
12358
27397
15981
17143
8310
29028
3534
5708
9081
32115
11221
144
4117
365
29189
30332
3451
23017
1939
25409
29636
8772
15905
14809
2394
14356
22725
8827
6042
8505
18525
4124
27604
27764
29827
711
10279
19253
20332
29721
19524
18616
32471
279
18544
27785
14763
12433
11791
2419
11672
8409
19377
4249
30659
24636
11725
3894
21755
27960
18523
7373
6072
29382
32336
27815
542
16941
29401
16194
25233
18399
18659
24325
4690
4798
10150
23906
8523
503
15744
17483
20260
31890
1406
23327
7237
16387
10543
8104
718
24439
12450
8023
19135
4703
20183
21452
8790
4455
15150
4934
3890
30046
3924
3305
26254
13610
1510
24072
11325
4985
9944
31032
29198
16923
13420
30039
19493
27813
25067
21352
8918
15020
9741
23043
14078
2987
15021
23985
18843
8534
14312
13641
5344
17273
25052
30073
4231
20823
31171
7923
3995
16229
7983
30486
26688
26017
1534
8179
21638
24744
3204
27795
30401
18819
23663
17500
12329
31698
18934
29043
26479
27403
24665
19305
14337
214
15621
25772
13014
14467
29371
3978
29682
21387
27684
24684
9296
18310
27209
10238
20612
18978
22993
32075
30733
28358
14518
30925
6208
27071
19432
17015
13002
12704
10243
10322
22622
21963
13463
32439
18460
30150
30155
10468
24726
19284
20351
17982
11900
2570
25325
26321
21275
24416
29873
21704
28873
24878
15475
18
29830
16769
8750
8599
6046
10822
11779
6699
10778
17499
249
8993
1833
17950
13293
13785
28089
23045
7151
3334
24965
7751
8763
851
24458
5993
14009
1727
6582
11476
28158
6242
27936
29251
15603
5895
31831
2880
17570
12649
16754
29219
4213
5001
21761
1007
28016
30834
15390
4356
21784
19224
21649
13874
24099
8836
21685
27666
18669
24199
6030
13997
23324
13646
22079
32148
23183
11099
12834
31503
29858
23653
2890
29851
3066
7272
10762
18403
19425
19704
1766
11173
7273
29651
27717
31038
595
16122
18379
8065
221
24358
26796
15734
19185
15810
20328
21955
9220
21446
15806
22342
22303
4336
7450
25134
789
1918
3080
8609
28821
7995
8489
26035
32537
26437
7012
8346
252
20321
14826
28198
15114
20188
441
27422
9530
13158
15288
28992
27359
6336
9257
22846
8421
16538
28613
4513
3758
7663
22064
2310
10147
6293
8749
2719
9375
26589
14066
30055
1071
29330
32682
12008
13671
20060
7441
1547
6156
30635
8264
32397
8449
9257
23219
29738
13817
4143
12438
4530
25489
25533
26390
5152
31280
1857
26198
21550
23103
6633
25620
8157
17422
12665
21087
1476
24613
28608
29897
30248
30400
397
3268
29247
20315
7574
9881
18922
19587
20213
29250
28440
23616
3401
3044
17378
31879
14384
30154
19935
16195
26219
19247
12553
5551
22895
15807
9516
10556
16822
25524
26639
23866
11206
31854
23259
15353
4343
3768
10544
12760
2964
24918
5672
20776
25821
7816
13267
9205
20244
20191
15289
10696
25408
16807
27091
26802
18408
10698
18576
6308
23075
756
12387
3503
9274
4556
10103
12617
23270
23706
15414
15916
32453
819
12768
8402
2031
12284
5963
23689
25411
5243
20053
24118
25405
28031
20396
31693
5839
11409
5618
1200
1822
31161
5959
21412
25045
15305
19405
7422
8962
1171
4615
11003
2441
14019
32042
6357
9526
9983
22234
10040
5365
13114
25123
2629
23339
9764
17704
26529
13289
17027
26291
4852
8735
26500
22927
29855
10231
6940
3382
32580
3706
8070
16283
10002
18467
10502
30550
22853
7513
5464
4342
10008
25883
2086
13222
8253
19561
8023
21756
15064
29568
1933
4896
29453
8465
4849
17301
15673
16744
17570
8751
24324
13893
8867
16132
27119
26589
2447
19586
10930
24604
32037
13779
1995
21174
23050
25742
20521
25433
12032
22912
5848
7054
9364
4627
25415
27488
5817
29508
6260
11594
7025
21265
15899
8457
31085
7136
20310
26878
11436
28480
11203
24081
31234
28442
26293
6704
26728
15807
26158
7406
1662
28135
13404
18831
5784
31415
18082
32088
17102
6997
7235
16223
13856
6956
9825
18746
20050
6509
29059
418
25116
25211
16138
1471
756
2902
25795
31240
19266
10281
17126
20443
28682
21461
2126
510
27925
21084
16489
20416
27005
23218
32192
32683
26192
20996
12679
23174
28520
19710
30329
19032
6344
6135
13072
3563
25227
18694
1180
18598
24233
18246
3783
25647
29130
21841
25094
10210
9903
19949
22563
12640
24818
22356
10529
1799
1890
31652
27067
7183
17355
7711
9793
20194
12002
16179
28025
21608
13707
25600
22986
5217
6012
6525
5357
31427
19546
26060
842
8748
13052
31646
6260
11133
27557
27073
9533
28683
15695
22236
22935
4083
23129
23459
31152
16062
27103
26130
30512
4887
32179
15875
22373
122
30152
15322
13588
419
9355
22866
15055
14038
15808
12026
18053
28412
4231
15504
15169
23612
11214
9976
12229
2748
4051
4871
23333
8717
13321
1342
31735
29280
11687
30233
1267
11246
28433
1828
27900
24373
25030
26099
21925
31504
6439
30536
22290
50
4038
12421
11139
18837
11248
27225
20386
21785
2086
7575
25879
5497
25197
4240
32061
32109
15006
1395
31499
17779
19643
21990
6568
9364
17627
18272
7479
20033
13256
14784
3030
17883
28281
91
11858
22412
22352
3758
27656
12501
3361
18699
14996
8292
21284
32701
642
18744
17309
11303
599
28077
9241
15122
21230
24816
31569
18858
23136
1411
9672
13918
5610
26391
28195
24785
31145
31867
10705
13333
6824
14927
23275
20417
14145
23723
3682
2944
14891
146
12006
20233
9560
30855
13921
27359
12173
31163
16998
22129
24715
5417
27071
13002
11165
11434
6366
23163
4337
3069
26750
24012
16393
20718
2425
9672
15020
8439
29028
7255
17185
19632
2496
23905
21766
21264
32128
4032
14752
31243
12948
23082
11390
17230
5180
17061
4496
21867
6071
19006
31716
1884
1055
24726
26495
2262
29609
7501
29322
8136
18243
9454
17111
22014
19342
10200
388
17574
5943
16078
7175
23492
24913
19257
25671
11398
15096
13495
6832
21759
1680
9680
6610
25612
29867
18989
3083
25492
16912
23711
4429
8554
791
31910
5742
26016
3119
10056
3211
18622
28307
5337
22243
1823
23382
11648
19387
3009
27507
6365
9862
17379
11692
18065
5299
17210
17109
23556
17996
26452
25290
26132
23292
11082
21333
19220
18130
12279
21167
239
31474
30250
29916
16877
23597
19850
16085
22589
15270
25673
4800
16298
21894
2573
31533
5877
1879
10141
30865
16955
26739
32001
9785
16262
10587
14772
1384
19691
12803
7375
32282
6231
19869
11501
11828
11954
29624
4822
17761
3610
28352
20152
20725
14768
4664
20284
13052
25483
30913
28739
3354
27236
1468
8260
10592
4852
7391
13736
18749
4121
2593
21191
17772
2106
30167
17066
18433
1443
15538
4196
24244
17653
24097
26888
21334
32285
24441
22540
18905
27335
27403
20025
22150
8862
21290
3903
5176
7173
24320
12664
23686
6643
27926
6188
7868
76
22714
23742
955
16045
6638
4193
6559
19120
15660
24429
7254
8805
15413
30037
28764
31523
30755
24595
17680
24931
30422
2663
8357
23722
27773
8051
1217
21625
3978
22790
14519
6429
2371
20690
26597
15049
4729
28142
25327
22933
4733
29926
23114
19928
23638
12407
30464
29950
2204
1433
22422
31993
29615
3573
30554
24985
8648
5395
23649
4510
15891
2225
30548
22424
30333
18645
25894
21367
31494
7608
23712
22634
15432
21886
8304
21548
20047
18261
17000
31240
24364
24865
30606
24704
5142
22535
4053
4282
17943
19642
32456
17788
2993
28305
19198
10435
18497
21296
5125
8636
26922
29358
13937
30690
19881
13881
9604
13173
5671
14246
18770
518
8363
31507
15695
25105
6985
2665
20476
25658
14650
25503
9395
2829
11160
12677
22708
16180
14450
2590
22158
20177
17508
9295
1625
3716
12641
10161
9027
14287
9934
22226
17057
8452
22351
15719
1694
11996
11755
20707
2618
15607
22157
41
14753
21790
24856
9681
4862
15103
5755
14444
2830
28252
32304
17069
4886
25528
1701
1925
29902
19721
24940
10242
21507
24026
14338
10914
11953
12981
24226
767
3032
28503
26892
18940
5477
27639
27989
8650
6992
25733
8218
19747
28761
15178
21722
26141
9417
20915
30489
24740
19286
12663
18016
9727
22459
26554
11626
15453
22212
2040
26985
7661
4002
12787
1614
9760
19711
21736
3996
2782
9849
7711
16888
15652
14153
19366
10751
31010
28199
29320
24813
16498
12614
10933
32401
11860
18323
13810
23011
7523
6845
2930
17139
7211
9530
13808
21357
27297
19520
22701
29692
28220
26913
5324
14755
17973
26095
2263
8011
16018
1319
6994
25117
9006
19578
9942
804
26052
27143
7727
23199
10273
26016
11093
11235
29160
27378
23866
15722
15863
22123
24773
22818
6725
27017
28702
5880
20874
923
2483
30104
2882
30072
27230
7523
6191
26202
15895
3961
8754
9647
24086
13333
2267
5262
11775
28471
22631
1251
5786
11229
1199
14627
30081
3537
28460
20637
15239
19405
23530
5307
19858
31313
14614
29523
9836
15424
26256
11518
2298
7237
7857
20906
10666
7727
31884
7711
20808
29531
3397
19648
4671
16992
29179
21728
4047
11459
27220
3063
15177
24972
21850
11770
18004
29120
10934
23140
12408
27991
6876
6972
15287
13516
6131
6232
1321
28123
5403
19573
25620
32640
2356
26246
16133
15292
1824
1628
16674
18789
24217
19464
27343
23792
24031
3262
26447
13941
29496
32468
15968
18548
27572
20460
13483
8611
386
13802
13573
10917
27226
31962
573
18897
25586
27438
17940
8809
23756
1953
4844
31939
15033
2460
1917
24600
9123
17739
25117
5032
22365
23271
5179
20717
16176
12241
1865
31926
19560
24276
819
24372
6874
14654
27352
12016
13342
16297
3591
3114
21459
28207
30371
31896
10506
8641
24649
325
12185
7549
16232
154
14152
12073
25822
26143
7430
19426
7041
22797
16679
5956
4159
23375
30009
8516
18846
30837
4079
20132
19979
957
16322
12214
29365
3416
25333
8025
20725
21483
10741
12740
22720
24741
5594
22718
16256
17310
1428
28524
23643
4742
15129
8475
7931
16424
21248
69
24232
16942
12364
9346
3661
2552
18917
4481
31260
2159
23262
21666
1459
1784
18243
8387
2028
27606
22558
30606
23059
24137
24458
8488
889
19047
31108
3602
29304
27542
27803
2887
5526
29101
27980
23553
27974
15100
14247
27292
541
658
29668
10954
25556
16573
24769
21117
20576
7246
32255
8689
30067
28531
10627
32343
9978
11241
8080
24089
2392
7475
22557
5747
31348
12422
1219
30609
32750
8662
17012
27313
16506
22385
23038
20687
29050
17401
27392
5966
20392
22325
513
13516
553
32120
3714
9850
13498
26120
15314
10839
540
11833
18192
3990
29408
1217
20033
17524
29414
4688
25467
25354
18955
13747
12687
18704
2554
7735
2195
17065
768
10701
3695
30508
4399
31886
5278
19080
22176
17515
31860
23918
6258
13222
7814
8936
29260
32646
27179
27042
15453
8329
8654
4240
6846
25158
1136
9468
31340
29184
2078
7766
15715
32492
22089
12117
5167
24904
27842
3993
14478
8432
14876
16603
10611
4598
1451
15383
15038
14221
15356
15863
20929
10357
19595
23928
8528
13171
4579
27620
7344
4772
10913
22457
30903
28287
10231
29649
30411
21048
30724
1628
15719
3975
4314
31354
13354
32078
22294
1440
4757
14194
29128
7947
15245
30252
29842
19987
2118
20245
10556
22978
31094
27915
8152
26909
14107
28662
18988
19821
20116
4543
13801
30169
18358
11772
16321
23446
341
4828
20588
3806
17525
2751
21731
15503
28096
5507
5927
12398
9933
2866
15396
3308
8727
26720
12609
28637
16499
6149
7989
4505
29341
25079
17448
24223
20695
29037
32667
21188
3979
19321
7889
27442
15531
22610
7925
5424
13160
14264
20716
21683
29710
6919
15246
14404
12430
5974
13906
61
19411
18477
13315
25915
15794
4514
31604
15576
17813
27629
21088
18401
10630
17534
20006
27243
22981
20561
13730
22946
26485
22405
4790
15517
3769
23283
13025
958
24481
27946
6968
22356
5389
25380
7072
22937
3442
27498
21674
14046
27535
16425
7132
11496
21227
25074
30809
17366
17220
28579
25133
17924
29805
21639
10703
32344
4878
18363
7798
3995
23984
2552
6255
27954
6816
19384
30338
6824
11723
4772
10963
19604
26127
7122
8761
1304
6418
12408
24871
6035
971
14625
27257
25152
30785
10810
29385
18366
22219
19697
4379
17588
16176
7183
19844
13596
5954
14413
8979
27387
9244
161
31196
5627
14373
17591
6857
20242
27796
3616
2878
15830
30289
25243
27762
1135
14498
14242
11539
2923
17507
6459
16539
20636
20730
31784
813
7099
13668
611
22495
16121
31977
21788
24684
6138
30605
2032
31240
21825
17522
14462
3853
24945
32499
12517
12123
16815
4579
10483
10511
17512
19658
10345
9389
6081
14347
11189
17216
23280
27724
18237
20162
18170
27156
27547
19801
25541
21230
12996
8363
31804
2058
8793
8104
2993
20235
11625
30480
24973
17382
31088
28297
10049
26104
16688
29269
20064
19861
12383
2336
18592
23132
10692
22679
28301
16805
3777
27825
7784
29545
7540
27257
30317
3622
7244
3619
16143
16911
2611
15369
18558
6834
31164
21342
1868
15205
5151
14284
25702
10603
32641
5069
11116
1345
17250
6562
13727
6352
9281
515
23270
29586
20706
16900
27457
12378
4056
32423
14089
21020
22612
13945
32535
6402
11484
20031
26238
10184
4648
22547
28531
9882
28500
8882
31602
18276
21585
13382
4133
10890
29246
28939
15550
2716
16454
22721
15902
27204
15411
22324
16594
29697
18238
29799
20088
23630
14876
15214
1531
17613
14870
17526
26048
22524
13637
3082
9066
21375
31402
1732
1713
29727
26646
18645
17643
31126
12528
32728
2256
18178
32722
29855
19947
21379
31668
13539
17454
24052
27173
25359
12688
3131
9569
10030
5977
31645
19005
17267
31308
23499
16019
20869
15420
10349
20743
32006
25597
9263
10855
8934
26541
14904
30900
3711
26381
25453
15248
7346
18637
20915
30628
1588
4150
31943
10147
31874
6015
24741
17480
2463
17563
19200
6774
31847
3223
15982
26615
15410
13528
29223
13086
10345
17233
17429
4517
2394
9073
494
26206
32495
8338
200
222
7512
11185
7753
28800
11024
22984
14254
19573
25292
29190
13379
21172
20179
20868
30561
15092
12060
1176
20427
25555
28204
17791
13415
4676
2562
19240
29325
18562
30809
28525
4237
17254
334
27781
15750
23356
25135
6933
14446
29042
19745
30049
2234
11600
1160
18882
5872
5137
14160
9026
29451
9382
13689
28121
1613
29020
7968
13756
3349
5537
9251
9873
11568
18919
9427
25217
20610
11129
28782
31573
12736
23695
29691
2113
8994
17717
28405
27647
24615
30380
26749
3759
9944
23002
5893
85
5132
29785
17854
25813
5013
17123
5511
7908
10873
16918
29743
3291
15923
23018
17349
24562
15487
3128
30668
16072
30704
24251
30646
1010
14441
15398
14484
17348
9784
72
19844
19596
12344
2319
30645
12862
20097
18568
10263
20704
21110
6044
14283
7243
20585
25947
29299
11527
515
12979
18171
22987
26321
31268
32228
10401
16584
20440
9337
16997
9352
508
29024
1375
26278
30089
13041
14373
14508
32556
15931
13599
23442
32094
31450
9554
31073
29620
31331
17637
13114
24930
13988
271
10170
31616
19340
4000
12160
10814
4208
20972
8075
15587
32179
7078
30692
24286
7229
18067
3755
12532
7396
27233
16158
10064
16412
8376
23840
4357
13516
1614
13603
18473
21413
17548
2267
6063
4976
20457
1802
28517
32313
8619
4296
29133
31585
25721
192
24070
14213
18117
31843
5292
21216
11885
6366
23255
2993
27681
18168
30497
21912
13998
14048
26345
4710
5498
10404
28706
28399
22444
5870
10809
13517
17312
27628
5424
20580
7148
18382
25755
15112
11708
19895
1063
15147
21360
9502
9036
29909
27484
6941
19876
27758
28488
10797
13822
21801
7801
16540
28857
15435
5420
14114
21913
26566
5732
23973
12326
11820
31933
6664
8991
8084
30642
2692
12222
10590
32122
31000
17257
18068
26057
9932
30518
13845
17380
21458
21031
12058
12480
27240
29611
1810
21447
1907
27448
27965
7637
21050
4164
13953
29091
22467
5306
26605
11220
6434
16603
17684
18282
12197
21762
19039
22003
26804
17576
19520
11209
14247
22135
25939
26118
14786
12620
16734
14370
25770
32562
31254
32583
17075
18089
22034
24813
1750
5666
16187
27994
1612
3021
2416
29748
20004
24878
13729
31626
23818
6129
1855
23346
23481
29616
32518
2504
29909
8838
15456
25206
28681
7539
17566
32133
977
12253
9954
26412
21397
3380
5851
19239
9226
22509
20969
17772
3125
8428
968
28253
21716
31494
30875
16766
811
13135
23177
8306
24532
1040
32245
537
31733
13296
5068
3489
3514
27006
30977
30188
11391
5779
18974
14255
4462
9178
2387
30426
6658
5727
23125
14656
22853
29773
17610
31458
18839
6065
14089
26129
14711
3474
4526
1633
29271
30417
16428
20067
31559
19119
23675
14913
22429
14440
23301
17632
1225
19065
29192
10580
4982
21423
16098
3670
1019
62
5462
6599
32496
29933
17700
647
7850
19820
11526
13499
5784
29268
1782
17704
25746
26892
21515
17808
19979
25696
5948
4119
628
22768
12450
10650
1870
18496
914
10559
9377
1999
24658
28277
3695
16784
690
16708
31389
2501
9662
32405
6745
28248
1158
22064
6250
32544
26247
1649
14853
30707
16739
4883
8801
25721
8323
8902
21499
16842
29157
15776
7997
14660
31658
2708
13377
15082
4643
2426
23701
3327
29199
28924
23605
15328
4188
22664
31461
3422
24464
4380
8236
22378
16998
3753
8530
15374
29347
22802
22066
11524
1494
25667
9621
2613
29652
495
19117
24210
8512
6067
14991
12898
28564
9235
4874
6599
12483
2521
10698
14506
31158
24869
5334
14009
21710
25528
29940
7633
22222
9803
20462
23340
29343
21665
24324
19373
3329
735
23667
16860
443
29299
32562
20832
14096
15611
15379
17847
15560
6791
25876
18591
28499
29762
17375
15501
30535
32214
8947
18977
3885
3219
25734
27659
31333
9659
29331
20188
7138
18074
21529
22079
2774
11372
8649
23227
2302
13045
8625
16548
1321
28989
3438
25077
23791
2803
1938
18893
21652
3016
21109
12098
17665
2669
13760
885
18762
28025
23421
4174
13096
14438
24839
25789
23281
12429
7408
193
12713
8540
17368
24707
27283
3670
774
8250
26477
23981
21831
19284
18531
821
27269
1260
23716
27850
25350
27598
30968
4813
5469
15113
3644
21047
16158
7519
3927
20592
2740
31159
15123
5849
11852
7413
24942
21657
12488
22444
1908
2328
10167
12576
19311
8064
25845
24846
14140
25583
11602
12267
6310
29272
15729
25686
1049
11101
4618
4134
1754
31724
5177
20498
1673
12196
26468
6229
10312
15924
465
6740
17432
11206
11325
31331
15261
27333
27299
16124
14830
28589
4703
19250
3938
12324
18572
8360
18909
31798
6786
27506
22548
20338
25512
32576
31499
27924
3369
21693
30835
817
11285
19516
14339
29421
30173
13430
22437
23065
16423
29216
25291
22362
7035
21444
1837
23237
4729
29415
19495
25201
13928
1214
13101
2968
30374
23812
26560
7694
30498
4088
8705
10041
26405
768
4539
21441
64
4835
5724
7494
7906
19471
2614
3476
10666
5696
26186
18821
24576
25768
9503
28348
16299
14848
10442
5772
25808
20030
30011
16939
21251
8045
22088
18252
31405
4826
1097
8003
17378
22084
11571
18840
15289
14732
21431
23536
4759
14522
3393
20334
5966
19685
1036
26600
29952
5819
10150
13478
21973
19390
27813
4985
9825
1475
1501
5290
24193
17649
26648
17511
8217
29125
23288
31739
18360
22817
22180
27524
23469
5495
1756
10239
4613
14435
15300
24085
32416
31121
18002
28541
11258
19351
21082
19581
23851
31270
279
26920
4429
1034
26543
19770
23553
30391
11010
25249
2262
28852
30453
11401
10260
27127
30179
21183
21731
10069
3206
29940
7182
5625
14215
13115
1375
17279
28267
30816
968
1380
1926
18004
508
5460
26268
23638
13528
28881
21786
27099
25210
24736
19935
7256
10277
15567
1640
20738
10295
27407
26818
26362
21688
19039
19469
3051
13114
22077
2260
29460
27121
30452
21930
24600
36
5161
21953
5879
24226
32315
12035
14920
721
6693
18950
1712
16210
27885
28812
15268
12685
22953
13704
4791
28806
4592
21860
23921
31521
25369
20014
20466
15185
2653
2792
10924
21702
18437
3742
21826
1554
24410
10927
27810
20940
27400
11694
9781
6747
30177
10121
17688
26269
6678
21796
29643
25438
21792
27902
22253
6135
13451
21401
10162
29952
32727
13376
10437
19587
26045
6340
2902
28945
25020
14540
12188
1160
10437
25276
27169
17758
25660
25944
5051
2671
10055
17919
17882
12499
18413
22190
23946
25711
761
28162
2733
7853
12252
29174
30401
17531
17498
4946
13475
281
20371
25211
19204
14667
17337
25960
15950
12828
31434
15157
27259
30892
8491
24846
13914
9521
30559
22267
13859
21206
5729
24270
19981
22230
13963
2575
15268
20114
7165
17982
25621
20093
5531
16469
24969
16368
29252
9255
19577
22889
19675
26716
7153
6186
18724
9246
617
6509
28299
13036
21742
8116
14285
15984
22181
9544
23306
12878
21457
26295
6661
7251
17103
22379
3946
6997
5736
21519
29810
13181
9022
24761
20843
7680
13085
24011
6450
25582
16386
31815
17688
32471
30115
31374
17153
20344
10392
14332
10054
8311
7190
3829
10401
15961
32340
5374
32731
21660
30955
18590
13130
3660
20136
15989
8416
6454
32220
18822
7981
26948
8941
8511
28342
14986
1515
24344
18925
7034
10613
31201
32282
14154
2349
16731
32140
19999
32481
14727
1011
30629
13048
24942
14517
20715
4718
5107
29382
30292
24764
11578
32531
26473
27113
30099
12040
30660
3583
13061
14312
5829
8486
9103
11934
24975
6370
18428
12263
16865
16611
8355
25628
2096
22243
8050
10470
22842
5183
4836
31115
12796
14988
5499
25088
19603
2353
17460
29438
23393
4594
21074
22153
24447
18793
15734
26402
11484
20347
15095
31121
26964
15041
31835
3912
6373
4140
23003
28895
702
21784
20161
1202
29296
23781
30658
9854
21340
25679
17333
22364
32006
20328
3339
30512
7307
5656
12330
16562
6402
624
12471
5969
27973
1562
13874
22031
13677
23096
27230
26278
27284
25205
12557
6104
3874
23906
29100
31850
16864
7326
30453
2995
20839
27557
27142
2267
13107
7596
19375
8416
30171
11700
15877
6132
26304
3551
26870
10969
22633
1982
1215
25451
9594
3317
779
7106
7026
11935
28023
25693
14511
11415
17001
9004
15543
14647
28192
12231
30633
20380
12522
3829
21169
16244
11247
31646
27186
10463
8324
24217
22878
32670
3268
24332
27191
26567
23934
20516
15201
1764
4233
27250
8717
21954
32687
29834
14187
29497
24436
22989
31660
741
20406
22344
28087
18033
19576
11407
8488
3218
2488
19703
3662
31247
6844
1987
28134
28158
27338
14295
17657
27853
13440
30143
1322
23726
30386
23033
10769
31787
2908
8283
30745
21937
8564
3851
16490
19914
12533
31056
16627
20976
12069
19863
14095
2091
6283
9794
26733
10381
30089
16919
5192
14406
10645
12911
28146
32209
24088
7934
29932
3807
31459
10526
7666
22501
9766
17512
13013
5623
18109
18372
14376
3570
19641
10670
9051
21746
2505
15607
16928
2532
13544
8108
5483
30691
31317
2890
40
32353
28262
15786
14202
20648
3927
23652
32346
3291
14773
24755
20957
23060
379
2081
30829
25632
9589
21051
30422
14693
18387
13566
21843
27002
6344
15592
32322
26561
31199
29332
12287
12611
18180
9538
27875
26388
29069
11293
21199
24997
17253
29933
18576
7251
20700
29329
24637
5163
27324
7084
27906
16925
14592
20565
13213
19898
5937
23276
5133
13599
12570
31492
3098
21425
13510
166
22539
25690
11346
6365
12790
14052
28128
13714
9766
19700
22202
32644
24758
4284
19612
16175
22058
2705
2490
23047
24148
8933
15920
6945
26718
16187
27796
7829
8313
2574
17891
4459
11360
32036
6217
8997
11680
928
17868
31384
17187
145
19884
31273
16580
24110
20810
10263
11867
12393
1555
6125
6328
5586
26953
30522
16870
7775
14697
17827
31442
19223
28840
20763
6365
8435
21434
5531
20381
27683
7743
25096
16895
30933
5766
31661
25060
7197
32079
6243
10966
9113
17761
10527
3181
2246
23586
27752
18559
21219
25364
26156
9314
27708
11764
3978
20561
12442
32308
13196
28971
1847
21022
26539
25332
9556
2189
13637
27014
8970
870
20535
2965
1064
1048
6823
2970
20624
25209
13455
30106
30191
19253
23204
4268
12302
14733
32243
11515
15257
4350
18686
30797
19107
17603
5508
15213
11851
25292
26501
31834
20090
24638
16608
23189
3398
3727
8339
16351
32558
24288
6860
27907
16074
3679
7981
5376
22496
31643
22777
30928
30425
17127
3133
18958
9075
3896
20523
1805
11526
14147
18759
10087
2073
27626
3132
23017
4840
4112
18961
29292
24467
31953
12547
25965
30551
10470
16724
14935
30744
10135
24930
13270
31638
4151
21685
29736
15541
24257
28395
14977
12101
6804
4871
30834
15835
11501
20972
11293
388
10407
11726
3275
7898
17579
30993
30340
29783
13427
15326
14624
3866
11057
30594
10158
23915
16779
25744
955
6152
4338
21386
25275
2861
4171
32750
489
13430
22672
10618
12821
15525
10466
15336
11619
5680
31813
26953
26729
6635
19339
15457
14724
25302
27649
4909
17010
689
21141
177
731
10978
6576
16388
4510
21860
19986
21172
25105
2724
27658
24696
7483
19169
6859
24068
3499
6205
10938
18775
14077
20109
24004
16976
23149
23907
12901
11973
21735
22652
31294
19874
3097
30560
26559
23194
23010
22439
19673
29221
31787
7443
3406
18073
17075
21353
24702
11343
9622
22988
6146
19371
31472
16304
29826
24208
7296
14915
13704
12169
7250
29663
1029
14531
13688
8120
17979
32183
18941
14278
22748
6763
9893
21427
19292
20770
17179
20093
12603
30153
2948
22748
486
17037
31026
24603
18265
27567
1805
4394
3367
22193
10825
24277
4921
22633
3831
18221
14636
20279
29026
30752
14929
16643
25251
30332
7129
31271
14401
26814
25776
4667
3447
12189
6014
30613
3713
22943
7453
773
6724
873
4082
7841
2971
17675
2050
29762
17876
12004
20612
23816
25148
6764
32660
30181
14786
9808
30663
23428
25246
4438
20592
1836
13492
23212
29341
29161
20122
31980
11195
17713
27104
19559
21225
32388
18077
6243
19091
21571
20639
9003
7494
4374
6138
20935
1151
19263
29061
31055
30420
5217
4277
2717
32187
8966
11816
3227
22111
12761
19646
29457
1064
14718
22888
28728
16909
12915
26578
19168
4136
26319
18948
10649
11329
7419
26731
2307
19816
2606
29963
17292
17751
6868
29516
9019
11422
27911
7219
2230
3587
5951
25240
14720
10092
29757
9926
19915
6251
29735
29946
3554
16484
8946
3409
27986
18545
16770
4699
19689
11707
1794
18651
26745
9534
14657
8537
10340
27904
24717
7969
24133
12589
15451
6028
4235
28823
3166
16773
15098
5666
19684
16502
15839
8041
29091
20818
3633
24854
9986
14335
5283
31087
3279
4514
23574
29349
25735
1602
5524
23936
10172
19724
5268
21697
28435
5946
2066
6977
28541
7897
25815
14274
32361
26648
16192
16018
9812
31318
28874
501
21357
30078
28179
23635
1622
21508
32629
8758
12466
5224
22002
12520
9051
21170
29677
29424
10018
17944
2258
22260
26048
19512
16543
16697
14119
9867
9263
16838
25761
18708
27693
11046
32543
8582
10908
3011
24251
29662
19117
22751
17913
9164
26900
28918
18220
16511
1663
21177
3571
6000
26492
19266
5453
14920
3581
8035
27671
12359
14670
29582
18608
27660
19003
10825
20214
6456
20827
23687
30302
15607
9536
20712
27706
3802
22429
21529
30857
16109
31510
13085
26169
27009
22553
4051
4642
21084
25470
6813
28774
3107
781
5474
11430
5308
864
19239
16273
2696
5340
10836
15516
26795
23642
23164
12103
14828
26618
1138
9520
12233
23793
11646
19380
18432
15705
23180
21234
17903
1798
20987
2656
25333
31346
10044
5831
16106
12282
3695
26855
16712
4289
4869
27713
26938
14123
7316
27260
13939
26212
22009
76
14673
16015
25555
31897
26824
28890
5350
15046
26817
12598
29401
15983
12547
30891
21028
24319
23618
12506
30318
32418
2397
316
15773
26807
4288
30173
18676
22439
28756
18533
7987
7827
3971
14059
22947
109
12932
11942
25779
28547
15965
1035
13473
29141
261
12630
21455
26434
17006
26232
229
5721
23730
22281
17638
3136
32699
1620
13464
6675
32502
8424
3736
23773
24540
13895
3124
26637
24931
29612
18133
9759
27793
27389
18142
13867
4139
7341
20
31458
11793
1731
13701
30356
4468
32224
17703
18444
17866
10035
13050
4199
11772
22287
26562
13520
6029
30320
32200
32138
6316
26698
5526
21291
28526
24861
21755
1134
1073
2920
6277
1574
27304
25510
31271
14947
28255
15412
19941
12014
17566
11191
7773
10989
21671
23048
28215
10827
20665
30946
31818
31710
30436
11616
7058
12228
16563
18360
20516
8414
1239
25885
3752
3731
4394
288
14240
17461
6140
24469
28400
9806
3483
26674
22805
18345
27050
29021
14259
29826
11310
13043
17363
4954
10171
14746
24551
27906
18069
3402
20556
32205
24547
24221
17345
29271
2522
3733
12463
22661
24880
19789
14548
4938
3613
22288
7473
16603
13641
28334
8334
1468
16565
25556
5230
7672
15986
29771
17187
2504
20412
25157
20597
21679
27546
2511
7822
7401
9418
739
9972
7232
27898
23758
7435
4603
8655
19156
27567
1314
16459
20637
9161
4805
28572
5041
737
20411
16009
26450
31960
8162
26281
6012
6273
28240
6522
24360
2789
25848
724
2435
7124
12712
11705
8346
32350
10044
10570
25680
30761
4345
7439
32766
10722
27954
17240
6817
504
31462
24499
5888
18255
13514
5188
22265
15608
24807
14558
20685
26676
29751
7820
11616
17294
23068
16118
19016
995
416
26990
22122
7555
12478
20300
16820
13644
15684
3557
23919
26030
18755
4653
26933
21254
3036
27139
8465
6114
8925
4055
18790
4725
5694
25112
19161
18366
13031
8514
18775
12968
3518
208
7609
2833
12713
2191
10227
24387
31083
15042
22576
21702
16775
24554
11258
32590
13540
15661
32755
19519
32620
17921
6718
12707
8699
9227
3552
11286
5105
25589
12164
20926
11663
18492
3620
31416
8161
5067
12375
17012
10581
22714
14402
18168
3258
20428
9108
30329
8704
29615
14736
20998
16598
27706
32431
26087
30891
25795
5281
5876
4792
19692
21612
22270
25677
9203
22732
26804
12799
1530
13596
25651
7270
19069
11660
6605
3051
5965
26045
1947
3582
28684
134
6766
1279
8363
23712
25642
13409
30093
7191
566
99
12800
19724
3284
22649
7805
22547
32028
22537
25975
16612
23362
27764
2130
1636
21408
30647
18345
19856
28052
14386
13044
20507
30671
25797
31434
273
16718
11975
21762
15747
8271
28445
9938
32618
25623
18680
25166
11237
2590
26823
5131
7848
21985
18117
24971
2631
5912
32696
18517
26950
11229
31104
2951
3138
6440
19262
12727
10027
13939
23996
6068
18754
23287
12446
31867
16644
14007
24926
13653
40
1997
27652
6364
18981
25337
6948
4240
1013
6679
9923
6849
7574
3337
4185
26763
7911
8881
22491
9280
16804
15941
31841
4927
16102
5816
14150
10279
14428
28460
31080
18096
2796
16148
29855
13275
18525
4534
5614
1973
9562
30033
14071
26604
4101
3341
5563
25820
17620
23662
27745
10914
14455
17933
21929
5094
7764
26762
24278
29600
23055
25319
30046
5593
9186
1188
25200
27132
30801
18318
28920
27649
28281
3476
13029
5341
31017
18897
21867
9055
24875
30298
17514
23379
29714
2575
9906
5200
16757
5719
20282
5787
15266
14463
22091
2329
28320
9375
3672
26073
23515
25699
15881
7200
11474
20021
12685
25599
11863
31808
10284
5471
14748
1386
4272
12974
29579
27263
24992
10468
23956
27643
1621
4578
17324
32176
19397
17375
2646
23978
718
29289
5051
272
1111
12133
25921
13418
20862
21918
10128
10661
27544
31605
32181
7234
687
28300
21033
9006
17460
2109
7726
8594
7749
2322
6997
8149
5381
21122
12540
18006
23713
7597
32559
7206
10602
6042
14743
7276
7383
16609
13446
3030
12517
22870
15487
825
19498
13077
26220
31376
15165
17142
18241
23229
31625
9740
13768
3357
3718
15043
4564
15668
26142
30689
9935
4100
13352
1068
12913
24891
2901
9318
25625
22990
16430
24917
23433
10019
9036
31133
30529
7446
21658
26564
13091
31704
27
10015
12997
23828
3074
10832
8101
23266
32347
17990
30598
17738
17951
28057
10296
18574
3560
22728
657
7029
27395
23596
5419
23855
730
25049
14360
3084
8184
8902
12794
28127
4390
32069
1917
17521
5825
1849
23908
3735
10295
1426
3196
21462
9708
26172
18611
5765
7661
30554
21337
21792
22982
8460
21454
21835
1521
26120
13439
21562
25754
5570
16184
10196
31269
28088
9022
32605
3734
22609
19318
558
23607
25605
20120
9482
30347
18103
27100
17219
498
29667
25777
18177
25524
5621
25879
5827
10524
3429
5847
23490
22817
22383
586
5100
13717
172
23860
13111
3322
15390
386
23688
10731
22083
8261
22452
3706
6347
22758
12880
29273
21542
24430
19813
30712
31923
30505
18185
27239
26460
3719
1414
17739
25957
30797
9501
25865
31809
23710
18507
21480
24662
3065
18554
27180
14304
31701
9721
7057
27818
18948
3061
13293
12325
9033
18133
1321
4044
21795
16569
27798
4919
13406
22039
14056
947
14778
3279
10995
22260
1381
28646
2522
8756
17954
7268
13832
27861
24891
17023
22143
22947
6174
12939
6092
10518
11440
2979
22407
7883
30428
14079
19434
12169
31722
6028
7263
31008
17323
26017
27640
13894
1851
28158
30671
5388
29387
12596
10443
31175
17245
19912
13828
27564
2905
11274
31992
20351
27282
23350
28215
5850
4584
13865
28350
20299
846
14867
27707
20527
25880
23019
11515
12263
5439
12023
9249
15075
24602
27135
11828
7128
11891
21462
24462
14115
1748
7711
13058
3025
7275
3602
32184
323
9708
23891
4742
26207
5404
12109
11545
2033
5345
28795
24817
8680
9160
28425
25805
31339
16831
9266
32618
22239
6293
2195
12181
9204
2950
16285
32024
23378
4899
7180
13766
8343
29096
8052
15984
28471
12683
22524
8065
9964
32619
641
1878
30985
31488
29241
13745
14127
18753
3598
27171
29003
18395
9448
19893
21637
17050
14352
21829
19307
13963
2317
242
23569
11730
1709
9502
7840
18089
14782
17244
10254
27539
16395
25668
28268
6302
31715
15277
2924
8562
28633
14376
3249
29952
10085
1515
20940
30787
18889
18939
19601
5827
3370
28116
18612
22001
5054
26758
23210
7352
14594
24475
30726
9188
10586
2642
22921
24118
20166
30573
28591
3963
11201
21918
6261
28412
2226
32085
12612
17538
20814
8604
17412
1332
23102
25719
3582
31110
2900
23646
31194
5496
20959
23937
3660
23061
17854
5896
21072
21655
19168
24260
19517
31754
16303
10572
28890
12290
107
8324
30005
3652
24324
14984
22964
2679
15290
21970
10096
22232
17865
26164
7424
14905
4545
24307
24202
5174
14456
5718
3525
11992
15025
25661
4263
1929
30212
19223
6737
891
10105
19631
12386
7977
3718
15422
26713
25363
19660
14158
11888
24614
4170
12821
24234
11229
27026
3705
31088
27028
14998
2015
3553
24934
6628
27176
11642
29906
23165
4511
8326
2477
26243
32266
5201
66
4814
24936
16211
3644
25356
27987
13805
9065
8161
15525
16012
3415
2467
30838
19502
1111
6638
10841
1777
4597
2139
21974
9843
26420
22296
10400
30204
15937
25204
28353
24654
21195
11354
9396
26709
258
19624
24072
8066
22985
27087
28829
582
6621
20107
19096
25410
23139
19795
14018
6406
4934
31466
26308
4404
8857
12967
12047
19031
14404
10177
11789
30160
27628
5461
18661
829
19877
16530
32483
4316
11917
27889
1902
28710
2816
30630
29200
17604
16012
8260
31315
2662
31286
17688
18369
1661
15978
23877
11429
13381
19499
18764
25630
8557
15994
5550
6410
31795
15371
12267
5565
21119
22640
31018
26556
1421
14067
11315
595
24595
22968
6605
8708
29676
14688
28879
31280
3769
26487
31528
10411
19022
25542
3529
16539
18976
19108
6670
18299
6967
24615
20970
14149
14556
16804
13319
4239
27576
8272
5415
25989
10798
23837
24317
21244
20546
18754
23039
14609
26653
29837
10062
15240
609
29385
17692
28351
3759
11221
29218
27851
17659
28516
17848
28642
6976
23867
7467
12846
14885
12131
23592
6557
17600
15762
1544
10577
22635
31794
29830
20597
32593
22750
12200
405
6592
17482
3286
24579
1240
18906
13859
965
17455
18004
24622
9582
4733
3736
21287
28989
3186
28123
7629
19936
31040
32655
18253
26366
30596
12129
23169
1750
2421
4796
5904
24545
32386
19109
21375
30645
20375
24568
16822
18072
32195
20175
8598
13763
27875
19242
23534
5175
26859
24135
14672
2042
22296
10035
11432
32544
24054
4560
16927
18389
9353
19991
30901
4388
29856
25495
31009
15242
15538
26895
1316
14790
9719
8118
14339
27048
26268
26011
26052
283
15461
19260
7753
5007
16427
3594
29372
25782
8145
7116
9144
20442
6348
9570
29773
3043
7178
30337
15783
21383
8478
5689
18137
2110
22586
27026
17041
5793
26634
5959
766
13895
5736
17212
19695
8365
25811
13013
32689
2392
6145
8859
3112
15722
12539
2522
28398
1615
2445
10892
7364
25284
20805
11237
8924
26278
19924
29418
710
27682
25037
1272
26269
29895
2176
13331
6119
28847
19413
22628
19212
24020
24739
10134
10779
599
29761
11592
1076
17060
16558
10037
20040
5517
11179
9595
21296
7122
13656
31609
30994
18056
24668
29363
2107
9663
30176
3941
20009
15369
6366
16630
6790
1576
23076
15972
16876
5593
32615
7184
5139
17764
24700
12426
26212
21757
31580
6520
18119
4431
5717
21884
29994
25346
17218
19755
27426
23601
18761
30705
10054
8001
6233
19334
26523
12173
8693
9407
8239
12834
29523
29927
13969
15551
26766
27945
27830
25473
22157
815
14132
2682
31609
6127
31694
14469
32419
18263
32424
8895
19151
12265
15983
4138
22515
19254
4773
24585
16088
9346
11023
8674
16216
2122
20835
31005
8740
16695
9364
7147
4403
21665
13601
11095
15239
18585
1974
24122
27620
5439
7028
14821
9529
2648
21410
29880
32000
26007
22223
21879
11282
29494
11608
2362
28624
25594
26363
1714
19879
15625
25305
18330
29185
32236
13867
29080
31255
14333
28681
12102
28062
23283
10910
12079
839
26996
459
4745
7686
28052
24171
7286
24475
23979
17079
11371
32626
19447
30141
28560
76
19140
11497
13178
27005
16149
9006
16132
18582
14569
32634
31766
21080
15577
1658
23906
23
15022
14853
16129
3727
291
27630
3230
9833
31897
29898
7553
11057
30224
16416
12823
22280
83
2328
9908
17387
14023
310
22735
19971
30030
4174
8674
10962
28032
9266
6717
28378
1171
11193
9177
11502
26336
14991
16290
32280
6050
20687
5871
32507
14095
911
28012
105
3537
17104
8784
557
754
10406
28448
16956
16542
28849
20783
6936
7641
15948
17466
27604
20512
13638
25232
2094
17314
3656
20526
11083
3397
22279
23602
956
20999
28015
21128
900
32201
22105
13509
16167
28796
2086
8496
13272
1890
22901
11864
22898
367
20279
24725
10251
15255
28262
10799
13698
12237
24600
32681
29092
7333
18635
15672
21850
24210
30192
9189
20217
3729
6978
26226
7268
5381
22287
18490
32691
32613
32607
2239
26295
12103
6228
31315
10534
12309
2934
12050
26486
7238
23466
13841
23994
1927
25736
24520
29867
21118
3958
26651
7520
24812
30616
27049
31425
16140
32626
20584
9500
32151
3790
13330
14249
1476
19305
5648
20900
10617
5855
25425
10592
2352
28300
750
6293
5831
14616
286
9511
19780
19647
24872
25308
31551
14113
30493
22698
16495
22471
29536
200
29966
13065
24726
24626
18127
26464
1488
20316
22698
24334
13150
16032
18503
349
10622
25145
19967
19871
18526
18134
20324
26556
16656
18452
27364
19264
10522
6238
30607
29593
6158
26686
6742
13224
14496
19632
29624
22525
28862
3209
9760
10967
24606
94
31129
2256
19756
15799
29697
4642
9896
14460
30334
8720
4066
30453
27711
28690
28059
1598
10126
31372
7178
31282
2191
9915
30338
29102
6525
12346
20541
11558
30431
32717
11230
15014
12682
12344
19351
1297
31495
24855
1131
13614
2237
28277
30002
17995
9849
9124
13767
20270
1730
21995
399
6856
2753
16294
27846
32225
29117
25679
16899
32408
24148
4119
4160
7643
18889
28005
10730
2305
30355
21205
18228
21350
11243
8691
5489
20949
9657
17725
892
3137
22780
17702
26957
3141
13818
21127
19698
28059
11190
26945
19544
24051
14723
4602
25272
15278
18799
23378
11615
26188
14965
30331
15191
4258
14587
9804
3999
16064
493
8540
15891
11777
1873
6703
11464
15885
30314
27158
9094
20539
11814
7392
4382
31858
29218
27400
9682
16911
7790
8824
9262
784
25680
6192
8656
5687
19202
11895
24882
16236
27334
14489
5156
30329
13163
22552
21241
8957
21789
14777
28193
28155
16736
13868
11298
7633
15689
20876
2952
16957
23450
3729
12282
28518
12591
19343
25357
13804
27305
7823
5422
19095
7927
12469
23674
28585
28004
1506
25810
18301
15090
14795
29773
6400
5906
18189
21972
3555
21412
1137
18727
24040
24706
8208
6547
11277
12986
1577
10768
14438
31195
26855
20735
18486
10790
22622
11198
7987
6952
5988
17960
10727
21913
2849
26253
26917
14174
12464
4555
21073
26364
438
30176
25821
5696
8030
6649
28654
9665
25196
16472
31408
4198
19332
5678
19185
13038
27145
10882
23990
31897
24659
5785
27260
20233
4320
16157
21381
5049
13240
12973
11474
25897
1618
14901
16227
6583
29090
202
30134
13180
28813
26609
8231
2590
27667
5865
22683
17929
13849
18864
31168
101
7916
18812
10200
8565
15963
29539
2998
31771
381
23948
16722
15402
3150
1341
15841
23186
31497
20383
8400
4217
7555
24120
25474
7107
27496
14660
24930
10496
28121
7625
17236
29450
18181
25053
7509
4891
30371
3233
19101
23819
14666
31115
26661
5881
23762
4708
6281
10459
1542
13047
18133
8071
2178
14471
23543
24551
30702
18887
23365
27232
6922
27596
20302
16793
19094
3241
1756
1888
28697
21772
14505
7716
697
1176
22204
30872
30762
20067
29099
28606
31334
2722
12489
6034
15044
28433
7414
247
11106
2656
17447
1248
22520
7463
12000
5272
14542
1659
15277
12768
2497
8942
26435
9962
7357
697
29841
2392
8421
17586
11029
17730
5215
3958
11160
9660
4945
26121
13834
2375
20362
4451
22639
11844
12703
6929
14817
92
17518
15069
12464
19850
31175
12216
9279
24813
5595
1831
25342
15678
24997
16691
10472
25193
30897
24262
16338
17563
23868
14993
16383
14682
30048
10071
25440
3552
14582
22264
26887
30891
25006
13743
5955
28829
9049
30217
30256
30044
2812
21092
25628
4798
5450
1197
9220
10957
14919
21906
14143
13747
18930
19503
25503
5119
7204
21110
7554
30486
7379
5249
23768
4123
11485
5608
3058
862
24961
4157
22222
17829
3262
12480
11513
20050
2295
27934
5666
19774
30685
6948
4879
31281
30405
23515
13033
3158
12585
17611
9918
14117
11197
19378
28830
22973
25112
16853
10675
22379
1072
2278
3480
18504
6138
17258
1517
23552
24945
4295
16106
20758
18619
10848
11650
20344
31741
23506
32108
28066
24844
31427
21492
1166
10305
31550
18641
21202
6968
7999
701
6900
22550
23796
22118
1519
13772
635
1918
4504
22677
24770
4200
23447
22115
7592
17779
11369
19803
19488
30778
26313
27508
10935
1352
29688
19165
13040
18891
25106
17486
13836
29728
1549
24009
30737
23485
30068
27823
4138
23578
2451
21002
25309
28728
10125
14104
16931
17599
7739
621
31650
9176
28837
32478
28993
12808
19187
14410
17477
25539
20107
17903
8398
29393
11129
19428
8331
14423
30088
24703
24482
12096
20611
6873
28017
29374
24064
6104
4310
11265
13668
22191
7175
14883
29662
5289
14413
26834
25620
2524
1346
144
15600
24483
28662
14548
9540
26835
17331
20381
2631
2516
5715
27506
12367
14383
16111
4104
18651
31245
12600
1766
6370
25633
30422
8067
9253
11485
14432
25640
12551
2562
16923
6158
5281
3899
8290
12948
12594
3596
1513
21658
147
26257
25485
416
24691
23001
24250
16373
13984
32182
24756
26679
18837
2540
15246
1423
6540
31199
15466
12774
10364
8503
20713
5420
6454
970
4802
22002
18760
23663
9148
10552
21548
26269
6231
17247
20977
26469
19153
13913
23835
19821
2495
13700
8176
2973
14979
6016
6171
28181
21384
25665
5849
14554
16482
2807
12277
7046
9693
28228
20522
13602
3677
10411
12296
10896
3727
28301
9538
19577
16565
331
11261
11950
22331
8416
6848
29288
14043
8897
20319
12295
15507
30221
5811
26209
13717
28891
24460
12847
518
2457
21176
29112
1757
19126
14788
6140
17320
8220
26244
7663
30385
6837
6264
15451
16329
28530
25880
20112
7832
27273
29757
30065
5273
5318
4599
10618
22357
27459
8484
27257
27430
12768
12189
2815
4321
22692
16332
16021
23813
12145
28448
19045
28839
9364
11127
19688
21488
21794
29037
23318
22925
1331
13643
9065
3874
18238
1130
27852
26391
19673
4925
14825
13257
2284
1639
1861
26791
23876
19078
26481
2496
20539
11873
2775
21500
2812
27192
17692
31936
20263
14353
14568
11063
30522
13528
1207
13106
13615
30701
3621
26040
21911
19775
11127
28018
4412
15780
9865
17179
23362
3172
20356
16489
28776
2869
6477
14266
24317
2875
11216
1821
14724
26000
5005
13721
28903
9141
2949
5076
8185
24197
9966
5236
912
7101
25702
9031
21937
9636
26671
5829
10047
26764
32054
3502
20178
4849
22537
2796
23096
26081
25419
7603
30602
21349
22513
14826
25341
32727
13670
6303
9078
28395
9093
7692
27640
13808
19553
15228
29893
2919
29118
15838
28260
11443
19663
32242
28156
31945
13214
8979
30725
25316
7556
3870
8794
2237
351
11437
12375
20155
30274
12110
26901
611
25801
461
23870
21795
4030
18718
11111
20586
2754
28097
28721
23540
8549
12968
3679
7126
15910
24339
12042
30027
23428
1137
16674
21041
12378
9749
28354
11695
24809
1874
28888
9480
20787
12192
30285
25554
10336
29839
3925
20056
19217
1434
5092
820
10543
405
12748
7525
5297
3445
