5451
5385
13926
4093
21974
9512
8325
23107
3846
6055
8126
4216
26497
4565
27121
404
24872
22963
14562
22506
31165
4411
25510
19788
23598
28782
31196
13852
8196
2174
16218
2010
17244
31861
10351
18243
10800
27279
2901
19208
8970
3593
13974
28291
14359
15967
11004
21542
16182
7139
29966
10725
19785
19942
27177
27503
8578
12613
23954
27597
8629
13642
13425
9268
29106
32224
20473
1292
10719
8815
24630
21902
12913
24256
17449
5282
20412
3365
18921
10649
17201
1545
29846
25640
12326
19268
3112
16159
12830
28601
31058
11531
31526
14726
10858
20099
13661
14647
27474
30668
15871
30898
3313
26614
28642
32626
20774
29195
20982
14223
23596
29575
31200
10052
6891
5897
28920
19190
11541
31973
24259
29531
516
29626
22032
1408
25668
28692
20457
32226
20148
24690
6580
20924
19730
31985
31504
7756
21021
7365
2859
31081
5649
266
29587
29128
11412
22030
29711
24007
27135
13834
7787
15182
22117
19157
11418
2732
32571
17507
6385
11757
16522
20450
15319
17257
18799
17903
743
20498
9056
11308
22445
23835
22395
10516
14048
23622
15581
4930
12138
31244
31393
5413
32558
18370
27635
16491
22286
31965
17740
18432
6695
17099
23653
8189
28714
5451
10145
29421
29992
22141
32210
11650
29500
17216
19837
2714
10182
22804
22515
17059
10281
17181
29639
10828
8674
19983
3007
31680
19639
18085
19071
9079
12552
20970
14104
9620
17245
22415
11873
9985
31870
22448
7764
26987
7572
10643
13055
17771
5344
15593
10602
15024
14071
17788
32360
4803
7762
25660
30797
12296
5132
26278
20777
4239
21423
13036
22359
28153
5831
15029
1561
10683
31052
13775
23634
19931
9594
14958
21480
29427
26298
6616
20697
6103
25926
9553
5376
26790
9924
26051
4031
1650
18230
25023
26559
24139
22349
19713
21083
6703
8932
22303
2561
3847
24045
20441
27591
3781
24937
26692
6297
3897
11261
4950
11717
314
11588
395
30722
6183
251
32106
1004
7637
23182
19684
25325
21179
18995
12112
29288
24405
6140
19947
19413
15277
6133
2035
249
2267
2714
17413
30474
52
32626
26774
31275
16896
20860
24382
485
15298
32410
32477
14774
4806
9596
4081
23630
12070
5827
6989
32367
29973
22395
1072
18011
18183
22426
32668
6500
17548
25062
2459
30398
3166
10992
6697
18420
8218
10871
15939
23548
7880
8403
10778
15439
3325
32299
26284
25004
2248
13670
5873
18240
31484
21711
8235
14090
15745
15130
19836
16305
18763
10091
4046
27867
20991
25007
26060
30858
19773
7930
24004
17467
15394
31397
8194
2683
24615
24074
9899
25553
3169
31313
31898
5750
28614
339
14632
15455
23081
2775
1310
20307
133
31226
19965
29805
27372
23670
25836
26671
1286
27906
24815
2419
2285
10351
21578
7917
32470
24602
9491
9040
622
13757
15458
32398
22899
12602
775
5678
19443
23754
31698
24055
22805
8073
2602
3751
6688
30098
30636
850
19780
30594
6110
8988
17251
17520
25085
22873
15928
3088
13050
828
5358
16141
12975
21447
24462
15623
20548
31137
23591
9714
30179
25537
12635
31196
7379
3434
27276
23166
15844
25474
17012
3000
14292
24451
28067
16381
6222
20942
22430
8647
12510
4204
22703
5600
29292
21751
28128
25131
7498
12928
10576
8548
19647
16712
32009
2959
8722
6932
31898
14732
27942
10851
6841
3650
17397
25406
19590
9733
22546
23911
21244
20967
22575
5329
263
4913
21643
19706
27519
3361
19569
20769
8727
12805
4732
23892
4829
7777
16986
16272
22803
4665
3144
30032
3251
23150
3742
26814
19299
788
17602
23076
20125
29525
31276
9597
30062
13757
15621
21192
8644
2820
28299
14133
16833
15823
32764
6514
19768
19503
18788
3353
6741
26471
25754
30212
14942
14592
23185
2023
3788
9578
30398
27025
31974
32332
31911
32194
4180
8210
10357
27589
29315
7659
32284
894
646
21360
1236
22325
32689
2829
19366
10912
18091
12475
30377
10980
323
30440
21649
19233
11439
13057
20150
17973
30831
25650
24286
159
1787
2486
13052
27295
4139
15501
226
9796
25313
18850
26988
22868
29366
15658
23902
2129
9717
9820
11290
2082
9851
31751
24121
5405
27415
21596
11248
28234
31466
15091
30626
19815
31334
6364
24375
26285
4115
9619
10569
7513
30585
26450
29830
9883
15644
8504
14040
17365
10005
1851
26584
13944
16494
7984
23801
4203
4735
31974
13337
11217
17102
12830
1566
24187
13766
101
17253
19723
12775
26063
15621
25150
29225
2496
27367
976
1768
12494
28916
24325
29971
1056
5505
29413
21410
23621
1964
24805
7832
17983
2728
28519
608
6615
18441
5894
15951
163
30915
27937
16332
16415
1043
16110
8915
32022
20949
20984
14205
11754
6993
16099
24527
24128
28558
8671
3121
16528
31393
8187
27454
30913
2026
14630
5296
28086
26903
16768
25473
28305
8150
26282
27617
15101
2510
23618
6113
2713
507
9874
23616
15916
4487
2296
3254
15733
4211
12637
3028
15229
19683
9322
22556
26463
19707
7150
22661
19770
14759
16276
20628
21546
15744
25231
25214
2517
7843
6830
20800
28150
28228
27185
29438
16190
16607
6581
3642
12449
14676
2982
27969
8946
31682
21441
19093
21897
13027
11178
29503
31149
29481
10590
13666
22131
19426
14395
30684
24852
11476
27059
816
2009
24322
14335
2095
6457
14323
1111
15997
21984
3764
3873
28601
12031
4804
9675
30260
32766
14633
2210
606
17690
25601
17225
8917
7352
6090
11419
10880
26804
11789
1668
27563
20270
6046
10508
3085
27273
782
11842
18469
19587
25159
23934
15472
8098
1728
30794
27290
18278
11450
13350
27179
31404
26143
11308
14555
31698
15916
31117
27677
14468
4846
28752
26755
4147
16929
10503
11295
31118
3150
9070
25208
4613
24867
5277
8137
31435
28030
12162
18085
6636
319
2654
22776
17926
31543
10907
17496
9163
1514
31354
6068
23833
13826
28718
5322
11953
8430
11082
9692
14046
27842
31195
22191
11633
12130
28159
8278
4293
21080
22923
26837
9450
18845
1415
10492
1252
16865
25400
6112
4328
15160
4745
6420
19188
2287
10660
256
31105
10125
15427
32395
31108
31246
1060
11711
30676
15212
26281
1008
16206
24090
18318
28060
17514
26451
10974
31573
18184
3666
32295
20575
12506
3593
9263
21160
23726
17794
30620
19533
10855
4976
30108
31244
1774
14721
27097
25698
7373
10553
12714
14228
9871
19374
19983
31289
31991
26065
12621
28991
788
14142
8503
16331
23290
30292
17480
9357
17524
25172
20958
26895
5217
4624
1754
10363
27108
6379
11477
10687
29275
22530
17643
29845
7193
32591
21390
27840
2572
28712
20
29085
7888
14313
17316
7574
3506
22268
165
1089
27259
24953
7818
6744
15189
32756
16211
8761
31217
5908
16103
32212
15887
455
27517
2212
6507
26462
31187
25970
30022
29179
18779
18694
21106
26635
26313
21347
26084
13154
4254
16903
32712
18508
14276
27328
3240
6138
21823
30969
16906
18619
17006
27554
7073
2478
17179
20573
16116
21553
7352
16440
22527
17708
3366
23409
12053
12245
28938
28516
25794
23068
13088
15118
18137
2011
5857
22031
13055
19470
24002
3825
11119
18816
8290
8535
4757
5393
16778
28438
19422
11522
7583
1269
14010
5413
21691
29816
18973
3972
24050
586
3928
912
12377
25551
19277
655
12507
7940
32104
29870
9910
15744
16764
1619
25136
29663
29429
22847
22317
4680
28141
407
5669
31958
28834
23361
11273
12976
3083
22870
26388
5584
11628
25611
19804
1202
4628
11363
23911
25072
3422
19974
14194
20466
18144
29343
492
22848
8632
4349
31523
2819
14702
5448
18479
12918
4855
25027
8214
16680
19616
24585
17762
27275
5647
28643
28398
6926
22808
29367
1126
8192
13232
14705
27695
10267
11769
22668
1870
26648
20125
506
25358
23969
15238
13478
7278
11303
29761
1341
6697
15227
11215
17508
12287
22970
24926
14971
3456
28584
10012
20244
965
19089
18897
23361
11548
13255
3375
12153
30533
29316
25779
17189
26546
900
8371
5280
17189
27081
13609
14686
29665
28738
18851
18035
18349
30068
21181
18371
1734
31250
1148
5484
16883
2311
396
27528
19670
12812
22230
20230
23940
23082
18495
16947
22686
16556
12714
16176
15148
5547
16916
28010
6234
4795
1362
26877
31171
16822
24453
16749
10502
623
4461
11019
335
6340
12229
1449
28991
252
21271
26213
12395
24903
16997
8430
4494
15879
6381
16506
24903
8932
30145
12196
25315
26090
3708
12942
22699
25074
635
5447
7502
18903
7877
17633
26637
1830
2918
11154
21492
31996
9287
27964
18017
17204
17631
23853
27549
25154
7011
19693
14597
14458
5205
321
3741
8571
16936
9301
45
25364
24035
10984
7667
28304
19778
20186
8968
3142
30872
1284
3627
17981
29345
27104
3619
30032
11128
5004
1405
5715
19667
25997
19879
12837
18411
28269
32368
6736
22281
12168
21553
14666
31438
18063
7935
20458
14103
2630
19510
13651
10212
8731
15038
17403
15006
9153
3634
11770
7360
13526
30631
14171
28655
31234
20416
30563
8821
32239
30585
26662
26988
30894
7855
12806
23811
15823
13281
16840
24149
31630
19009
9272
11536
12927
24126
22527
25596
26557
28419
2291
22793
13461
26919
20620
26986
24537
27353
7958
2049
16815
32501
12690
4449
16567
27260
6751
6237
10528
13601
19019
23581
8534
14156
5841
7990
24594
25445
11556
14153
17302
19020
2592
6083
21341
11625
27570
6647
22180
21158
18144
25454
32158
14134
30045
21365
263
18361
3523
9098
2516
26811
5245
16789
29343
21509
20834
14011
25679
18586
12325
28323
19167
6639
25091
2719
3461
13714
13596
32326
29079
15639
3325
2203
5335
21604
9361
25764
9700
21871
12236
18760
28898
24728
24913
15031
25480
15103
32415
11214
10590
9001
99
4327
19445
29503
29191
19945
9062
20424
32687
27507
8312
26355
10825
31784
25801
9205
21000
25696
8450
26312
31834
21675
21477
4840
5422
19832
9225
32447
28932
1487
4696
8263
27684
28062
25163
20856
23306
12770
17710
6679
947
32500
25495
31827
22154
19278
17653
31764
8987
7464
25874
11640
22666
746
5694
2674
6224
27986
24323
6216
22509
14647
4453
13899
17414
10392
16983
424
30993
9366
10872
22890
25798
13485
1670
30125
30211
4971
8392
25317
24399
4109
5214
27295
18499
30523
4159
13536
2423
6386
2847
23846
3225
19876
30417
25714
6589
5407
30435
20508
10171
947
3128
32638
31581
16289
2962
21403
2467
27442
16668
26116
27533
11847
5203
2667
5930
2261
7460
23094
17367
405
1597
14433
13756
5335
26136
22608
2881
3359
6465
19700
29424
3287
19708
23542
10614
12593
14731
29917
2057
21473
5094
1234
15401
24988
9667
27900
13596
651
7812
11664
31164
21484
30439
2273
8171
19299
2876
12658
2856
15889
5213
16424
9277
18189
18739
26594
24155
27279
31947
10328
21708
26312
10158
21981
19189
25098
11419
19334
31496
29138
14827
16814
19929
337
3148
3282
32231
5565
30216
11019
8761
4279
9741
29872
585
11458
12914
8453
664
31604
8076
23625
5424
13777
25680
28278
23438
6943
26477
19909
3579
2857
3890
24474
6495
2098
23259
32164
23587
19538
21362
2593
7567
19575
17418
4338
8563
11658
26175
25759
16597
5891
32468
24268
25774
252
27391
13865
28732
20014
28762
27604
21913
28692
29042
6912
16484
2184
19139
9742
13783
31867
13390
2667
12240
22538
21372
8189
26235
23661
20596
19192
6133
7085
8183
14719
26910
25685
22095
13244
6543
17101
30374
14370
32237
3724
26503
7647
27698
8677
1427
12047
18028
8466
21279
16266
10921
30529
8823
29076
21484
29231
12938
19421
29104
7252
28494
15073
11574
32563
5340
19819
19154
29299
30880
28816
13594
6232
1606
12824
29793
17484
9324
30037
15715
1844
7489
23415
9076
22267
6692
2842
9677
22283
16215
9891
28128
18410
29048
16064
659
16289
3841
18504
9514
2952
27354
12750
3578
16705
25784
6836
27069
20589
25456
7142
26099
27021
24537
27193
25187
9765
30786
31024
3272
20932
28096
29919
5033
24069
21208
13101
29613
6527
4535
20360
11517
27598
27540
420
24450
4704
4729
1108
22766
17159
21105
17143
6385
14145
25516
2872
26000
8305
5850
25131
21218
8899
30825
21855
1588
5557
23680
10357
19202
15644
6033
21865
192
27373
8056
15815
312
19831
6059
5119
30646
311
4318
6587
2591
8895
27976
27940
12390
6377
8955
13471
1475
27621
14382
30709
13431
13792
22098
24911
11718
32416
28159
13745
12620
12884
21683
28958
9152
17015
24906
7873
24774
12959
6972
17587
5731
6922
26975
14079
23042
3540
10976
12823
8411
23004
14628
13780
17824
18123
30498
1562
20265
19465
3343
8721
12797
8679
6045
2554
14734
24027
32441
19187
17841
16678
25513
11547
31851
30481
11599
18007
18966
14588
22870
23241
2300
10550
22473
577
6177
28074
32697
2737
4870
4929
27894
21542
12786
17236
30947
11171
7629
12124
29872
32494
22875
3810
25560
8192
14785
21201
17177
17123
6529
1695
26809
32158
12954
23315
3668
24864
9774
22161
27046
20323
12303
20907
633
1990
12611
18662
14765
20745
19952
31351
25197
1435
11457
30293
6601
5482
6706
512
28051
6759
15212
30263
22317
9490
3705
29539
2409
2960
29406
4220
26526
31414
4218
1521
16325
19248
26999
18398
6255
25745
17568
2429
16042
18008
29498
1457
20660
5798
5138
28867
18775
19569
16234
673
16733
30043
24266
27989
8300
26078
4576
21365
29757
7124
9645
22657
7781
12002
17742
14632
10429
14162
15230
1270
27823
6064
27244
5963
679
30142
22876
23204
2037
12822
31133
3401
28663
5819
32300
15854
3244
18317
7197
26342
18306
22545
26739
202
32287
21691
6094
5895
27268
7910
25686
8136
12633
9634
30231
2494
29664
7732
1704
13344
20000
29087
8570
1377
29040
13975
15418
24419
2666
1216
4633
22630
26150
6640
3427
8998
17998
19440
20906
8599
25499
9271
19594
15255
21373
27196
19407
21461
801
3169
4204
28865
20622
26968
21316
21523
22915
18672
15633
25478
4164
131
17274
19045
24720
25850
10423
22273
13563
5917
11456
4727
6532
28597
12222
14736
26698
10764
14438
28340
4793
31704
16218
31657
19000
16382
2790
8083
12364
8273
20515
28496
4145
16576
19982
6035
21661
26402
11625
3220
26188
21822
12374
3458
29266
5697
15951
4657
381
2629
28945
23397
2379
29540
22851
31701
6476
4286
22479
6404
1805
11567
7035
31396
25380
7880
14373
17322
31557
15615
26443
5635
31514
1285
14337
27192
15893
31914
17558
2951
553
29524
26849
26841
13564
21624
12499
6299
7428
6625
17313
22847
28979
27422
23168
14732
26279
14422
28307
7338
2233
1441
18368
17636
4265
5930
683
24383
23253
32672
11887
18805
30405
22490
25321
22856
20255
19646
11199
14436
19605
4029
27755
7432
5850
32007
5755
1647
11493
5131
11281
14279
2809
8281
23021
5508
24151
27793
28971
4646
16647
32690
13038
32073
7382
31300
10212
15509
4397
30650
1297
27859
13800
26065
9763
29363
26303
25424
18632
6496
13058
32020
25396
4365
13243
28598
17393
16862
10790
20724
3069
17038
21621
7797
15371
8004
24534
31878
276
9489
8874
2220
11140
2636
18116
5867
31523
29347
19927
8727
25284
1188
32615
32115
24794
16721
25615
20012
2099
3986
29314
30759
4658
15147
12071
28173
16232
4794
15618
9540
19776
22551
2434
26808
19433
28996
27599
8793
14639
6564
15190
19488
31799
23528
13614
4495
1742
670
31574
10358
7015
21233
735
8442
21043
24510
21967
24048
29645
18989
32559
11761
18553
16073
17528
22968
5224
2172
23809
2488
15156
2566
27093
26237
20654
30513
26388
7921
6235
12075
24303
22194
24093
3651
29581
28593
29343
27771
12910
1400
21101
4746
23022
18112
13917
19102
5314
1743
22779
3256
18420
11772
18909
30533
2231
30381
8183
13577
7045
27163
25032
17184
12890
2597
20356
6912
23954
24983
12030
25417
30483
8310
26814
13454
9105
9564
2219
27815
26908
26466
31653
24652
25190
15216
4837
18467
6149
15498
18478
631
1350
31365
28318
3208
1477
26073
14897
2041
3309
29691
3567
27219
10212
16247
18626
26603
18875
20366
12017
4679
12836
7597
29956
3649
30458
29018
28261
25765
23674
983
18082
31443
27391
20373
5714
3875
31439
30871
20772
26900
26016
2438
2426
31650
27925
12020
27074
25406
21949
5951
24439
12898
1355
20528
13281
11807
5779
14916
3690
6330
1935
3174
11053
26746
16330
6511
26266
17827
6008
5661
30327
21347
24214
27304
32408
21729
15115
8440
8035
16904
20696
19747
601
26301
20438
11950
16920
22216
5934
30060
16616
449
30528
21326
20964
31702
29491
19496
7171
12307
21381
6170
3036
20826
6311
14757
22350
32528
14914
1536
18383
17260
8184
29158
30305
12646
16755
10836
15654
10550
23788
17805
30560
26694
925
29695
12891
12082
9281
24988
32403
3052
4414
20536
12585
22039
18535
15333
27969
28943
21237
671
23705
30322
21889
20098
26057
11409
2059
22503
17057
8620
31814
5138
30349
28226
32635
16161
13604
3105
27352
18960
6140
25502
14347
12002
20700
24082
7394
31506
30634
24018
16670
29149
16891
28329
23501
12705
28947
16300
24318
15828
21570
29569
18818
6645
22493
13339
30952
4717
24730
30387
12244
21078
12078
7853
17567
20197
19047
22382
17586
13868
8840
14524
58
15584
16912
26007
25985
6406
10445
27488
16936
32256
31818
1560
13222
2045
6509
26070
6649
22861
3912
5108
16826
26613
9110
31005
32016
20914
18178
9289
24742
29061
1920
5279
10112
29807
23948
17666
21647
15706
10881
19649
22818
4340
17140
24459
24027
29548
23191
18378
15625
20689
8972
8575
21539
6921
9142
9564
29789
18936
22980
31768
25365
14733
5713
28723
26525
11094
19679
29593
29371
7949
12251
30614
21830
1824
6875
29607
456
5878
17840
31403
10026
32255
6007
18299
8567
22234
12215
28418
14567
1216
391
30280
10827
21981
19717
15424
12591
16122
12981
16620
8858
20208
19667
19931
11251
1935
3614
10461
31004
15049
16148
31898
12016
15497
6684
23852
16647
3154
14147
12579
16718
15932
9575
15423
7339
15288
27641
29290
21775
3723
2601
25559
22074
20115
19800
4998
30962
12710
17860
6023
18224
26424
15337
23988
32040
9973
19697
3737
5443
15005
24880
18233
4624
12517
18436
10349
11952
32536
12659
7039
19764
18701
5491
21339
11190
25410
24163
23034
26353
4156
31371
1486
19824
5320
706
22602
10091
2979
21405
10566
25513
15846
2342
29420
5399
28164
6901
3314
6097
14228
8582
11495
5960
10507
24752
2871
29225
7595
6586
23934
12928
12854
14678
4274
25619
15816
21851
2275
6852
26373
14982
24074
8780
393
4794
10607
1401
2474
21778
26295
11653
11182
28453
12795
12096
26744
26359
13130
1825
10817
12329
5128
23417
3649
30249
9425
25471
20004
30110
30192
2272
21241
5618
1408
15390
7722
7530
21697
29567
17241
26009
25470
14419
9467
11425
19227
1420
22226
16558
5042
16991
15988
24703
1722
24997
28912
16050
20619
32690
22858
18373
11570
21913
31758
13780
15485
21803
9797
7902
23452
8137
31491
21699
27811
32646
28788
31516
12575
12008
10256
21639
10479
9376
8553
20234
21789
6210
23233
3534
27670
26243
26024
21643
10619
2011
24222
8096
3025
29015
15037
30504
7196
5701
19931
1247
29540
23013
27402
7503
2634
10793
4578
22715
1237
5618
26695
12480
15493
31025
10127
21099
6150
20679
716
16829
4909
14866
16274
17704
4880
20348
1808
31285
28507
29458
18651
30018
27678
23816
3109
31400
32432
2971
7728
7796
8
11191
14951
2557
1780
10504
525
32704
13417
12053
15643
717
4980
26828
30652
1525
29380
28466
3190
23888
27586
23074
17922
28904
19343
30353
21163
8826
9328
30752
22568
20447
32320
24155
24748
3001
24821
5296
32396
27516
15780
7453
4859
24041
18842
28830
24712
10796
235
1847
25536
4524
30734
14787
27385
17556
29614
21315
62
2983
16189
26196
22414
24462
4008
13507
11167
29953
26248
15677
5757
9222
9736
30101
22256
32255
3847
24484
18135
30380
13340
25985
7694
20921
32034
30818
15595
4788
6933
9974
4271
11697
31983
22056
4709
22000
17475
19938
32180
30242
22700
17206
13692
5039
31006
17900
21124
7899
27029
32171
7419
23187
11459
29320
32550
19790
23944
14161
32049
23059
24711
24031
1210
3610
10356
10588
8344
5142
2227
29069
7053
2105
3134
4016
6735
24039
15719
20979
25129
13399
3317
27604
22842
10010
22569
14474
6094
4483
32103
4762
27270
14096
14848
13353
4261
29753
9511
27001
23059
19822
11798
22553
10531
23166
17141
16062
20896
10482
25268
29447
31108
7675
3571
3927
19285
987
29406
3203
8591
32230
19037
20458
10650
1818
4107
4955
4376
6552
1645
9717
13472
18815
20936
30708
3512
30601
4172
17992
17012
9988
10313
31746
7800
9045
31191
13655
1068
12247
800
849
23309
21389
27710
9159
2290
29591
31903
30715
16593
2743
13399
25153
21285
24688
31708
29064
21283
25168
16111
30556
1853
29676
24545
2044
21875
5487
27793
17508
21815
15117
8324
25163
30838
13928
1968
3962
18685
11742
2043
18040
17891
25985
8395
8610
26298
29162
2017
25576
27248
10503
10706
26455
15424
24820
97
6276
22853
26503
29638
31777
31167
8905
27017
25899
6827
11785
2128
28322
8417
26091
18633
24992
5467
24387
17689
12187
5852
27019
20051
23920
8202
18654
14459
13195
2280
32702
16594
28840
31369
22164
26355
6980
22688
7904
9202
10778
23270
28538
29668
19700
28711
13935
611
21990
7569
22209
21807
21924
20276
6850
645
1971
12659
21369
22009
9335
20304
20280
11236
17516
11142
14009
18804
14939
29669
23821
13938
16108
19954
5736
15309
19355
21751
19783
8658
10500
63
371
29197
22075
29307
10263
10292
11193
11927
22910
13237
3415
27114
21807
19563
13724
19505
25207
11122
6886
15247
22458
10603
31701
10871
18250
184
1
5006
3096
16790
672
7722
30869
9199
26405
28774
260
2816
23055
25920
32061
26161
14383
25465
18726
213
27562
15440
30583
185
11017
7436
11977
12129
16529
13387
22822
7726
9950
22176
31332
3171
32410
26262
12108
17710
32427
14582
26454
4849
17488
3483
27396
31943
19295
30331
20494
26386
11167
11447
20232
22622
23250
15319
20233
2285
11342
21544
12758
9756
9761
29819
31529
26035
28264
8379
2416
22441
18768
17732
21040
9682
23063
22864
15904
27547
18914
12964
24322
18017
26707
30601
6369
1267
17143
6047
30584
4433
4199
2408
14624
4151
11285
21481
13489
3324
18244
170
18644
6775
21021
11140
10600
15036
16461
11202
32183
12637
7762
29996
19207
28941
20877
7605
4558
13717
28240
29608
21816
31515
29876
30403
16029
3112
17348
6577
28151
8186
8547
1864
17964
17963
27247
21403
11882
27942
9544
24925
25921
25926
8544
18444
16732
16862
11663
16994
30467
7329
23995
26017
21496
25514
24673
19731
27296
29567
23194
25749
12348
23252
26755
12825
16132
16168
4845
23836
7769
5653
6344
5655
29396
3419
8504
5397
23150
13303
17925
18198
16415
3270
16473
14335
32036
4079
21104
28667
8591
28338
16221
10274
10134
10245
13752
8165
11845
28737
2802
21382
8772
22120
234
21523
29712
7929
10071
7096
6168
31298
17656
8135
28319
22724
26465
27836
26619
19120
14980
29730
11668
30427
18732
7763
3785
20080
14565
30967
16123
8802
6826
12977
15557
31426
31437
27201
7171
12921
31083
12263
15631
22237
1238
7088
30173
8722
29950
9875
19728
11491
3902
1225
20192
4292
31584
12387
22890
1175
30151
10498
6189
2512
2507
11340
27432
17012
1215
26267
32032
6324
29726
491
5293
3514
22334
32261
18689
1163
26907
7781
16953
20164
29362
21029
14358
1113
4620
31940
21089
6829
30231
10321
1440
1428
22219
28344
19263
17964
5770
4275
29797
24884
16383
10311
3882
17230
72
5124
23711
29427
30446
22743
25956
12894
25182
24163
2087
25411
7961
16971
29020
2973
19328
30571
16351
3526
27924
3672
267
10187
22634
17776
6107
32679
20876
5566
9246
19683
4411
28549
23635
29820
8466
27594
24444
28506
21294
6398
31989
5779
20139
24515
11139
339
12087
7281
27288
29473
12802
29088
5910
18952
31164
31194
11279
18143
3910
24735
17676
20860
30866
22437
14294
1323
30972
12975
18864
966
25414
18403
14790
19070
16716
2439
19176
3061
23023
5993
14837
21518
9661
28602
20708
32464
23349
8781
8027
12077
30020
25033
29240
32270
2800
25032
19620
78
10808
26131
16374
27633
22488
19069
2999
16802
17149
8973
19051
23360
5813
7195
25165
31259
8400
31694
28478
3588
24329
9644
4883
362
4569
26019
431
11529
166
24431
13151
31390
18795
22274
4216
20
24945
27073
22940
17674
25219
14708
7810
3012
4959
2767
29081
9833
30547
11991
31735
17842
29585
22310
22985
14981
16612
29915
5372
26326
12957
32352
7154
24181
10320
19544
19048
13440
25946
13908
7962
3863
31689
2017
2782
15325
18583
22577
21560
407
12112
23942
23202
27487
19271
17256
1410
16223
14687
12934
15108
19612
25484
20526
10203
17512
22506
5714
1286
31259
11494
3349
95
5963
3669
8384
25866
6315
17362
26166
11443
20637
14187
29251
15383
10501
21694
18549
13825
17008
4818
13951
9576
6099
20294
12173
29055
9113
19647
21305
26824
32166
22611
2385
17449
612
10480
17360
18302
20762
9114
11950
25701
26048
20268
497
17132
20125
27309
11025
3516
23646
25498
14758
4398
6350
9366
5974
19328
7761
3647
8594
7760
15201
6336
1748
252
20379
10208
12548
18836
18162
23501
16907
12882
19721
21032
30793
24329
26951
4272
27295
16349
28036
20338
5671
9433
104
18702
25172
16999
8911
28831
31425
23780
7972
19645
18351
1692
15463
25291
14976
30356
7246
30548
417
3924
417
9539
1068
8835
5808
6825
9457
8197
1035
14581
4343
7306
24708
6855
23278
24632
16256
18595
1569
14849
18307
10111
14655
31200
11609
25435
15069
11387
509
21411
19124
4195
29809
17574
4758
1611
27315
21975
14457
14227
17412
11487
15398
1
6419
32743
21408
21017
10351
20516
17813
959
15749
3293
18543
6790
7898
16558
13940
20208
15774
32642
333
6839
7747
24175
28047
31842
14833
8847
6182
8252
32145
31387
455
25462
1809
17469
21104
29094
8932
31054
4833
12157
28715
21035
23902
9099
20485
13368
29942
6875
27206
22566
31391
3950
23732
20612
19650
10837
21784
19702
23448
3805
6575
26707
19095
16004
9656
8772
16938
29214
12599
16544
2675
19009
17660
22611
24031
8676
14361
16325
17884
5716
16278
20671
32662
29236
27650
19927
12189
8804
6452
28010
8921
8774
16991
3200
24695
17982
20732
32007
10123
26099
2864
8572
1119
13287
16081
23369
16935
21679
22771
3476
12413
2546
7438
14431
14013
3847
23295
20077
6070
21183
11512
30181
16140
2684
1411
9993
27754
22212
3869
26853
14921
24780
18134
14654
25330
19197
23790
13664
27466
8478
27827
1609
23350
23724
18260
7336
2732
16795
32350
4373
16250
10735
11460
16971
5360
21472
29913
29242
23837
14519
21028
32522
7209
30445
25133
20151
30168
27059
10717
15474
4998
58
4635
25340
24106
21067
25029
9641
11897
24428
25655
4168
6337
31468
21590
6931
11732
23349
10388
15097
32490
26799
2734
29183
25112
27911
7707
12598
865
32532
20523
4212
27325
25811
130
10759
32612
11692
7895
29465
7882
9584
9873
16505
6748
23349
20290
17346
5892
22131
27026
18404
9835
28019
29731
22323
6295
7117
22650
2013
4850
3318
3118
18953
26993
11014
20541
8321
12965
7761
11254
26365
8070
15908
19739
19719
13043
14035
30219
10123
20642
31564
32124
31436
3889
1287
19783
9032
7670
14094
5960
6501
4428
17448
25455
13354
1917
29278
17290
25638
17856
27132
16321
26344
21315
32725
9571
14794
6932
25632
6298
28871
24790
16664
20470
31087
1216
10186
4634
14133
8888
5869
27387
9844
13393
26269
1215
16897
8011
4998
4082
11926
15979
10885
11769
29175
18526
25791
30932
30099
13936
12928
9814
6521
6060
30905
1961
4084
13190
31023
13934
19910
22972
3483
24536
10764
19316
32003
8871
13445
25996
253
15155
28331
21671
31947
11595
19356
8155
16394
2416
15170
6992
20285
32557
9135
25329
29124
10253
14056
5381
11296
8168
667
20531
6213
4406
20032
8657
19137
26943
18774
24517
13360
23291
19759
28170
8748
16424
22534
13141
19300
23926
4571
30396
31011
7429
29169
24650
14742
29496
11114
31824
1564
14468
937
27753
4082
30232
17879
23778
7983
484
19039
24674
1545
22185
11604
5845
10899
24225
17215
908
4821
10692
8881
19809
30281
29608
27549
11714
23367
19427
31720
23220
5399
17780
27884
12282
2171
2964
31050
12227
29914
18720
7731
30736
5398
31196
8930
29767
8015
17703
23766
15745
4558
7311
5879
20913
1446
31750
17374
26226
4175
31131
27380
23014
11716
18561
22416
20929
5475
29744
17646
10277
23277
15420
12966
23367
13692
12729
3499
12185
8810
8738
10357
20139
32275
13446
3807
6703
22717
3271
12302
15706
1257
3866
19144
14800
9877
13996
6417
25813
12876
15438
897
14889
31960
26377
9687
3036
23388
12669
23040
1820
28513
2503
2282
3225
12358
25116
15043
13560
18373
30189
15266
23342
25410
20923
8164
24687
30048
18822
12185
12597
13832
27153
19130
9608
11231
23919
21041
16538
27540
25677
21693
7920
18848
30974
15565
26938
2977
10745
23377
18787
21963
8765
11443
20626
29765
5152
6755
30941
15262
19340
29805
32394
29161
10442
15622
9358
5482
4132
20948
2944
9052
17915
368
14654
27708
11002
14882
15718
6187
21865
3078
5296
27137
4300
25297
25293
20480
3268
24150
1420
2102
23359
25004
11337
16745
3233
16163
27197
7635
21419
14161
25658
25626
2277
5638
15642
21209
31595
471
6167
19987
6429
1020
18311
17277
27253
32563
5337
29322
24959
30529
537
1079
26322
11959
7149
7876
30267
25597
15794
15309
25710
5576
16502
20136
9587
26561
25458
5200
20926
19148
16209
14804
21720
1995
15679
12280
6093
19285
23112
31053
23634
26970
20004
18211
7396
24917
18853
14269
14140
27351
10064
8947
19177
10598
6671
5128
26353
2867
27802
12222
14071
15539
17455
7980
10940
31037
29057
27558
6289
1696
10225
6542
29216
21715
17024
1772
7765
4905
17769
5052
26478
15921
13479
28576
9672
13731
559
15005
19241
9946
29206
19100
2510
27565
31055
3785
555
6141
5225
21086
29541
15717
27101
23842
16539
14261
8549
13097
9036
9403
6113
23747
16514
18999
6027
23619
21606
17814
21109
8949
8358
8130
6432
21147
24700
4829
8389
12043
12153
1150
10649
17451
5405
28522
16636
9550
27992
30029
23179
859
8641
15690
8633
10563
4018
13205
17739
3814
30966
9348
1319
3791
28165
25047
1879
1331
7350
6809
26477
26991
12901
12208
9288
19050
17603
5048
28839
2376
10796
20402
26726
11672
29661
29064
22042
8240
27493
32622
19017
7989
1579
5924
2104
25989
13036
17242
5050
27177
18151
6888
7026
7188
11594
1336
24452
29240
727
18776
1512
954
18489
16935
18895
3779
17089
21264
31289
28277
28350
23229
23380
16020
15226
31436
5883
4594
23001
21508
3199
16209
3110
13375
23022
18803
21495
14027
10059
26063
11543
25904
24406
23084
23102
23032
28062
23489
11548
12665
22859
7676
16224
2057
13092
12091
3281
10651
12993
16051
12659
14323
30606
17691
4081
29642
28743
2549
29153
3845
24771
16493
32094
20185
20505
24251
5097
22545
31946
409
10059
378
18268
11964
3936
8793
18897
4005
25517
18444
16544
3192
16293
10750
13480
23809
8145
6099
23977
21258
21166
28507
24098
18382
17054
16894
13904
2190
25324
12977
15567
2917
14024
23510
32662
30597
25668
27852
31771
4314
32583
15517
10762
20135
32736
31447
25457
21329
2369
21110
29431
29987
30604
21792
22907
19204
16606
26975
13529
13864
18973
2352
2386
12133
24389
19750
21314
22708
18272
8624
26084
13982
28356
11974
32098
28516
14906
24282
5015
20821
25866
8955
23311
24750
4991
15352
20243
7110
12507
22183
10663
23592
26655
10069
2192
26650
18210
21923
28578
20827
902
9706
30299
5397
21703
8840
13822
27896
20585
23988
2522
9265
12693
19240
30321
10738
31316
26508
28327
24414
22428
28819
6180
4105
29675
3452
2598
4254
6360
24343
4628
8063
27472
4084
9084
29335
14039
5255
18508
11493
16955
836
12279
19946
621
1140
6789
15521
16000
27355
29117
23569
15921
12440
28867
19084
31742
8003
7710
31536
17816
12526
6792
4135
5442
28710
961
12792
27598
21698
14761
9873
20804
5698
30297
31830
10045
19420
9316
20776
19900
18257
16397
28966
5025
23737
12929
1821
17648
6315
9758
18729
29354
6381
11521
17493
18007
9921
27667
32342
6613
9968
6342
10752
3319
1497
12089
3688
7512
11106
23690
4996
2365
19960
32623
3525
22332
21873
17134
17284
20827
22922
9320
32584
7221
10547
8269
22540
8956
31367
28947
24180
16507
31712
19689
7906
17471
24337
5328
4841
8297
402
28232
32753
21984
11760
15284
21194
2564
27167
14506
25382
59
29770
25950
20096
30878
9200
15862
6747
9056
20436
12384
7603
31423
18758
20449
4354
20595
21894
31456
18332
837
28960
15864
12030
30560
1708
22084
16559
19343
23701
26827
12402
26789
717
10661
12476
19441
4816
22640
26696
4443
19087
8430
4975
3865
31284
15491
22890
26905
4215
7980
14854
11317
5884
9852
24665
19264
8518
11603
20777
360
4742
28420
19632
24729
13771
29781
7170
31716
23514
31177
17977
8434
12767
27828
30805
25022
12042
1316
21063
23294
11598
649
10226
17804
16551
27067
19619
1968
1592
5278
18519
4428
25601
11898
3301
17898
18480
7871
10839
21439
21651
12624
10977
29391
12682
11124
32664
12474
20353
30066
21778
21996
12703
4235
16914
20096
31336
6792
32610
11634
26171
22439
13094
22426
5975
30604
18310
26559
24006
13564
14498
19791
22884
20734
8667
24490
18434
20585
19210
8681
27668
26807
2228
9102
25965
11413
5188
21838
10956
30101
10917
1344
920
17420
8193
21191
10794
25871
4725
6293
14196
30986
11244
17703
13283
19999
8531
32167
8291
7981
44
521
30508
11759
23363
25133
15241
16324
206
381
3627
31456
9357
19581
31599
3456
3674
589
20700
14597
5538
4687
9866
26343
2762
29406
821
13358
5431
5894
24558
13538
1902
4948
5469
25272
27825
6276
15055
8874
31754
8318
20661
19619
12645
7530
17100
2866
9856
16060
30296
19550
464
22892
6510
22058
13224
31681
3278
26655
6164
28768
22933
25325
5137
11230
6329
19555
9544
15943
26593
15414
16335
30249
22416
27000
26152
27568
8054
14644
22717
2087
26293
11086
17478
8720
6938
4999
20490
24806
27831
12834
6839
7937
11101
16878
9507
25099
24173
3138
31767
620
16383
18757
6029
20693
6083
10242
30325
8698
21618
21034
31717
21329
7448
24580
21678
15761
12750
4972
13687
16442
31853
13632
22004
15216
27777
25311
28852
2707
28109
2140
6469
16499
28421
26108
15678
23641
6574
6221
11279
24094
10556
26895
1871
31706
21984
10092
26644
14227
18322
5839
3709
24555
32336
2798
20141
30549
4549
27892
19415
14352
18895
26113
9870
3710
4922
27072
5491
27519
4558
11551
9446
10742
9263
26476
7842
23925
27341
26064
30058
9590
13981
13415
12075
22292
9486
1112
27385
15559
446
611
28484
1011
3792
19797
13142
3385
15493
7603
6676
22277
22667
10913
32420
1790
12269
13474
12427
8962
9130
5014
1172
11929
26002
30746
4246
16366
29819
103
17248
6947
24504
21069
5084
29437
2517
14355
11387
23616
11858
13760
28188
16460
29682
28850
28100
12432
30141
4945
32132
13266
31130
15177
4403
21506
32544
20281
18370
25699
17187
20170
20501
22332
20958
2114
25299
23372
8298
26840
3020
11541
29917
10925
31750
15607
7927
16238
30583
123
20828
4130
27224
31891
24093
2319
2952
17215
1397
8283
25455
27333
21535
30055
23322
26000
4401
1371
22883
17493
703
5338
19689
1593
19628
24972
1014
18003
11596
31523
30399
14392
8866
2351
16810
19786
1677
26786
11231
24948
16491
24538
13219
25511
11313
1040
28158
31514
13028
26736
16671
32501
14787
3765
11702
19332
7931
9059
4792
17316
7374
16630
10073
8452
15557
1432
2186
23727
11620
13208
28443
11467
3748
32323
15735
10659
15942
15737
31119
23029
14040
16903
13296
6924
25637
29876
5173
16918
2982
23443
24988
9455
30741
25353
8439
3511
1892
32706
18208
15450
4707
23254
16784
1588
24923
26900
29266
14661
4165
26704
6871
29277
5367
2113
14125
11428
595
16894
11734
28263
2785
27524
21822
1226
9483
15905
3646
20570
6725
957
16707
17953
17974
20343
12819
15228
4993
8973
19434
16169
18447
11802
25814
16937
20811
17985
3162
13437
15125
11181
8951
23951
3868
7390
1724
28454
19493
24300
31469
12121
22369
20079
32582
9374
11165
2916
1150
17056
19975
22843
28443
3238
10808
4026
10315
29169
17175
29904
17650
14409
92
22977
12230
6399
14172
14247
4524
22114
2346
22087
30437
32722
25406
22649
13478
9960
31691
940
19792
28972
11136
10972
3326
14968
23569
13940
16819
11175
14006
13347
7289
29810
2955
11061
24544
13786
22070
20340
28696
4755
16902
18203
6851
10859
2579
12803
7478
8453
6892
11785
3988
1293
13693
27665
8591
3036
14041
7500
5110
20781
3364
21984
14238
16911
1999
475
31420
8038
12017
28560
31119
23901
12906
2056
29456
18166
26401
25210
30807
25084
5815
28033
24229
29779
13572
14298
5859
22044
7084
27672
22465
2911
26127
1713
4437
10602
8670
10408
29811
433
25321
2789
5198
23224
14686
8872
25263
1789
9863
1985
25523
9852
25915
14418
18647
29410
9045
25564
11341
9707
4299
18955
27603
16561
22347
13212
5986
21325
12728
25000
12802
16536
30532
23601
28236
4154
5501
29750
13333
29917
1997
24377
19274
8352
8837
10066
7849
10427
25568
12027
3782
9604
22092
17406
11975
19327
17343
25555
32279
22229
32046
3058
24563
27808
14217
23816
31461
4608
32024
1727
1624
6509
32310
21261
10838
17556
30000
310
14900
24099
29722
32437
20555
15549
16427
30444
21689
6357
29386
20092
26078
2271
12792
17285
28509
25638
22487
13122
23927
830
13985
13159
30076
24519
9982
11007
7855
17720
32463
28864
4648
10950
32604
11145
20581
19730
2226
9644
24705
32227
5989
4436
30245
9572
6319
21452
16999
21645
12737
17737
32702
26230
587
18365
2594
30636
31050
8280
17902
26391
20002
21306
12545
30651
17843
17588
10516
14526
29731
30272
2435
14698
3061
21273
18646
6622
27138
22650
22786
19645
13694
6353
30266
7431
28549
13389
27651
2298
10181
5310
7586
5583
28539
13288
8535
10587
17847
14530
26868
17141
5563
24371
11443
18089
15515
6494
10542
24419
2739
4285
7277
982
1258
31101
12162
23411
3632
5789
25742
24177
3618
1057
22090
27557
30028
28
23445
16530
24755
25121
7200
8650
8140
13661
19157
2031
364
10013
6146
23506
4548
12746
3351
4694
5193
3167
25908
23109
2585
8512
4582
19353
30395
12129
16187
30708
23560
12993
19403
19176
6510
16097
26466
30183
25484
20939
15788
10676
16040
17299
7222
27424
11782
26453
21710
25259
30493
19758
18159
13970
30680
11878
25113
2596
8175
9750
7662
11134
14946
14197
11732
28129
30091
14180
10246
17486
1467
23205
14646
18946
1356
3151
29777
17201
32156
17907
12652
21951
15819
14066
26242
15086
10183
8056
23460
4948
6549
17870
31050
3558
13419
2916
881
8988
15348
21490
30463
31874
29031
20842
12263
17299
15187
196
6359
3422
26694
32319
32611
3424
15160
6016
11806
28729
1872
25732
19906
6437
3940
13840
6422
11555
7207
31410
25097
32733
23521
11818
6500
15380
4554
14892
28686
22305
29863
20655
15611
16936
7933
16724
4288
24653
2868
17191
31943
7144
30419
18234
28813
29315
16417
24170
14347
144
19250
1836
5271
28506
22938
15860
5307
19083
6073
16236
30900
6948
11080
17641
15224
28764
23250
17351
30241
15935
22602
9996
13826
2597
20378
21454
15358
21790
23523
27037
758
10317
30051
23884
21054
15765
11853
28069
15477
29215
11665
13830
4125
9163
15365
10249
14045
13793
5912
28248
1381
27792
1840
3326
7962
3503
9438
6281
4591
15154
4863
20918
17430
9184
1992
9625
14663
5357
1601
15285
11270
6598
20970
2593
20138
14687
17984
23042
32064
16912
28798
1824
30704
29191
28809
385
28733
22871
15460
26113
31081
31725
17352
12519
13557
25795
30551
9092
24833
19280
20024
24606
9604
20783
13940
8752
18247
11496
21303
31570
3624
6806
9508
3997
25766
27810
11138
6516
19996
25335
25446
28275
5556
31870
24066
12187
14705
25299
20278
8187
14447
15673
16891
5584
24252
15274
25072
5640
17792
5728
13332
17141
3651
32702
18216
28071
5274
20922
18254
4256
8178
1983
27217
8569
11822
5881
24944
8841
689
25526
1261
11865
10977
14907
8660
16596
29361
7205
827
28989
2106
22595
28430
10335
13071
17089
11734
24497
1899
16678
420
24649
7107
16189
31009
4003
14286
4938
10557
10776
24686
12331
5071
20401
2667
21782
26683
15055
8040
15441
17581
576
3448
25184
10970
6931
12260
17985
3551
26914
31433
21457
31074
22055
14342
12598
28376
28271
32245
5793
23063
25600
23936
20914
14968
31343
19623
13822
30928
21887
16324
7826
21529
30240
24531
15204
31778
29331
18695
13265
13677
12974
29588
9971
14853
29936
27695
9444
21266
7245
20472
24952
20678
6239
10931
29727
27513
29610
31890
8849
2295
21067
32295
24896
21688
9952
2581
7895
31699
6480
4131
2007
31846
25506
18523
29118
18338
7351
24428
32120
30532
16134
20082
21476
24074
8477
17509
682
6529
10220
8708
1897
12595
14001
17506
18641
14429
5509
31193
20079
9669
24809
7564
5864
4881
8067
11338
24665
16767
19924
25581
7090
32413
11734
27556
5644
4092
8200
4345
5931
22586
4047
14712
12699
31031
14421
29966
5376
3937
31076
25021
29919
14092
5746
21287
24807
12242
23379
30881
27479
26795
30608
21884
28729
25102
12084
20418
5356
12308
14889
13714
21573
15382
32472
25875
27079
25975
15912
24455
26227
13395
4199
3726
18039
30737
26413
2594
28242
29844
30193
19291
29179
13351
14472
16445
791
8246
5287
1628
18049
4656
26411
25995
19592
7312
2644
17364
18121
3871
173
4596
25737
355
19977
30678
14968
18214
21408
31554
26509
5963
3329
27419
28072
742
2638
15029
31721
14915
22476
16052
30988
18821
26280
23706
17425
4476
6650
7142
28937
18131
1079
23293
29612
17017
19080
30887
28612
29002
2454
9635
14650
11275
10064
19393
16841
12944
13088
11940
21914
11660
1473
5030
9016
21769
30139
31292
18339
19660
5397
25194
24974
23641
32667
21491
6701
14690
32416
31786
20541
5099
20426
1834
13256
19145
789
12119
21863
7944
32172
23747
14926
7515
7582
7137
9745
31697
12811
13816
23954
18493
30636
30755
8104
3651
9012
32559
9341
12308
19618
23339
16688
1984
5023
31428
7702
22949
11558
20117
26597
13365
15309
18163
9049
18028
15021
600
9163
11402
17295
9961
14477
26068
2189
480
22046
6865
11714
19722
1517
18008
29959
30933
15587
6744
21974
7420
9841
7620
29761
13187
6484
12639
10130
3884
17620
25752
28826
16923
14408
19670
6114
18648
32256
2700
15991
14590
31032
4596
22270
28935
11040
29613
16688
21809
23075
2284
2627
112
30163
12001
28415
22179
12652
31832
12146
12816
22057
30032
12133
25586
516
2717
1565
3715
706
17742
13231
28143
10352
10412
2101
29295
7450
28585
28345
23859
7586
21165
31962
7514
12578
23844
9367
27107
31500
29276
5749
31013
18630
5751
1322
15521
12313
3625
26793
2696
16043
1975
21680
19037
24974
31737
25442
28556
8120
14508
24567
7065
2125
7288
26633
19663
29453
32479
16390
6787
27263
3265
696
17701
23979
22251
10901
26195
3538
9903
1946
27695
19876
2624
7314
22201
19714
488
25467
27355
31713
13364
7672
24693
20200
10656
8139
2314
14159
25994
3891
31248
29506
4398
13490
18380
24435
10710
17769
12222
2571
6169
14235
29916
16980
19606
11767
28450
28239
15978
22787
1642
18826
13589
8072
25156
7453
31304
26249
28882
10469
29841
3595
5545
10670
13294
7190
2547
24904
7081
6388
28200
13825
15891
9829
25054
28538
32270
1706
16128
14118
30876
394
16339
24914
4179
4211
8105
22549
5345
26025
24728
15092
15800
12550
12170
24032
24186
27646
16649
23126
30703
4861
29138
24079
24210
2299
26666
22091
1731
3872
7029
17693
12534
3435
2497
12194
3293
21179
9311
3543
31786
24244
9771
1736
1527
16316
30048
8332
26825
11427
11091
32270
1910
30578
12501
3620
957
11541
3727
4788
16051
12895
6186
18996
19028
6714
29790
2101
9031
15852
5421
26570
10734
26398
11574
23054
159
8870
24738
31146
12244
18321
15365
7801
16575
29534
32406
15
13757
21828
8383
5879
26057
14060
29507
4409
1494
353
18709
16517
971
14013
27889
4511
4640
20136
7904
8683
7470
3951
711
3843
21193
23099
2685
26280
25800
13313
29440
20402
23911
15266
20498
9321
15949
24133
14099
3196
30923
3928
11334
17933
18272
9669
18004
235
31042
10695
26225
15825
15430
16885
5151
20951
12198
26055
17157
16533
20356
1964
31866
28473
20648
3190
18044
20376
15771
24413
8120
12658
31708
1128
26917
12201
15078
8757
8114
7413
18361
218
9231
11357
21385
30194
141
22235
26400
7285
31946
31978
12053
18241
12063
22226
15923
10970
28972
13485
2931
22631
7646
10958
28594
12941
2064
3382
8505
23526
8004
29550
32228
13243
30959
23945
4208
18995
11573
8842
23160
21173
6529
3974
17413
17520
16441
11417
18491
24582
370
7368
18735
1185
12777
25072
6308
2208
25266
23980
27819
9212
16455
10474
24395
3318
9106
3844
31576
9023
8999
5567
30621
13332
19458
26817
13215
12359
15538
29331
25581
14992
30523
2270
25192
26095
22784
25852
10232
21688
14640
19318
23142
3008
5992
22937
1207
20280
10377
24622
10047
16086
8875
23713
8484
27895
3378
11000
16171
20014
29567
24232
16837
18952
7951
17164
5770
753
29344
9775
7656
13779
26504
19767
6213
13655
12784
13583
11218
17691
3835
11968
32272
28061
12045
15683
16352
14270
16262
14465
22832
2017
25129
14079
17853
14447
21669
19854
23319
2061
16338
19431
32151
1387
25106
21541
1136
896
10022
25648
22372
16124
25192
17212
20347
29078
1561
6654
11713
3446
28476
9902
7373
11093
392
15473
27606
25
2654
29154
20604
11658
1452
12766
11687
31186
31609
30415
21963
11521
23683
19944
3409
24288
30231
14374
28415
20646
6054
23541
617
1354
31263
23948
26079
20520
11675
29196
16256
14205
12584
41
12640
13074
9957
21051
17959
19017
12677
18315
21171
6181
25501
31842
16442
26252
12047
24250
20584
4774
8713
10879
10468
21815
16485
24414
13471
30220
22043
25212
323
31319
1510
25545
25137
19448
10852
20619
12244
22730
4248
3800
17570
9870
25337
29019
26862
16008
11976
3740
20981
1548
10924
11597
23289
24684
30591
31220
10324
22331
7246
67
2186
19923
8343
16690
23285
26657
9594
5690
28831
10541
6121
32569
14635
32566
20327
17020
11888
1720
19503
23180
22510
31026
6270
13923
19597
3115
117
21577
22203
19290
9754
6856
28578
16589
3359
13338
26671
3951
30273
25015
27022
3920
31415
19439
22367
30096
461
876
18685
7924
23848
3228
5335
31272
12839
28263
28333
17206
11590
6606
24923
29768
20223
28525
9641
22460
12857
29469
18028
9097
7613
9355
20074
17665
29781
20220
21720
31497
24228
256
21380
12978
30047
31969
13621
695
3294
26454
539
29806
13213
24967
9458
24928
9628
20479
18018
29229
6993
10023
15951
22631
32481
15598
24025
31798
31917
1268
932
12965
18630
1522
3727
9749
22733
10212
13096
11915
22586
4648
16727
498
3460
5929
23491
11225
699
28199
26684
2455
29596
9706
20235
31595
30522
17870
31837
26151
11870
22487
2934
8521
27798
3003
22620
17865
27978
23753
19887
20635
17604
21492
31180
23926
16950
4100
8509
26540
1047
22715
8077
694
9745
21711
10142
4928
29323
19928
21765
696
8364
10138
10934
13852
6931
19171
11820
30022
32236
16500
12646
24696
13052
26100
13871
28294
20138
21927
28200
14465
22012
17538
3168
4102
9436
14037
8508
9024
34
27843
14499
618
12614
16885
27831
6746
12127
13640
17236
2886
32116
28826
26557
30140
13940
9703
1176
20452
13353
13069
18787
18188
5334
19480
24844
3519
9731
24787
24067
29556
27704
4670
22905
29851
14804
18840
20592
17023
26755
4729
7830
9837
30774
28313
11549
3773
15436
26966
14630
3089
27620
2675
12081
25642
16418
12542
16132
26802
16181
21552
20429
29452
18193
30298
22985
26513
7705
15134
27059
7045
3741
12961
1611
32117
23452
4943
21558
19592
11840
12463
24309
691
4054
23911
23362
4653
32404
20078
21804
24669
8160
784
27136
21820
10629
428
1313
31339
24167
1728
27567
27013
17420
20102
4261
28998
1409
10550
14343
4528
24386
6191
24368
28126
25796
15075
15594
31389
32468
16633
16777
12139
14599
11277
26378
31176
1263
4932
1872
28451
9917
28825
6147
11580
26877
5462
7292
17640
10311
8896
2935
2826
25115
10587
18027
21345
16361
1207
20958
7672
10731
14293
21635
13694
5134
28052
19342
11987
22895
11462
16847
11323
4769
18706
25182
19803
21568
31910
8959
13413
4638
7805
17430
17546
27865
26387
24085
1286
6983
11671
23856
21649
9890
5386
6074
2403
25313
26863
27962
11200
28777
10582
10753
689
3391
19503
24863
31767
32263
10229
31990
20552
27816
12869
28862
2197
16804
7448
27354
25195
12287
17199
5258
11047
15646
19971
23719
3734
18787
13547
32326
30021
15861
22421
7553
15863
22198
1098
18924
22034
28173
19433
28490
6117
23050
2340
16967
7803
23876
29212
25786
10869
3410
23765
22769
23535
25652
19199
26185
27073
12948
22794
20665
32147
3080
7309
8063
27401
26877
23926
10085
12605
23843
19022
32247
1036
1648
17307
8185
22037
16151
14803
9058
8226
23268
2158
8874
8511
27209
10597
25622
13980
26604
27950
15754
23851
27973
31415
24888
23890
25426
28532
26141
7667
29258
30282
15330
14816
32440
15411
1480
15972
17411
31232
14905
11120
3526
31059
983
17288
27856
7780
3263
8512
14404
11677
28043
6932
31012
28017
15753
7743
31627
12728
30957
20279
31112
32715
9990
20537
27265
5199
30327
16999
16900
17859
18875
19484
271
20188
3078
1485
29935
10647
10281
25730
14863
30233
14731
11147
21572
3441
6453
17662
22948
18082
2916
6811
26954
10822
748
3489
31653
22892
815
24414
14148
5964
15426
19850
16887
263
7991
32192
3593
5988
25450
29114
4004
31590
8793
17186
12143
20461
32458
11440
32203
18629
8645
15285
17069
4562
3954
22937
31098
29375
5917
5098
6257
32368
15640
17708
7619
17422
19441
112
29271
24454
3809
1083
29127
6961
23018
20341
13138
3930
5458
23963
2861
26429
1793
9385
3042
24886
16408
10313
28909
1163
471
29670
13525
22516
30119
24381
31777
6679
31760
17771
10154
19616
14974
29503
384
11185
11677
30580
3941
28936
29649
17980
24335
7748
11812
6101
23974
25723
862
18093
17855
18601
29280
19429
21425
16270
20144
16787
25452
32351
20743
22429
12154
14625
19119
17937
18356
17256
2007
3594
25042
16652
11190
32518
14376
1968
24618
9947
20650
30603
638
17745
31780
27307
14815
4144
27979
2134
31102
1963
14235
21168
25042
29517
26316
5825
5372
26075
20313
8182
6548
5205
31257
17686
31875
12418
23838
31979
24063
19753
3964
23679
16660
13514
1002
10652
7190
9623
627
4015
26566
14465
23751
16154
28061
7593
32198
6246
8821
21530
10157
73
31787
5940
5275
31089
12212
3371
14223
20239
15320
11315
31211
29015
21662
6870
9276
13112
21293
27808
9802
5644
15037
654
28067
14789
4241
28301
7180
31979
31424
8634
529
26739
1940
13661
13082
15005
24362
23545
2057
14748
27526
26191
9424
240
17311
6569
17873
27204
25775
25591
9684
8237
11288
4748
30186
1267
7151
2546
9279
24582
30090
25123
14644
17062
30098
7086
662
2666
21430
31852
17802
16323
21236
12961
9814
2777
32647
20207
22453
25838
1191
6207
11735
7821
1775
24345
10112
29373
29682
17816
23177
31838
13606
29690
22922
13249
5024
3077
27587
8075
4672
32664
5397
23080
7637
24759
13978
32439
29033
18528
24565
5608
2750
5930
1159
24468
11714
25987
21168
24353
6411
32125
28428
18115
475
3832
25640
18737
25219
23488
27169
16611
13584
31756
20057
447
29570
3811
32238
29119
22302
8925
12496
28726
12523
23775
24066
6175
30800
28577
30882
3940
19649
21575
18638
3410
21930
13449
19875
22364
3393
30381
5732
14393
21317
31729
20978
4929
27362
27788
8676
9359
32282
7195
21702
13257
1667
14371
10314
27745
11727
17939
18735
1599
18362
18236
32610
13793
31203
20145
28107
32317
5302
29770
18452
14692
1400
11499
12126
27502
22669
20295
24609
26599
11738
27451
6467
8007
13444
7684
18087
15220
31193
13657
6365
4359
8375
2917
24709
3535
17593
4353
32686
18531
1195
11508
6547
16986
18317
18947
11115
12193
6634
2613
27533
12499
17296
27201
2281
11905
26932
9574
6688
25684
1247
9920
25435
15621
22279
19314
19196
5382
25103
7988
26572
11458
12375
29395
16170
11159
29573
22536
10643
4118
19069
2399
32028
30084
31123
31837
25766
6131
1110
18776
21035
20594
18735
2363
9172
24549
28025
58
416
23384
16938
30505
22192
32037
12617
2070
32717
18339
26779
17111
20218
14128
26450
2784
18591
26548
1220
4239
19798
3471
30233
10176
3195
11541
656
23529
19822
4616
7720
3458
4172
14489
31984
8104
2334
14217
22724
24270
575
19215
32671
16462
27382
22977
17217
15523
6567
23633
30410
6950
1387
29947
18503
27549
16622
26877
28060
22837
24329
5497
25833
19863
12807
11453
25763
16360
23790
15886
20091
18967
1724
15637
32569
11980
30147
10723
6465
18286
23924
14686
2073
18765
6616
896
28454
31192
3305
13381
20086
30334
28638
937
1896
26374
31943
8172
24155
24765
25332
20559
14173
4958
9536
19219
1065
32173
13875
29038
5286
19590
20029
17552
543
2463
21173
7975
28274
12773
28271
25434
1943
27817
28454
18472
31395
4587
822
6668
23504
21714
1532
12532
4649
30469
6701
23120
1015
32236
27284
26640
15358
18142
23736
3113
6018
7656
14471
18555
15427
5539
9502
30247
9629
7881
19735
32236
21966
27879
31782
19942
21779
3291
17215
8464
16825
31794
695
32535
29480
30542
18121
25827
20814
10849
431
19977
23864
20620
28772
25493
28515
9253
8309
11302
20007
38
24771
23164
17707
13816
1081
2670
23655
13519
19790
28528
17649
21875
20191
14277
13430
29897
4526
1966
785
31810
6723
24332
27165
25838
30327
7201
23591
12349
15459
20447
514
4437
1010
15998
5484
15648
14844
8561
17118
8536
21777
2114
17237
18344
9461
7697
16008
30548
31831
28289
30403
17554
2855
19761
28696
5253
31529
30837
29741
31633
9747
24621
19120
14798
12580
3955
27142
25367
18249
21849
30801
15229
12399
26937
31575
12843
26714
15190
11213
25302
11688
19998
28492
3803
2584
23417
4531
13537
18676
17490
10806
4537
24735
11926
14020
16876
9506
8585
24787
5173
18683
2326
9177
9027
23827
12365
14440
27748
21837
24408
16135
4597
16813
32760
17226
27837
18226
23728
23613
25157
24606
4043
31924
20080
17095
14214
25655
12895
13904
6863
17133
9195
17666
20999
2730
30062
19358
12896
26954
21015
8365
4955
30565
19595
32626
20559
8771
5775
23242
21720
24835
12702
12502
30213
3382
11708
24788
16723
29511
25529
13872
18976
14088
7203
27153
22204
9822
9664
15938
32392
19870
28126
22699
24466
9005
12505
7476
30099
10063
1389
29607
4042
28407
14434
20942
19286
11387
4893
5255
29523
9613
1076
13914
10678
18437
23801
10190
842
11064
1737
10690
11242
22779
26984
19400
24918
7949
26907
10448
16723
29842
28096
13796
20110
9764
10946
21540
14736
20644
27946
11618
19461
1460
18353
26824
21266
2326
10989
32263
11323
3817
1295
14756
5825
31480
24884
18012
3466
7690
25846
6724
13862
21138
13253
5849
24010
18491
25071
23669
13389
24868
16074
23794
14162
3561
26421
9690
22504
28069
3312
12996
7128
11569
10223
31151
29738
11958
119
8632
24883
11352
6585
30149
3391
25324
8911
30915
31674
17372
22706
13070
1355
12558
19840
13556
23141
21226
16973
6148
32121
19741
29039
23663
19522
9458
13241
3828
22625
28290
22577
7972
15818
20369
5027
1179
9383
30445
28822
17136
25952
19354
3875
24976
26058
3702
15127
15114
21169
13388
17643
17855
9889
13873
30295
27859
28204
11542
11785
2079
19958
5920
24097
9088
23676
4400
13179
3766
29848
17897
3165
2181
3019
32299
28405
19024
30298
14869
5383
11440
648
28632
1068
11149
1399
1151
22569
13400
22948
30427
17331
16857
15991
17972
13248
18089
14426
31189
17457
7669
636
28442
18505
30412
3423
3685
25833
10203
16184
14832
29308
22617
24655
11834
15012
5326
3470
11058
3231
23985
20421
15758
30170
1046
24482
18482
5997
9617
5263
28383
8390
22653
7233
5993
4574
21166
23772
5021
26866
15173
1116
25587
15797
29280
17907
7869
16061
14533
19801
22671
28560
30430
13726
27458
4210
29036
14090
14544
11099
11469
5911
2978
23040
25117
1576
26746
21680
15452
32618
11854
10035
10429
13676
26413
29486
10851
32534
8090
29206
17547
20162
21332
26909
6878
7178
10887
20762
16508
11011
12274
24934
7617
5590
23758
30351
19339
21733
23107
14968
27759
3119
10690
12811
5907
3461
22814
5402
13008
17892
8371
2856
16137
11670
5621
26142
24281
10007
9952
6532
23334
26967
5298
30740
11353
24289
12065
26401
25145
25973
11566
19583
19600
18406
1754
11150
8312
20847
990
10592
14458
31897
20202
10252
30233
6405
23029
13774
3643
27625
19370
9921
27888
12209
17485
21647
14382
2324
21422
7441
30226
26799
26478
2485
494
31249
5115
6904
17247
24360
6088
9356
12969
17221
10926
24110
22292
6783
16191
1
27649
3740
31780
31849
3863
21375
207
29677
30648
8753
26457
21779
3608
3476
6110
13271
15420
21455
4589
31996
17774
27310
26108
20770
13247
24389
22552
14343
5568
12878
22273
15965
9668
3429
10488
20646
28293
1308
12305
25697
19558
23087
7799
26171
26361
8850
21883
7737
19951
17679
11728
31734
8273
18687
8790
5628
8118
1472
14519
10716
28116
10813
19900
6435
8718
8409
22135
26823
15430
17498
8829
815
20603
1419
13046
27758
24581
7201
626
22017
32651
14503
3568
9444
13283
14738
20679
32207
19232
32470
27351
27806
11223
29943
18138
27472
3893
13537
23752
6316
25609
21600
11454
14486
20611
31563
9279
18782
26102
15910
22879
12823
16373
5280
15009
24748
25233
30214
12576
23722
22809
6563
17712
917
28795
17088
27770
2973
20025
23453
24428
20839
32082
22317
31768
26966
12352
29726
10225
26536
28273
6750
22865
12622
21658
26553
20049
23623
26877
28308
24983
21535
7333
14468
3957
27392
4353
32327
13520
6194
7898
10671
31965
22824
5492
10624
26281
9815
29387
16016
32129
22333
8187
15089
19197
1311
23365
23715
9896
15426
22664
4672
25442
30443
3370
6118
16299
10385
5457
12344
29470
28280
12096
26197
11988
14751
6999
15412
18195
28094
12289
27899
5173
21666
12504
32518
6918
30840
24527
24830
24868
19687
31523
5098
995
31586
6937
16330
12504
23205
9333
12396
13445
25649
1216
4211
10190
27109
23697
23019
2842
5271
28207
6403
22695
30057
27623
21626
19478
23195
15504
18072
32487
10017
4628
11923
4580
24994
8355
23133
28147
13666
28611
5182
10452
21276
6167
25952
16452
29482
27643
20567
12598
5158
6503
31806
27822
13860
19739
20478
28883
25417
32285
27286
31723
8597
3236
11665
24391
19298
19517
25036
19729
23921
20452
15458
30456
27073
22829
19121
19415
27962
18026
9260
25593
4457
24646
18942
28699
15029
5258
18834
24706
10508
3072
4059
15990
31793
12862
14117
12075
3549
27134
18933
16192
14730
14863
26038
20411
12868
19688
18539
7983
30675
4994
30865
14677
16298
22614
18617
14997
17288
19678
11988
2958
14694
31444
17333
18218
17592
16539
18476
7077
17327
21277
27829
32759
31130
10632
16237
26095
31488
25784
9505
28554
31736
13351
8499
23714
15236
12216
31026
1714
25809
823
20778
30355
2212
32015
7728
9054
10637
11182
19458
27332
8784
3979
17247
20519
420
27165
24055
24178
24994
3326
21121
23116
21755
29685
831
29989
4876
7326
8794
5795
23033
3475
25306
5314
10673
31866
1058
7156
27762
31289
2371
26752
23177
6260
11147
26623
28615
19640
3670
2746
5635
22274
4172
8014
1361
15720
17411
21608
20673
172
23595
12781
26394
7387
4275
10456
22392
23849
28168
6970
18741
3839
15609
21152
20119
31045
25463
21127
15908
28159
8206
14155
27179
24123
5798
6514
14734
20969
26100
8483
16961
28114
11376
15941
17919
11746
30974
14345
3172
22162
17342
11130
32260
28803
29755
30678
9678
19299
9619
9961
15883
4875
26423
8257
12069
32167
11474
16252
10085
13284
1300
13874
16044
26191
27991
3352
28952
14726
18339
31630
22642
21210
8423
20718
30046
15182
7050
19924
25565
30457
12649
15176
9064
12380
5278
15786
11041
9678
17323
13117
3216
6865
18969
2260
20712
22252
31620
24160
15138
21181
10634
18280
11178
18368
19000
16927
24067
21745
15319
30003
4368
29048
12874
22611
25129
16698
30810
14354
28019
24828
30861
17353
24378
8100
32759
24544
18533
10042
3920
1017
4388
7582
9972
10358
14043
10142
20666
3469
19515
3458
28870
11226
11252
29610
15878
14587
11159
29643
19581
19826
11048
898
27822
26889
8132
13033
4677
15807
32367
29078
366
7765
7754
26068
5692
31207
32673
27163
16079
26323
23685
17054
25641
25679
16304
31224
15997
16910
20963
15299
15728
18591
1281
16958
19170
3950
17945
15691
11980
29179
25299
25795
5040
17491
28746
15395
28127
28114
18404
4850
5082
6772
29446
26061
10075
9340
31717
21750
15579
31630
22360
11479
11731
16157
15443
8686
19897
29276
19399
18723
22421
21737
23187
14818
16831
13128
2820
27867
30201
2436
3803
26864
15451
12456
12681
20913
2605
12721
3626
14428
23022
13979
14096
16121
3211
14537
23919
28878
9814
4558
4314
944
20789
8476
1671
25335
1212
29961
22683
471
3180
15002
29668
22098
29034
2970
28050
18924
23539
19398
23903
25224
30541
11042
2692
13668
21959
18739
29432
6645
19837
30758
12605
14611
11523
31067
2803
31539
7091
22631
7261
16436
14490
19174
25594
25841
16530
23115
19087
4053
6435
6617
5666
24061
23662
29839
30949
22668
1627
3782
9841
7048
23282
5183
28401
27773
8163
8391
11412
20781
14720
22620
21647
12403
4108
13209
9262
2963
10773
26600
31316
18482
