4732
17596
25006
12160
6520
17306
947
4915
9446
16726
14874
11369
30240
25824
26512
15972
28434
10345
20185
21738
29842
19488
31475
14885
10824
13219
20820
8389
16357
7573
19118
6428
9037
23440
9896
1600
3109
6319
18739
27820
11673
28518
28309
13428
2242
20618
19808
928
15826
17116
20950
25343
5940
12529
29154
30672
13035
11589
17535
8704
2307
29138
15667
5500
15073
20670
12321
31868
252
25327
30754
17066
27957
22931
28765
3300
1679
19271
24156
15133
10587
26409
3131
7040
15566
21939
4394
911
26487
4672
25883
10014
16371
17157
12774
4774
4270
23032
31735
15385
12328
23431
14982
31089
7244
2765
19771
3472
7647
29062
21339
19564
341
8965
15216
25742
658
4990
22735
11462
20453
29438
23330
21311
283
12762
4999
16076
28186
4133
18489
24635
24106
21427
18823
30137
25117
9288
13782
7369
32713
12182
29570
1046
4523
7172
29191
18820
7218
25649
29471
19320
22273
13748
4943
29381
9492
28092
31498
11115
19334
8742
5792
10784
28950
3384
30428
3088
13423
4905
1902
29859
16606
26287
3354
28417
21128
1933
31079
277
10278
413
2141
19871
13279
9511
30649
27156
2970
21567
9903
518
30036
12246
15779
21107
20871
15369
12474
24170
23789
3088
7203
3121
3859
23863
27385
19792
5778
1314
11414
29061
8391
4017
24316
18670
16835
10398
22622
19459
11108
25257
7234
1519
14440
2291
22191
9732
4883
26263
26887
6381
9172
29844
23461
32271
24968
24864
12033
8557
6457
13454
32417
7555
12724
16422
20565
11290
11039
21381
24630
15333
21595
21073
27309
23924
10699
29941
13799
3593
18426
16087
16456
3678
23194
257
7714
32381
5878
17389
19116
6429
7168
1499
13410
16711
18202
16070
24329
28325
12573
11268
3661
9548
30414
1637
30461
31330
30032
1256
15533
8533
32077
6312
24266
18910
26726
12040
30310
22669
24672
27459
15839
19617
3570
12869
6615
8955
15255
29174
2554
11487
10922
8881
20192
5849
8740
4807
8068
13114
25672
27334
7171
23808
23845
26876
5738
21229
28024
8528
23856
13061
20560
31607
27101
27185
23107
15853
12760
13839
24638
12202
4965
10337
13821
12415
7146
28219
6656
8378
22843
22671
18934
30175
9317
10570
25420
22642
23082
20134
10051
17090
6452
27400
2647
5619
15484
18968
13494
17548
8382
18745
26383
22218
11698
24022
23526
3714
8998
23150
6142
24541
17811
2358
5668
23734
28105
23496
26550
4882
23916
3874
21313
5654
18277
671
15714
15432
16953
32523
27316
584
8084
20313
103
3337
26645
5947
23197
21744
7810
3099
24335
7689
12120
29759
5223
10292
3395
27066
25026
22547
25676
5061
7435
1194
23996
10586
167
31628
28765
8707
4289
8503
32744
8543
13784
19679
30196
4643
21977
21637
15402
14393
21547
7234
30454
15627
25978
22686
18280
19169
22041
16662
14111
11793
2907
17003
12346
1547
23632
15340
8599
4586
28844
31627
15898
28945
21504
10608
17505
28160
4759
9137
30852
21771
32373
705
3528
30208
14217
20721
22729
8231
14620
4930
28477
16753
4112
18976
12831
26745
3873
24597
8947
20116
485
7546
24028
26144
30016
4123
12307
421
10472
30058
11347
10780
18031
21733
19763
30833
7947
12457
31979
23765
20460
11534
10240
29495
24998
10410
26392
6478
8055
204
1353
13043
7670
17988
14800
10146
9133
2301
14847
24019
30814
10818
29642
28769
11898
6744
14451
18528
20257
23951
5942
7691
4721
29139
4885
29571
16524
23154
16753
11259
4674
27692
636
24340
15934
8696
17595
31711
10394
25745
12252
14003
17919
6258
5509
7847
14505
32447
708
20706
31405
20159
13591
12296
9975
24954
15891
9124
14099
7310
2388
17710
370
6531
3306
32270
29401
9179
9528
15293
9102
27166
2512
4812
19913
7137
28395
17990
26436
26692
27166
13869
1138
2562
20368
13046
23549
2736
32139
3663
14050
21536
12891
8520
11629
5251
26122
16023
347
7341
20710
30304
20186
248
22267
19844
15599
16116
23509
10864
24507
11579
13873
29015
15619
12784
22547
27890
14978
28064
21159
1518
5236
1546
8080
29003
19664
4500
11214
2005
21385
27788
14514
20049
19160
30512
18864
25935
31933
3767
26809
6416
13080
17752
21853
1583
18384
21356
1303
21707
855
6929
16662
22291
20516
11956
23141
14911
17416
5314
5879
24314
7707
9683
7568
9631
17243
24958
19061
5658
12627
26345
4757
7838
19441
26509
11897
24722
25831
18419
23716
18911
787
7167
22764
17853
11287
23630
9224
25102
25304
8669
28252
10855
2383
17879
24946
8739
1357
8969
31949
6136
30088
29624
22748
30280
6807
31048
7992
19285
25905
17226
617
32167
32062
7873
19288
9045
25969
5761
5001
26162
11492
26146
27390
9445
22660
32684
19139
2172
22551
479
31917
28117
4466
814
30261
25513
17555
16638
16256
4935
22532
4445
18331
15128
19207
3954
20484
1742
1401
3583
9912
9315
3281
16188
14054
25047
3320
13583
15788
9181
16143
19441
27246
8885
19941
16061
6631
26001
24127
13184
27437
2209
11347
20568
2771
19896
11841
19690
15622
32082
28981
3620
32205
28157
12996
6077
10197
27570
13186
20558
2300
7038
9038
89
31947
19970
11527
26460
3156
6100
7604
19544
32210
14929
15708
6023
32397
32086
15891
3745
9622
21163
14016
7041
4043
12826
7687
2077
25528
30819
424
4509
3053
13690
2799
3846
4278
22646
25683
11902
2043
14434
32543
7424
5790
742
571
12963
17851
6349
3760
29419
26644
19779
11543
1095
29116
5245
14851
19704
1172
22920
7865
21993
31357
27450
2058
7908
10171
16298
26736
25396
9896
13473
25176
22834
7811
27558
9527
27783
19164
3808
20013
7910
16543
13107
1094
19078
20955
10004
18891
32550
13695
28400
7448
20196
756
13369
25071
16246
10171
8981
25551
27655
3160
16264
13920
13758
28517
5110
20743
25120
19560
424
6530
28640
3242
5432
12738
31682
16278
19512
18923
10216
6681
1081
29341
22088
13345
3747
12945
7270
9042
31629
17113
31314
30065
1727
17067
4626
895
21053
16655
26871
27795
28999
10672
2367
20812
6717
22889
11071
27985
13610
30655
25014
13777
23561
31662
4866
12644
18098
11398
12437
20580
3032
12435
10504
4147
14521
10231
31665
22399
30951
15368
2209
9174
27687
10795
17934
5210
30205
25350
19681
27767
19273
26304
26395
31631
6121
7335
20717
13480
12624
20400
23816
2693
19791
13039
5248
2863
2822
22736
7306
20890
202
457
27106
6234
30214
22764
6361
28609
17545
8251
13128
25335
3317
18891
22961
20141
1656
22112
1560
26083
18053
1636
21007
31034
9237
11792
17779
17988
23796
17160
5172
1907
12944
19736
7159
7390
30907
31787
7618
26631
28652
10502
32732
2753
14109
9155
32168
21237
4573
6632
7075
16004
6541
15669
5867
21901
28208
26465
20666
13448
4113
31962
10933
29953
23010
18047
4826
29694
1481
3964
21196
31443
21027
12452
2382
8408
26466
8223
5725
3739
12266
24101
2834
4233
20191
13937
4007
24096
13982
4700
29590
20862
23246
22113
11827
21242
22898
6248
29881
17701
20284
11504
26725
3593
15232
10463
6341
2736
20469
2953
11199
13337
7273
28356
14696
12606
12332
15882
19596
20439
2001
20224
22411
13473
438
9061
32657
20817
25091
22248
19623
1617
1983
13456
11088
27722
12758
2279
18899
24512
30634
1024
17871
25035
4281
5135
15425
9997
3166
5333
26971
4283
4444
26957
4980
22255
2966
19046
10819
16312
5873
24095
31736
4328
7662
16582
10444
16066
2845
27346
20035
21639
13083
25863
30208
9577
27876
9245
11568
20359
24276
24178
16082
9664
3776
2359
17537
9606
8913
1479
9109
19010
31283
32025
15994
24896
1112
19994
18212
15342
23653
16957
20549
9499
23692
2577
8324
30899
21371
25640
10211
30389
12238
15209
6321
10989
587
14203
15858
31843
31891
16580
9066
11972
32564
922
6112
15194
14931
20680
9330
28439
30559
16765
4854
12431
12373
22505
20364
9474
23093
3110
22779
6333
20348
11676
88
17706
30194
10532
19324
30583
23779
23048
6623
20174
5079
15024
14235
32444
2823
19660
8960
11629
4669
6763
8681
28665
27604
19486
4375
19435
155
30365
1831
13136
6570
7823
31904
10763
27665
31080
17431
24404
22839
23397
28644
12001
1887
16954
9373
25026
23876
17824
14969
13452
12092
19588
5089
18380
24854
12816
31358
8714
5010
6112
11547
28075
5499
26909
12616
3736
16060
426
3446
3602
29614
40
4290
1794
26772
27155
25489
4754
26291
14392
15476
10706
15879
27929
19463
8897
28530
26888
22571
17156
25755
7081
21171
3058
25542
14894
19720
7503
21749
25680
24077
32597
21008
21633
11386
11101
14724
20834
6306
32568
30032
4922
30744
12913
27565
20743
32147
4159
28364
19295
9654
7783
10793
10439
23798
29039
23033
4729
8360
19118
1382
8841
5919
11818
27965
2389
19334
29772
22682
8963
15301
11364
5460
28251
25282
24680
5380
693
26851
16984
24146
30414
8746
18078
19741
2428
30947
22267
15673
4767
10711
7592
13277
19520
7200
12046
26500
20689
3682
29498
1007
5777
11679
19719
15491
31342
5735
4078
29269
30431
695
23693
94
22380
4294
3438
26159
13792
15505
6120
8388
382
15702
13654
31527
4556
10149
26174
6812
11900
9928
15088
11939
28276
9975
20701
10661
27230
3073
28730
9557
14635
2508
3483
763
24686
30636
6971
525
31650
25859
27196
13938
11421
7528
15249
26261
4533
10119
22124
9701
15120
24592
32010
15701
15011
31155
2882
30286
13172
21261
8011
19488
28773
10127
24951
4860
10952
28315
24347
11623
5174
13186
30504
3461
19306
23853
23468
6954
32757
23773
30216
15952
13000
6520
14174
22591
22865
8286
11696
17181
27463
20543
7221
11122
5245
24739
18576
13808
25883
6945
16988
31139
5975
1734
2120
25133
22061
285
27559
23894
3962
20232
17406
11877
6909
4339
3830
30645
26772
31453
2888
18975
28222
18107
25898
22950
29475
16433
5817
32746
8200
4517
1581
14209
16443
11059
21374
12216
30203
22429
17660
9815
30098
27801
237
4667
494
32028
29473
16229
11931
26970
19752
8327
15259
29731
28350
6507
6116
16734
18309
15399
19749
24154
11949
5640
8239
12851
3559
26400
17427
25175
4718
4782
12119
10752
3430
28509
25901
8173
12605
30451
1515
13829
17309
12991
21904
16235
21579
19748
20261
11729
18747
824
30146
28516
18819
252
22618
20854
26785
19349
20062
7566
7061
28904
28163
16739
29913
8106
4914
30963
18123
25612
32431
27061
12835
26890
21486
3162
17507
7516
10122
31722
26625
14360
30071
32552
21656
1328
22497
4490
14808
13473
5106
12970
25201
17247
21699
31297
28111
2165
30618
24774
15064
24360
25874
10372
20708
26911
17197
4782
3069
11782
25980
3502
14242
5889
5904
25999
22153
3596
24245
6314
29537
14604
32684
15822
24790
22576
27322
5327
27524
21667
19287
29615
15096
10481
12334
25896
32602
7039
32550
29926
29272
15995
19109
28231
10974
7172
27647
32110
32357
20521
23139
29269
18521
383
4754
29976
12261
313
6940
9314
28112
17400
6546
47
15994
27744
16318
3148
31070
25652
27056
27979
2034
16970
20258
3349
10945
4954
16591
12026
18772
22905
27736
17305
11215
22352
8367
27562
3943
31547
15186
19404
24212
6757
10255
10496
28553
15704
14882
11412
21933
1766
11738
32758
16496
8261
20756
12623
4302
3272
24121
4430
19609
3015
3173
24505
8469
18018
6950
7880
10458
24111
13219
21002
21229
32079
28596
27793
21534
22199
23242
19741
22308
12496
32062
18260
12949
10289
31374
12451
28689
9619
2857
640
20871
21508
4334
13691
29257
15609
21785
8168
25603
23776
16852
28729
31636
22562
30655
21348
7186
3163
697
25350
19112
3165
21481
16932
4188
10283
27586
16446
31221
8603
25482
18253
21158
13148
854
17134
18049
420
21961
14345
7834
12309
21495
10020
951
15146
30931
9910
16631
20721
14543
22824
9171
16282
15453
18120
16659
29367
30461
11588
3780
16366
22615
3496
18772
23914
10358
2603
22016
19282
20997
29971
25367
10316
17868
9481
4027
7336
10474
20918
23328
25590
24209
23116
20536
14540
4000
1108
27544
2381
18718
5738
21250
21015
7206
11054
2802
19074
26942
16186
17430
11469
30505
32164
18399
19228
24780
19233
11459
1738
26836
22910
3114
16990
18080
32535
2541
25755
15138
29678
14238
8958
11052
6706
4443
6515
28845
3674
23348
3488
14305
14101
27396
32143
26008
1015
32655
25080
15469
29589
3123
16505
31651
14700
6684
23914
6837
6460
31667
25585
9154
27000
29445
5935
15891
29182
750
5129
32650
32698
24154
17268
17332
558
23371
25121
14979
10854
25567
3605
17891
31783
2048
32371
31612
22664
9530
11967
19827
27973
28302
731
14289
7274
19963
27924
5223
5049
30968
7562
3947
26040
12517
12265
16929
16407
28532
216
1860
23255
2805
9700
30806
9224
20236
23303
29424
16951
17700
3381
27099
20461
30740
10125
30746
17364
25849
28765
13633
3386
6336
4160
8261
27708
12277
19385
3438
1832
3891
32046
3752
26948
8921
32761
30400
22369
16069
21761
29755
8625
11101
1512
2360
30063
8402
26672
26570
9624
21024
27819
4077
23627
27338
6321
16478
1904
4684
1816
23705
30106
10086
21642
32366
11680
11668
7088
31229
10925
25020
13060
4451
22331
32439
20935
32660
13
12319
29258
3498
16630
7718
7041
32620
26244
4339
26310
9727
23249
6876
4273
1026
21839
29310
26707
16216
23385
3727
87
4559
20865
7031
29187
20345
25657
31494
6633
15907
4053
7356
18157
18076
24475
29139
6325
28892
16219
13207
19582
14952
14395
23169
10047
27770
31
11356
29500
6352
21780
21016
29200
22143
18873
23287
19803
17320
10270
5978
25795
30074
20224
10877
16356
21758
15953
25890
30995
30608
24193
7962
7745
1788
21605
22018
31632
31205
26325
20748
17109
26738
26267
3725
5284
29692
25407
3763
22391
31970
5158
8258
2743
14951
31649
10767
31544
26468
8091
13454
30678
8939
20598
12931
30571
19081
10727
8875
14507
10334
4307
15751
1881
9720
26318
548
11703
29762
20342
7658
17361
3489
28089
23526
12377
28972
18529
10033
22667
13854
10918
19033
23445
21401
6037
24056
26880
21132
5216
32190
30836
20247
18612
17827
32182
2397
26263
27501
7462
31282
12381
22725
12848
14215
20964
9244
27873
22431
13526
4957
1008
14054
4362
995
25615
20230
24237
20662
9455
8457
1261
13209
23741
19084
1627
24234
15110
25582
31301
2527
25878
20445
4221
13264
19376
23394
16934
7914
13243
32454
10911
26091
19420
10507
11927
28928
2284
4545
16759
19054
22717
12052
27351
4545
27621
15398
2945
3872
19423
16324
9061
24523
21341
7592
22044
26882
10513
31012
28129
3090
6273
27982
24264
27815
7354
9575
17374
22950
19682
11025
3980
2231
30637
17184
16661
31058
17389
9345
15563
29503
559
14573
30999
3557
2157
28511
4272
18712
1989
16419
1947
32322
30896
15299
21218
13002
9248
27555
17475
12447
20700
30665
2089
28223
13142
30589
20610
20282
10829
24965
5021
21399
11157
1304
9088
31133
3985
21278
6623
8171
21639
3506
25351
11545
30160
23716
22585
18544
25434
25400
16418
12213
23899
12331
1497
3845
22899
17713
18736
12692
16072
25426
26999
10922
15393
20438
16673
10186
5649
1896
31362
16919
17318
30830
20031
24517
22683
988
4774
83
2799
6566
2910
29017
25180
11789
4080
11425
11582
5405
19492
2037
14026
25661
5963
5060
19179
14320
14824
23809
7019
15472
3708
8433
23994
6593
3783
32346
1659
11284
2726
25891
5670
18197
22006
21160
24245
29722
1154
11883
6060
17833
6035
21449
20623
6631
13718
19739
30469
10833
21227
2527
12411
5901
869
10171
12628
16718
2060
610
16777
15151
16003
22422
3586
27374
30577
24136
69
28962
6730
16223
8267
28585
29630
4164
2654
28148
24169
28564
7160
28721
19619
14507
14982
23845
26369
8403
18734
18434
16784
2119
14367
6251
22114
28636
967
11090
16261
2455
25629
2107
5938
30799
22483
11191
13978
5086
1420
21647
7534
15920
31760
14220
29692
23977
17321
22034
2748
29968
3822
23458
14016
17360
17901
5622
742
31234
19723
25581
4418
20594
15134
20443
26318
264
4569
23592
8882
1923
26178
5545
12798
25387
15623
16314
4253
30161
17174
13145
17832
20707
7100
11869
12792
27184
20423
13588
31369
26677
6936
2905
21019
9199
28433
2587
10972
2988
27096
10494
237
8537
10319
10766
10023
18061
3771
28425
23198
28665
25741
3414
13647
31410
32228
13341
10609
4181
25933
20629
7030
9435
23330
26761
6115
84
15331
26030
24342
27009
14401
26228
31447
2394
5647
30582
13889
11246
18012
4892
19162
31272
9829
19952
1906
31868
21835
20341
14969
1201
22195
18872
32108
24157
28154
746
29838
19574
30755
29779
10252
26582
20431
29669
2525
20866
24251
28310
32265
12695
2770
32703
8164
26746
29569
18806
13603
14411
7420
16477
16703
22438
1878
15880
16933
16203
12627
31904
3119
7502
12329
200
2768
13090
16455
20723
8440
19698
27999
18404
349
8923
2177
6975
4325
30044
16741
28035
31915
26576
11577
12020
13618
16835
2654
21096
19003
15760
26166
10165
14420
24996
11677
24767
22438
10906
4618
27739
26664
30250
6974
8318
32193
10712
30632
29217
30587
26418
23232
10518
5464
32682
18632
25402
12663
7952
11778
15261
106
31788
28058
16580
12261
6379
2638
11473
30590
15603
19154
19877
20927
6772
32276
30153
4764
3712
14946
7259
15454
6581
22293
28913
5011
22757
22314
21778
12975
17891
23332
16311
17226
2193
13530
30434
3407
31983
32742
30432
15675
3550
13794
11615
4290
31094
25179
8740
17526
15342
12430
5269
27099
27618
25007
32333
15976
15244
9269
24640
16178
7475
21889
17021
19819
19514
5851
17873
14687
26928
31196
31409
15755
19775
1256
18709
20283
21694
16115
4204
27019
18261
15227
12110
24010
6329
27806
21336
27636
11082
25855
23897
20667
27368
28348
15621
13243
32341
19264
2801
8036
14281
7894
7544
1576
30395
5940
7343
21938
18809
21546
21924
9979
27372
23278
26172
8159
7269
25667
6149
6214
25049
11501
14673
8206
10574
1172
15186
19218
20876
29608
23230
4247
18477
15270
20806
7109
29045
25621
26876
6939
16639
19639
21633
4726
18530
29175
13407
9595
2023
8582
12820
31758
9469
1942
14047
15498
11743
18804
10952
29079
10847
25944
18329
14761
25310
5159
18659
32549
9730
29422
9902
16690
27633
21040
10296
6903
11471
3861
22516
3559
28813
29747
24496
21816
29077
3896
28732
6064
370
14631
27966
17514
26880
8719
10998
13695
29449
2795
9388
14532
29270
2923
28221
6168
30051
24216
32243
32440
10277
25893
802
26685
15918
3634
18127
29977
3706
13530
6538
21422
4659
17
370
12170
20213
24439
20108
27252
6661
32041
16806
18252
31898
11716
18800
4776
3515
5583
29951
12764
3676
24032
29345
19489
24692
32588
563
9615
4740
13754
3498
15829
18827
7047
2942
16436
17755
30462
28875
31003
3231
27424
13546
12867
31468
29747
25260
12625
2621
32080
14996
8046
3610
3461
26154
1637
29147
2884
31144
12245
3521
17448
31764
12081
23103
4764
4406
13021
29148
18969
28474
6026
6065
5271
28526
31456
13803
30693
4529
8656
5405
29309
6461
8001
14795
32082
22711
13309
22922
7848
27392
9510
6929
20829
21075
6231
19494
1400
21823
26815
32714
944
24995
19986
24048
3079
31209
2095
8880
2444
7779
11665
23691
20392
17979
3533
22292
6238
7844
27850
4246
1616
3916
3153
29101
16582
21408
23945
7024
4184
13462
5426
18239
8386
27631
13552
18498
10880
3983
18974
7397
13799
4160
12857
4401
18928
1985
27086
770
6727
29903
25735
14869
425
15093
21551
8173
18886
13804
18880
7288
17388
30339
27465
18718
10054
5452
31709
12593
24393
23943
8156
24827
22737
17825
30244
21943
15283
11173
7838
18058
22570
29320
5623
20976
5018
3481
26785
30707
9481
7701
12162
19997
11235
2288
4991
19854
25023
28456
32269
13298
5044
19274
9292
11655
19683
6300
29824
8706
25741
5066
29964
10605
2173
867
2550
7735
23487
11019
14446
6285
10213
23802
30629
14938
10689
323
11216
5612
3408
21710
27403
27838
31938
25774
13958
28606
24562
14193
11658
4963
4650
19449
28574
17960
15711
23300
314
9520
18167
8109
18066
27465
23948
24803
7397
7203
3493
32083
3655
11045
21276
29036
9890
12486
17890
16235
19140
13606
9846
22213
29169
9350
14143
16681
3503
6844
26820
31060
22119
24267
2790
23680
7947
21527
26535
23182
25765
21802
26350
20741
26660
20810
7199
24532
13298
3135
22413
2253
2668
24475
22872
26349
5061
15129
5573
29228
27099
728
24275
7088
6790
756
1520
2018
24638
12486
25030
25249
4833
4987
19854
30788
23146
7760
13177
7493
18735
26198
18208
16534
5042
21409
7416
1821
9866
22234
14886
27306
2424
28778
25648
12583
9833
1534
15525
9739
18297
6996
29499
18866
2400
14556
20349
25718
20229
7241
7429
1869
4518
31305
10517
30693
5932
1276
27436
20577
16367
12742
28824
23816
26314
1497
7303
15922
28781
15362
24692
5082
5656
10310
21147
26328
4890
27479
28789
12364
32375
31595
31647
11093
9860
32076
17910
26944
12458
2681
18450
23593
11368
6095
20869
10603
1185
11963
17278
13515
7509
27308
6333
20429
30220
25361
15525
9041
16794
14936
14895
12561
2174
12740
24617
24250
12559
10758
12300
5550
1068
14182
15632
2230
7424
12502
29252
7574
3413
6371
7586
15090
16479
23503
8371
4445
7783
18858
1654
24840
31922
22929
6284
24945
6550
7695
13982
30719
15930
28921
10853
29654
14744
21928
12248
16572
15346
22382
5806
16318
1655
8740
13247
763
20177
16405
21993
31022
30076
15947
25742
32232
10411
10768
16346
15126
25151
17403
26858
5461
21472
13644
17358
12865
1792
15941
28789
27875
25823
7894
16440
22917
19968
12400
10527
23160
13455
14351
13877
32670
12186
23137
16176
14804
21154
16184
11348
7098
9932
29743
25683
10994
5096
2833
14889
5407
20423
12800
15683
10739
28263
27178
11205
20268
11754
7946
5052
26945
20367
3336
22872
28377
15952
17832
20774
17959
18849
3214
28897
25284
22719
4620
3620
5457
5987
6852
5331
29197
1063
19221
8558
27398
12837
14846
7352
18435
1686
4909
13131
21086
28518
12478
14765
26093
22869
11474
15034
12182
17187
32536
8069
7030
9513
18610
25070
5165
14124
26624
1603
14381
21334
21346
50
11235
28035
21223
4331
30246
22985
28909
10624
27459
14831
12847
2255
32126
11832
10674
15929
19472
2768
4525
13210
30338
8535
7895
1821
11978
9399
4291
6328
343
21758
11018
28558
11268
1537
25031
8168
1668
608
10393
8059
61
28242
6525
14130
28403
28003
7088
32535
28204
26039
30400
30182
6020
14649
1975
20166
19243
13157
23665
23605
15714
11641
12742
4780
32265
23530
980
9846
12538
3308
1709
681
24050
32629
8603
30526
25356
21193
19355
814
7573
28553
19756
24615
29896
11188
25436
29929
9982
18545
4434
25598
23529
29818
11545
31963
27165
28229
8267
23860
23433
11987
27141
7240
2341
7071
5659
28774
22486
18594
25192
22416
30058
12655
14247
21254
22814
25610
2318
8655
31063
24451
17315
8257
13576
29416
9405
17175
27790
314
15527
14171
1157
1793
10237
6321
20838
19501
22946
15847
11952
28895
6796
13017
2114
30794
1373
27947
28076
5341
25288
29195
22571
18800
6759
5159
16735
6450
24438
3428
15807
28754
29969
26182
7621
4737
10403
14949
25726
24531
26546
3177
25719
29949
16487
21903
29394
530
16663
10221
29801
16869
29481
18547
16661
2822
22015
2478
11932
11950
26442
22153
26434
19554
5066
31729
22880
29417
29993
3759
10883
17199
31527
1246
22381
31342
28485
15375
13622
9917
30681
28295
5174
5044
24172
12853
29692
29521
32144
19421
23716
24376
11710
22261
14625
28842
26301
11009
8072
30509
31039
15100
21755
28335
28624
30146
23980
26292
3445
20581
16933
21245
13706
5710
5137
14183
3731
29598
18508
12020
18498
9281
32226
12447
17766
20231
30030
2267
13526
5392
8205
22647
15152
4468
11647
14814
25332
12994
15152
2002
15993
18065
12891
10053
31158
22285
17202
14322
12665
18050
7964
3844
2606
11469
25869
25505
7120
6305
10636
26374
25659
5864
4586
14798
12369
15416
22882
30446
16095
26427
2658
23674
9160
25092
6254
11600
14348
29720
5993
7858
32352
8245
5511
29634
7715
14430
21088
28592
20843
9522
12019
46
4567
5915
16478
30783
16513
1845
24668
1192
351
9041
22386
16573
22053
25913
17144
18838
16779
23145
24973
12197
8345
17169
13140
7966
5064
21334
31711
7628
29083
21603
31731
19223
9117
22867
10675
28584
15006
6052
22528
10985
22474
23727
16360
20185
23632
19017
8232
297
192
25619
30212
13403
7162
2477
5274
16783
17602
21626
20855
6466
27175
31503
15868
10993
26800
17900
20997
32713
1462
16099
31911
3403
510
5829
2042
32645
16832
26268
26845
18217
7770
68
4811
9564
4649
5550
5950
16963
30656
12800
16924
23185
15764
25518
28503
30903
31476
19333
19339
28394
151
1253
29765
4125
4398
7659
21453
25948
17699
15756
22249
12386
5319
19423
28373
14678
3567
28477
25152
8229
5394
3300
287
15383
18216
14754
30467
2508
22620
21571
18837
7268
3320
3812
16301
14765
17914
18456
27185
23925
27075
8493
19627
7007
13575
4252
17569
614
5893
26959
24922
10507
15452
4351
12323
6621
15161
20101
13619
23627
4010
11861
27721
29058
12140
12484
17361
9396
18582
18853
15277
3668
27932
28994
32203
21526
3758
25696
14181
9107
15848
3800
13267
7493
15451
6391
16984
18755
127
14518
23787
27366
18088
2183
30906
21884
29517
3709
3262
16830
29161
14947
2279
8148
26723
23442
28717
15583
7008
2208
27088
1465
29936
2393
24506
19226
29570
2534
10495
7895
32076
22605
20365
24104
22036
28421
25162
16339
26367
5163
28739
1366
9233
11401
8353
27669
32618
19095
17654
11329
10522
18171
21312
23920
3141
17678
26693
15849
12301
20299
1110
26414
11909
18921
239
377
24914
30344
5308
5436
29685
30786
26677
13199
12222
9143
31969
18888
9216
6927
21182
30292
14925
16760
30401
10474
20121
29245
11783
8330
28340
3328
7506
6898
25578
26708
4856
7378
17525
6500
15813
29875
13273
5228
30352
2508
31049
1387
26562
4402
3109
28405
24901
12324
21658
1617
25424
29735
32612
18852
25427
13100
24649
5038
21030
32420
3566
21896
8024
29732
9336
7466
2559
6898
17352
11334
27547
21175
14004
13946
12628
9480
30636
2649
31019
7804
7903
1250
28451
13485
31619
30292
18110
6908
17887
24716
19108
11979
21421
24707
23797
32352
10645
11858
12130
6576
4643
3328
6887
26537
16546
3024
19033
28725
530
3205
11152
16310
476
26471
26440
21432
30954
28697
10719
18304
29914
18892
12002
6342
15083
29690
31955
14035
2751
21917
31770
13988
4852
31781
11230
14992
30908
20940
22544
22572
29875
21812
31892
10377
24576
16327
23801
8362
9595
20555
11017
7490
12552
10292
6452
29097
10970
8398
29551
12023
1500
25648
20472
26118
24030
30402
26730
13102
14648
26723
25267
1009
3888
13987
25290
5216
28221
12903
20498
31365
31819
19291
1891
12123
23835
28022
8520
13418
16541
12736
3769
17344
8041
23632
10726
955
18213
7308
503
20591
19586
18313
15096
11262
1327
11931
1417
781
30902
6920
23437
20480
21553
290
15636
11118
4927
27003
14885
31040
5074
25470
5461
22085
1795
30725
15851
14218
7761
13412
22776
21792
862
27482
4696
9126
2454
6602
24564
26212
27919
18144
28955
32713
15283
10676
1831
22176
29738
10694
12805
12241
5098
8887
16817
30902
20368
5316
9872
29318
23740
1312
7138
25544
2939
30986
21158
25924
3510
800
1368
30927
32699
5030
19674
7971
3976
32630
27305
10643
9565
23188
21020
20431
31449
2649
9611
7558
26259
25571
30281
2770
32584
31213
23074
5617
9974
12456
16941
28688
31153
30895
31876
304
8348
13309
19050
17860
7144
16641
18260
7463
14996
1586
30683
30106
10441
23225
24429
4202
23132
8383
2058
28907
29811
443
29580
18145
1507
15947
32362
3456
8083
17930
24707
563
1184
23210
4560
17203
7451
2371
18883
24031
31226
18946
29994
17975
4241
16577
7609
32435
22463
28664
24080
8699
3814
24258
25654
14007
21720
26204
21885
18296
21466
17941
12465
30398
31755
21761
3423
30832
24350
31258
26224
8530
24476
18557
12961
17778
28155
18481
17624
7832
11373
31452
21442
7494
6287
10737
22904
3488
16341
3389
27968
19014
1019
158
20477
10125
14554
7667
28469
23217
16144
665
26093
19947
15632
11015
1753
21032
31227
5664
18058
23192
24326
24868
13371
19035
28288
27970
16553
29616
30494
32119
22137
19755
28594
24357
19633
20635
17328
12593
14136
4585
10658
31554
24044
23240
15323
27297
11968
5505
27545
17437
29219
8270
2636
11151
28699
7624
28682
23445
25322
4389
14034
21743
19347
19898
6568
13921
22982
5013
17164
26857
28553
11138
5268
9315
15940
2218
11534
9051
31437
688
18253
11919
28965
3275
3622
4714
7441
30636
499
8695
32727
12358
27866
10925
1196
1376
12539
725
10253
9123
25290
25072
6445
5800
16669
6302
26670
32322
18905
5064
26525
9587
22430
31661
28448
23012
25221
16387
21532
16711
31273
14592
30255
13993
13065
26797
25809
10176
31090
19926
16268
17398
29371
1327
6544
31472
25508
17641
29576
8473
13297
13942
23218
10427
16209
9505
18547
7618
30545
8932
20097
15026
21129
31678
7447
4461
12798
15986
27119
956
27871
26365
11672
30595
2593
11235
3732
23268
21753
31584
11402
23756
8749
5318
883
19811
15479
29978
17274
18059
8346
32690
23778
8363
31253
12718
15483
19929
5720
2433
8385
1635
31266
28686
26305
20899
18420
16422
20323
18596
10233
2055
13687
14002
12781
27243
20169
6032
14780
4683
15818
18917
8353
1411
31151
28450
29940
3581
12488
24087
31207
32438
11152
11673
22275
23200
31255
22598
30919
8587
25368
6563
23942
15580
26176
16683
11861
8725
15270
12330
29264
4275
12945
28278
20010
22387
3947
29949
17826
26930
5873
147
22432
5069
21972
29625
17830
13163
30255
16949
20801
22293
21224
16990
29207
29208
25233
25579
3321
21920
16785
16318
9540
25908
24796
19580
4678
1891
6522
22250
30268
13888
23183
32710
27531
11530
11049
22386
8808
7698
2755
14149
16843
9953
12567
14875
32579
16140
20154
18053
30680
14723
1527
25057
16844
26780
12027
8283
25601
17943
27558
14106
10602
5317
28038
20873
17652
14399
27874
6272
19306
22465
31628
20703
7989
30211
4390
30422
1958
17240
26519
18340
4450
29471
9413
7976
20656
1232
18530
22195
15621
24195
14410
15361
6489
19756
10054
10757
27094
2635
30225
688
13752
28690
346
25891
1491
13439
19466
28153
11904
13271
17606
20309
13389
19427
25717
26333
23297
30112
12066
6460
29259
29624
21516
542
9168
19408
27200
23219
25829
8507
22246
23494
20790
31589
20680
6279
31549
16255
31162
26749
13825
22538
7644
1052
8118
5916
19606
22952
29126
19265
16814
11091
31294
13941
3255
24874
13053
21972
9844
11620
24380
1595
25710
9505
30330
32743
23917
28514
21941
31991
6678
25031
28155
15421
5259
3667
6303
16841
8267
30782
21527
21045
28771
17798
11205
28046
12244
23904
5835
17089
25489
25456
31110
6842
32230
20585
14905
13210
296
12308
18675
1567
4867
19792
5510
27728
8257
16869
19000
24515
22103
16838
249
14176
22862
27610
21041
23334
15083
18646
14152
1334
25385
19023
23302
16303
16970
24558
23850
10618
26103
31043
28660
13664
29576
9456
15027
29658
8384
28910
17900
18515
31968
9710
22129
27936
552
23520
4101
27253
1259
32131
29164
24138
31689
27375
18468
25005
25849
14589
8854
24652
30519
26857
20520
10266
2977
14577
4949
27134
26887
28690
1225
18682
16546
6689
12694
7612
19176
28652
15927
26619
21961
20735
16484
9248
30278
6603
13014
18967
28127
31863
12486
19222
23027
6493
21103
16171
31192
7861
10115
22844
9960
547
1884
27935
16890
11625
110
1149
23168
23050
27379
7600
26376
30506
11550
26050
16418
15704
2955
30158
24006
20061
31205
28339
19642
9526
19513
20405
19667
19747
1008
9504
8459
10654
31209
23864
24471
30079
6288
16448
25639
30335
23588
25044
20863
5563
32460
18913
12003
4366
26474
5580
23612
6298
28069
5728
7192
16661
30147
29944
3547
31907
29912
20223
6590
19069
6876
7621
17046
19830
16031
5139
14581
31956
1650
18869
13902
766
7673
26386
948
27248
8407
13105
21
12512
32230
21905
24345
490
19614
19468
32465
9193
20413
9870
29553
16331
23818
5091
19387
725
3304
8587
21154
20965
28455
15658
27355
11561
9103
15806
19273
18610
26326
18391
4637
24232
2477
3930
4018
13424
28660
13217
20717
8798
1029
9561
19989
28950
9341
18068
26407
27925
10899
15727
24827
17503
28105
601
20331
22515
12582
1919
30219
8164
26633
29301
11534
4929
16038
21806
24778
4273
3769
28106
11803
14881
1271
4556
13010
16299
8260
32157
30140
19892
9443
20821
29285
30641
14468
15692
168
20722
26758
27571
24949
87
5738
18974
7978
7296
26785
25437
10463
9871
18665
25438
31148
11469
5284
24381
24881
9314
16310
29456
23974
166
15542
29721
13456
12585
12092
11351
9604
8964
12285
14425
6779
7861
22841
28353
31171
5031
1093
1483
31568
32104
1626
11991
27759
5985
32700
25206
22223
23395
4169
26030
11549
10641
18979
31322
30526
23985
14606
4084
2662
1883
10340
3355
17709
12903
15506
18814
3717
31585
24361
10794
129
24689
24755
20062
20868
31097
12273
19109
20141
3503
13257
6028
12130
4551
21328
19580
5485
20070
26941
22120
30930
27247
20177
11433
17959
863
2219
23863
26996
30463
5487
26516
19912
16608
27602
19856
18682
23133
11718
27632
9338
3715
6037
22476
13632
11813
13623
19772
30589
25429
2702
13070
11115
10382
22191
8578
7502
18924
29325
24319
31574
6881
27026
4949
21100
32750
32556
30050
20400
27303
11089
1911
24460
4284
27444
21550
28170
8441
25802
23492
15713
26250
6491
24019
31746
15400
17365
2333
31851
4012
14686
7821
28202
11128
6927
10263
23039
18313
15798
11883
4334
22594
7443
10326
23074
8648
31114
28818
9926
21348
27175
31561
15561
20103
12783
564
18464
23740
27059
12153
2747
17771
14500
20905
30958
6079
9349
26991
18823
31939
15636
6189
23954
18958
9221
3127
10530
15914
953
7814
12711
8543
8592
20252
22667
25223
26148
27250
1697
26969
9890
11898
30468
29244
29470
25558
7441
26365
8302
21584
5924
4548
2791
26389
17847
11808
2375
26051
14196
18041
31892
11849
1310
6030
9680
13260
18234
24821
12367
24529
12768
12550
22470
9535
27782
7635
14429
3495
8151
11645
14185
50
5973
27252
12520
2953
2362
28767
18801
22908
11634
16026
10255
5383
13188
31980
11353
18607
9176
4109
27275
28418
17404
12163
957
14062
28414
7708
3386
14088
3922
30612
15176
10812
2323
4016
3267
6920
30806
7595
7244
28238
360
29903
30487
10579
11704
13531
23053
22522
4093
2261
7254
11239
9507
20762
9902
1775
24152
12851
22321
30
29581
1638
19466
29784
2463
26557
353
18094
6815
27645
1418
26478
9584
12310
12313
31710
26415
31900
2606
6480
8124
16359
444
11039
11451
24249
6077
6048
14038
31217
6868
11912
7739
1536
9592
9169
11262
29644
4299
8062
25390
5549
16961
3762
29204
14114
19975
21237
10155
8320
23638
15309
13478
11266
4986
27453
13973
10919
30700
890
30056
15466
32099
12075
30792
3588
18754
26029
1472
13626
10238
27535
10166
16770
25576
14966
14735
11974
7141
3822
30349
27791
21128
15576
20553
14941
1377
22834
15568
10910
10791
5890
21716
24765
17112
6017
16513
3975
14327
27846
568
31895
18911
10007
73
23136
559
10703
9957
17546
31216
15664
15537
24965
11464
9074
13533
23169
32396
28238
771
25154
5430
17662
12552
13255
3803
29735
1214
12508
31956
31701
10734
1726
38
5360
19318
23998
9715
4883
4351
31020
23712
13063
15751
15640
14106
25700
1800
27925
9423
20038
152
15115
10323
4167
30335
16368
23346
27383
8234
17280
14358
31663
24043
8372
22803
12127
19087
17045
29515
5490
12734
23676
6373
6254
7571
27777
19391
10835
30597
30131
4379
17190
15681
9023
7839
3046
18875
15521
11627
8095
18790
6330
11050
11287
26781
20246
21111
21792
29765
14178
13615
31534
24244
8768
24256
20637
5764
26119
4058
28645
32364
9487
10996
18519
497
10059
30589
32578
7355
30135
1515
10966
1323
26825
9778
22348
6494
12995
25317
22704
21647
19921
5099
31887
20030
5308
3844
30300
28667
4527
12632
13680
2782
17919
15284
29611
9175
18066
26171
23858
15115
31453
26569
26235
16314
6634
8153
10471
31707
9437
21888
850
20353
21546
14849
14419
6412
15419
26744
19758
11631
8634
24851
28902
23237
22679
25422
15566
13864
21851
26026
6846
31657
28178
3468
14549
28713
19136
19097
10022
24870
15256
7534
25088
18897
2616
3506
22716
17645
18498
5779
14429
10563
9787
2702
12186
17492
15679
10953
7039
26862
8965
26597
5556
8948
4189
27468
10505
12129
18245
17297
14801
2091
1613
24009
23977
12471
5286
27250
12514
31307
32071
25133
17011
12189
6364
20147
8853
7086
32358
3993
15340
11660
1424
976
31278
2037
5283
4383
18813
30697
13733
7947
16818
16808
9258
1723
32549
9030
26205
16373
12926
12738
28951
28914
29819
28537
13311
23805
3339
11269
17234
26126
19144
21284
3370
4984
23127
8998
18252
31039
14512
25713
24593
8896
7182
7224
27361
3625
21064
12995
16747
11721
3565
26666
24195
14808
20166
29409
14021
5295
5011
27528
22231
6239
21770
20149
320
21914
14616
589
16542
7140
26435
13906
4724
15582
16091
16395
20654
1174
19565
14434
26253
32743
14580
23293
27374
32232
22330
22245
386
22451
21550
28779
8691
2728
20808
6665
5645
25818
3
8516
18400
6451
4156
715
4178
8493
22529
27099
19651
22063
28279
32107
19128
17521
11731
7869
18500
12055
13464
14897
15991
7554
26647
27572
7776
26724
17523
3066
26842
4286
19678
17685
10937
31990
10844
15922
31236
22284
5351
26634
11579
13465
113
18854
1761
21420
4717
24584
26846
30246
24707
5193
7011
22073
32263
23036
31897
18251
27409
25839
23022
15571
549
9497
13042
28267
937
30614
22664
6920
23106
26532
5612
29214
22108
21725
13624
13425
15813
8478
1758
6906
12793
1356
1173
3103
979
16238
8102
3800
23615
1359
21544
21141
24309
440
11410
32509
22757
18444
20573
18221
1862
23647
6052
18855
10469
4942
15672
22090
15191
29529
6586
22571
13197
3460
5936
175
7625
15977
5890
9448
8226
28666
9129
32271
18080
30044
10468
27390
4410
19816
15236
9240
27703
17019
17327
28168
8835
3760
28805
25563
30437
29006
1831
15771
15997
18750
22493
14624
6946
7793
16685
5136
26120
14118
27477
28615
7107
23880
29364
15773
26611
12220
4166
7994
19172
5073
17348
7647
29420
4798
21839
27110
15856
29898
13528
1192
25256
19346
10984
6882
3114
30804
7515
30815
21065
29214
11647
3443
17009
20060
12262
22760
1858
20974
6905
32226
19744
19053
4012
8670
16178
3781
28382
812
24565
2735
2342
28434
13172
18253
22965
20025
9436
17946
887
14946
9427
24745
19642
847
31526
22014
16507
5276
26051
5213
14403
29389
4612
28425
4539
18276
5503
6548
4548
7116
6230
27145
16215
6290
17750
27547
19793
10065
31369
26296
4625
17235
15181
6125
4956
10216
18955
22761
22195
19224
23356
30767
1457
1473
24920
7754
22894
8587
19035
24349
9883
21359
18977
3049
17961
761
18414
6571
30335
20439
28667
2298
10555
6791
13607
26200
23302
2816
30986
15256
10401
3114
24019
28541
12425
7177
13212
29960
11520
14337
3558
10973
20090
26834
4194
15311
14486
8688
20969
14291
15397
29981
27984
17923
9561
10828
11590
2063
18635
11802
20646
29455
14164
9504
9958
5358
15254
17639
25274
24064
5494
15277
8845
6742
9486
24673
20615
7988
15527
22113
7683
4232
28587
28285
30346
12410
13929
18878
2129
13341
14902
2299
20464
14180
24186
21781
7827
394
19938
24957
9589
27016
3367
18395
12689
32167
13
30824
18033
28585
4557
30094
613
21503
13714
24317
25959
6957
29078
29592
14321
26737
30144
19419
22547
7106
11451
1597
27035
25956
11191
16028
8968
2800
24045
18773
6183
29582
7927
5364
28267
3070
10770
10746
5907
10766
18027
19086
1507
13788
10089
5015
31258
3744
29448
27999
10366
11576
2959
1770
7278
16816
14566
17463
11391
27172
2913
26390
8222
28066
30120
7128
15722
9941
15323
27169
15231
19979
1864
20177
6329
22381
31759
419
19486
3215
21224
13168
14815
11457
1589
13687
24039
16908
23347
8663
20586
2480
12291
29164
28837
8700
17936
28463
6224
32669
16081
25797
5888
7995
3659
13494
30222
19340
2486
12366
31765
28904
19135
28001
19108
30413
20059
23125
12923
921
1280
29397
19155
9393
11524
653
15430
21750
5439
31494
1571
10620
24295
27749
10720
31266
7449
4468
30143
27788
10304
22352
27347
3491
8749
471
27238
29766
17244
2664
32099
11824
1071
20194
3120
22363
15234
10227
820
4254
10197
22273
24657
3627
18646
31884
3661
12788
12516
3302
4568
11111
19332
8482
7021
14854
2782
6795
16015
16397
16251
21016
18616
32102
32398
24939
25155
28312
24087
24796
17866
6792
3373
16346
23867
27474
2349
17480
30791
7283
25919
19562
5659
8453
141
20558
26595
2448
10498
24369
26629
32079
31150
14365
15197
32708
30799
18353
1867
5193
1753
11788
17756
20428
1587
19003
4573
32397
1654
21714
30250
4512
20402
30374
24389
29560
3355
11540
12577
4679
6680
30484
3920
4333
30065
6822
21317
32653
18705
19543
11517
13382
5725
25801
30630
23741
11822
5327
16648
13327
28773
15368
28432
22895
10103
16233
12876
24854
14328
16507
10319
11602
12522
11001
7596
24713
31222
10955
7938
31754
12605
30878
10477
528
3211
17021
22067
30108
10683
32433
24621
21493
14392
8007
18078
32466
19154
26664
17142
25897
7976
17681
15150
1801
8294
14493
8183
26748
32630
23537
1137
14737
4496
9527
3705
28650
18290
14061
19399
5106
18149
1415
7216
21068
21519
17030
2787
30424
15325
21235
6041
28961
27222
25597
13944
9520
11029
18049
1810
19825
26825
4023
31918
13591
9425
15591
8151
32094
28957
24388
15222
27022
15028
8354
4146
6415
21817
25995
21961
7789
19892
2660
23724
21107
18232
26662
14625
25202
601
25731
2742
29440
15678
26334
7073
9507
23329
8471
5723
24320
15000
29509
381
22816
5426
24227
17424
15463
14271
4809
26545
18557
12822
3851
18532
16940
8036
11277
26275
11020
26097
22625
31138
9325
15886
10938
15369
15605
13743
13112
27407
23249
30475
12825
20638
228
13114
19208
18211
30878
29774
28254
5664
15159
17745
28463
8537
30856
929
32010
19959
12452
8714
1838
15031
25603
23940
14267
31226
19144
19466
20692
21822
10977
15979
11643
14678
31814
8273
23349
20488
2507
16618
24684
3968
19600
20270
30758
10621
8656
8379
6771
6438
24612
13775
976
7290
17086
26891
30747
30344
14499
2806
17493
19146
19451
7968
10188
24703
30176
5431
27695
17562
31180
29005
11799
12364
29761
6538
2645
10412
26361
4191
682
5053
10221
24810
17248
10122
10392
25968
23017
2933
344
29409
12175
2933
26038
18322
24718
22422
30905
25852
2479
28833
7572
7212
18165
9788
28933
19104
28462
1592
29437
7741
23963
8923
31629
9756
13093
3671
9756
16198
20972
13480
12172
27950
11477
30823
28446
19393
8767
30400
5434
25067
16131
13954
27696
3207
20572
28131
11693
4276
20176
3181
30315
5186
20440
11274
5084
4194
21581
13417
1955
5799
2042
26314
3564
13679
21784
19608
18768
18500
10968
26942
14538
8850
27204
21142
13739
17359
9113
12176
14033
431
21911
1617
30010
30626
31916
22883
6126
19956
31359
30597
4614
7637
16695
11546
24124
2990
7616
26117
29499
28239
12609
18086
29733
27167
30105
18368
22791
9922
11769
26404
14127
7444
22543
29534
25895
4079
27692
2642
24999
19225
9350
12290
29015
11378
17838
16701
17362
22400
19178
26543
22843
22053
27356
13869
28011
13732
17106
13354
32708
28465
18554
1591
14493
28561
27235
14282
31276
14783
28658
8869
9820
8710
1850
13838
28375
5349
28621
21688
20897
32113
23609
22818
5593
2791
28784
7836
15390
10596
12248
23953
32582
8146
21933
207
15628
5365
14810
16205
4673
10057
31292
9778
28462
1935
900
32498
28306
21221
4967
9518
13089
22607
27903
118
4540
2424
21743
14356
20277
19978
5766
32289
25208
30850
24724
13261
11363
14527
13201
7827
7382
28890
8227
1641
6518
17093
15732
25294
4240
14651
32401
4163
27757
6374
22757
26846
26404
6108
14259
5778
9425
24806
30396
29527
575
6625
17824
10679
25669
3014
12487
31438
12246
23005
32257
10751
27977
5346
11489
9900
15249
24728
30702
1828
10595
31008
24326
18508
13187
10634
26171
24866
17574
8008
25050
3560
7420
4419
28378
20765
8041
27350
16178
18046
17173
26713
23088
23864
14984
22199
18776
24259
1917
17389
9970
5376
2167
6753
10854
25182
26324
4522
32595
29873
17993
13035
12930
11345
10678
11533
23891
13622
5379
7982
22011
29005
9991
1176
29187
23465
2350
21479
4585
4314
32150
18655
20390
28564
7231
18859
13521
13308
3253
26781
30479
21617
3127
11203
16688
32173
9102
27407
19355
21635
9181
15933
15376
23721
8544
22082
16570
17423
25123
11621
2779
19615
3511
9594
6862
4558
6345
22169
8945
10128
1139
23297
19113
27657
1326
27768
1638
23464
10485
14776
8150
25771
22544
17677
32338
30004
26244
10580
1248
15191
28763
5442
30806
31331
6458
30510
14288
25720
24573
10399
12587
7698
31141
32019
7912
26463
17122
10397
6223
13435
5133
12718
13755
22976
5659
2150
2246
11789
3561
23644
24297
15765
22140
7599
2248
23735
8132
17430
7425
19006
2806
21264
27770
25227
22720
21402
17980
23330
28554
29453
6389
11455
29587
23118
24910
2018
14447
10893
17025
30527
1409
4983
4815
6994
27059
13451
26102
21655
21981
31882
3185
9120
644
24341
1808
28794
7977
23084
22953
4846
3083
25640
9236
31204
10409
4423
4739
2343
6597
2250
15673
6687
9235
6696
25473
31351
25759
20896
4840
6648
3040
18473
13780
14575
7614
30228
28436
17140
26838
4615
13366
2086
18850
32118
3648
25580
25354
24183
11255
13896
32386
21926
19494
8509
29278
6483
25560
11031
10205
22502
28307
6237
20955
24299
16149
14221
18884
10241
404
28942
30881
12768
17928
29543
18972
9256
27171
26067
19177
11895
17096
269
21515
27006
11273
10639
4166
11647
6860
32671
17757
31782
24657
8190
13615
23768
8175
16908
32101
10052
7075
3209
12608
2026
24511
10243
10819
20009
1093
9006
16150
29697
3034
18353
26080
6206
26724
8191
31444
11925
22514
10873
16081
18624
26367
14808
24582
27743
6421
21568
28574
3221
24238
18415
15374
3010
17434
16360
27470
10327
1990
4113
10748
32095
5841
14156
5965
1300
7180
7269
24404
20549
11293
27192
17625
16767
21292
8903
28166
31795
19850
18032
2004
16725
30735
27847
13028
24143
21683
26937
16333
27463
22274
31749
30138
19327
13142
10566
30327
14676
25670
24930
6744
23705
7800
12841
18992
20312
19526
26086
13154
7837
7545
18358
11987
23814
29910
11770
19866
3804
17679
13875
10956
30665
27782
4205
16942
4991
5872
6288
16733
30177
13214
9179
21911
29502
14298
6859
9028
26546
6686
28820
12216
4266
19270
11584
26927
25303
15835
5955
24273
3694
10708
20571
23219
20283
24738
23390
13365
17792
31838
9544
24318
5834
24976
23546
14329
26093
2160
4109
8698
21047
23175
7697
7768
24729
4195
29269
21275
19530
19354
11749
24954
13509
13892
20069
26936
6489
20597
454
7371
3820
20398
17906
13809
14866
10694
22041
14547
25233
20919
1957
10494
27503
3843
26304
32439
25717
25619
25325
27032
13224
1268
24526
849
1801
7010
31593
22593
26665
31556
19943
17345
1735
18985
7147
9885
22151
24433
11833
31557
15619
25560
16583
27573
1006
23655
17547
21888
5354
18226
27610
26480
11977
11074
20350
11778
23827
16283
30915
7514
15220
27196
17429
27555
17346
20020
27167
20014
22286
12508
28795
16421
32138
8930
18987
1759
21972
12026
19978
6216
23025
3310
13559
7479
15044
28279
5637
29123
22617
29096
30735
25044
22596
31805
20177
22156
8996
20987
22557
8493
23802
29888
5902
28548
1715
3676
5252
3212
2118
32452
21378
8853
5041
3446
30311
6291
2290
2062
29360
22520
11555
30149
2890
24510
26842
24284
30784
22410
25157
29399
22812
32549
7943
15536
32765
3076
1768
5028
18165
18356
22676
3684
27137
10969
17817
1438
9186
8012
32427
15913
20316
16227
12665
22971
14850
6011
18860
5023
20193
18499
20683
29178
2663
6872
12558
13236
18964
12464
10622
27104
13976
22134
6348
11873
8174
6038
11661
23212
31264
5252
4678
30626
996
9717
18602
23742
399
10346
1646
25378
5269
28836
15898
31680
16606
28000
1241
26934
11303
317
1105
11815
15981
2332
22389
5482
4766
26238
31005
1946
17935
9121
24298
32741
18234
491
16279
6097
26660
18225
10446
8094
6963
26278
18854
28149
4098
14390
32559
3381
14334
10846
22387
32725
14715
27408
4689
12667
14334
25049
12368
5801
31196
616
10544
25050
21114
28793
19815
29674
24580
23286
31452
17146
31809
26304
30735
27779
17697
16429
3913
20930
15541
12166
25579
31305
7410
31515
24764
3822
25031
9193
13528
29695
5433
3876
17199
24841
19163
17729
991
18411
25077
28458
30859
10499
18032
16113
30484
26515
923
1782
18267
25370
29018
10188
1084
21726
4627
21211
17691
17677
8156
17620
31322
393
644
25533
27441
6523
13933
19821
2610
31208
16184
6227
17647
20330
4037
31287
30786
23644
27424
19151
9259
15410
5409
30527
31368
9409
8069
5240
29277
30526
15396
12346
21561
11370
7060
19378
20488
1308
14301
17787
15502
12404
25081
31392
31219
28645
20700
31159
13288
5150
24943
1415
11284
7435
26998
2842
12181
9111
24131
15697
28287
30056
10623
9276
944
23197
13058
6062
16315
23637
30838
14457
18156
22619
7343
32438
32575
21320
23683
28206
15150
26577
28768
80
13709
4107
4350
18771
7071
5808
14192
14697
16444
27503
3878
9741
15908
25732
20967
29309
2683
22694
12619
2052
1039
4500
23997
18423
26211
8646
7401
20725
17158
30899
3441
18313
20826
13895
9366
14505
6369
14676
3537
25048
29954
13207
20583
27797
18575
26822
22844
14588
20188
31311
6361
9838
15508
30260
4878
20011
7757
4277
3289
18829
25713
2218
7699
12834
12878
27053
2901
8750
13953
1174
19378
22314
23610
3340
19346
10111
19232
25236
5035
7289
26944
18023
23426
23257
11310
15123
1254
19632
1497
4154
2304
9482
25773
27495
3845
13686
5802
6756
27525
11804
29037
25990
26123
13948
23466
19012
26120
18786
2928
13151
18566
5178
12820
25804
16635
30346
13344
24536
62
12650
26574
11209
16408
13354
25849
24871
4793
32510
1630
19308
18869
17044
16148
5077
23855
31469
9848
19666
5622
1996
9978
8767
1260
29471
18280
18254
31169
7926
19367
27790
6077
17123
4944
9166
30568
32185
13978
24993
13869
1759
30336
6845
5441
4799
27544
556
22278
1417
11561
80
10659
20149
31557
12720
15803
28727
28981
1034
31142
19727
24400
11761
32232
19156
25139
20982
14127
4271
1290
1345
14861
21715
14553
31148
16086
31883
12958
30158
20554
32180
24545
31962
644
28872
10744
13919
19374
22989
23242
13968
20763
31128
10006
14221
13269
9590
1108
24202
122
9119
16556
5198
12588
5948
1678
5703
19627
13325
32087
7290
27552
8926
15019
26669
8904
15299
18539
2948
23521
28322
5937
22750
3591
5154
25392
6223
18722
2334
23037
13420
25012
14885
32259
7288
13558
22023
12579
17984
16176
14708
14760
29409
26581
31512
13513
10256
29110
9130
19017
21518
6313
12582
22717
12975
12148
10416
32224
14154
11238
15689
16571
31629
5601
11661
18029
23165
4336
9249
7915
2759
18740
12800
26984
26328
4006
5399
26077
16155
15526
25362
23229
30610
13357
7310
27784
11639
12475
27611
5697
25691
18111
20806
7743
25713
4163
22479
4811
11042
26200
14943
208
8420
4603
12046
25468
14905
10228
24599
23205
9944
3143
17335
21735
22511
11343
16789
30135
27692
30967
24222
31749
23369
21296
6508
8265
17507
660
1335
4148
5806
16530
22961
13000
8168
2917
15599
11780
13547
1492
31921
8499
26985
11829
28648
15988
1022
27230
4137
7616
1027
330
30458
29854
2302
10697
9760
14729
513
15275
31833
5437
2533
15910
26708
12519
14507
8724
6739
1142
6332
1676
31405
20433
25087
19862
22417
7346
3749
15567
25524
1060
12786
24156
7489
27503
32418
929
2862
12993
16539
18717
19609
9390
28284
19167
12565
2551
3262
22137
17639
22475
32749
24103
9831
3786
8723
26132
30952
3567
2320
17979
8032
8117
25380
11097
6081
10832
11567
14524
32541
6736
9273
25386
11659
23360
169
30845
4562
19854
16931
14961
12125
20258
24553
25198
28993
4498
24943
27110
8818
3961
11009
9857
1293
22723
9496
4115
5367
5339
25619
19559
15101
4230
6808
17782
5457
11497
9781
11241
32411
17581
30301
483
8014
2458
10811
25117
7319
11204
30527
785
8263
16869
25439
4452
29549
12585
21688
20380
26209
13768
1890
3668
21740
1195
21229
266
32194
7655
19253
25172
18062
29186
4283
14410
21109
15925
24267
16085
25334
18941
17644
32642
25252
20521
22647
6852
1553
30959
22912
9640
48
29833
9287
24222
4929
23991
29994
19281
25831
9588
7210
10087
13328
12416
27366
18464
20904
4895
4313
28575
21937
31879
12175
12447
27740
16927
22093
11429
10779
4725
31347
25447
11060
4822
29548
3704
16655
316
24438
22634
16419
31355
18950
64
7631
10852
19449
29611
11645
12838
1099
32359
17778
24765
29410
31022
26265
7528
24816
26824
32600
8257
18251
18629
15101
26174
4236
6476
102
25511
8199
20868
25830
3753
15475
25413
6518
28139
2481
6696
3535
26134
32731
14181
29758
27830
25785
680
3531
17229
17207
28701
17510
16492
16512
12452
1520
5180
7150
23850
17827
6301
8433
2333
31827
20524
21813
21853
8119
17645
24319
26905
5569
25004
1619
592
6245
13277
4860
32558
30965
17452
17204
17348
21029
13372
28723
18734
2917
18195
21412
29324
1426
3650
11315
31525
4942
1088
16866
14933
27660
10699
4482
3819
3465
20724
27015
20318
27418
22066
9048
1581
13563
871
6949
27982
26193
4737
4327
26209
15486
16135
13867
2555
3596
29274
8326
1801
6515
31610
20173
5254
6208
26163
22485
5413
28116
10687
24876
22380
4966
19739
23876
20499
25906
21000
15265
31403
18235
12366
11602
16073
19921
11243
7337
21233
1416
20382
17365
30236
22943
9486
28023
21108
6714
29597
4840
1979
18968
17186
5031
31130
9809
17115
26689
20031
21940
28476
31204
5587
7359
25053
14714
5808
20839
1295
17937
16692
32044
30747
30440
20893
22348
2260
27500
15871
27455
6760
26566
16255
19513
3503
10387
28885
28830
15334
12687
25800
19562
2613
14991
21544
13276
133
20337
12559
4981
3017
29251
18430
8273
25051
8092
24977
6295
4297
22817
22680
6787
12812
2517
13662
2095
27221
17952
13618
14794
14248
9576
3304
8259
17704
31989
23381
19704
163
7530
22567
11192
1659
14820
32417
19252
31403
13616
3891
12813
9317
13254
14754
28058
30694
18230
30591
29180
6391
11546
18895
29629
22423
15145
7979
2130
3212
26919
12267
16589
30404
4630
15767
11235
7306
22582
787
8306
15054
30187
27320
4657
733
18025
18804
32178
959
10272
7949
12119
6301
17349
27881
27351
4573
25753
18483
23160
19382
26293
15889
7739
24701
23878
28932
23949
29579
32293
20098
218
7737
244
16253
27059
3354
732
23715
5127
12913
14912
2776
14316
5375
8558
604
9878
25161
18412
10153
8774
31459
6442
16210
22017
9656
7083
15470
32312
20710
25080
14888
27472
29283
6635
23440
9407
19690
13840
30245
5998
31152
25667
10220
15845
24724
28851
21641
14630
6653
22676
31889
25261
3803
5174
3760
32651
10512
32318
26299
14200
32547
31761
27116
13610
3308
6853
13295
21807
19664
16639
26704
12934
10330
30081
3112
16901
10648
3468
6508
8055
2225
22629
10603
28042
9422
2261
2236
13486
19831
25160
3698
15100
5506
12039
6852
30485
17501
3618
8656
13169
30733
20876
31445
29953
17384
28664
22208
1298
6473
19475
19073
832
7771
2859
26349
9837
2947
26476
10924
18064
22909
27941
23395
24385
26505
183
5003
26854
7126
12448
12362
31538
16893
31312
24332
17946
165
29955
24494
24174
26022
7138
14334
10155
30336
4297
15390
31561
19994
16621
17672
23004
16735
28572
2820
29663
2648
18954
1406
25847
27614
27315
15617
24607
24046
1745
19121
22630
26577
26818
30167
18059
275
16497
27071
17549
25192
24331
32061
24102
23483
9464
14598
546
15555
29200
11964
31873
16090
7840
17357
1385
939
10664
10575
19360
16974
12542
15741
11611
31172
22115
22485
6717
28155
10971
14868
11047
25493
28551
14240
17272
20927
4339
7128
8130
12787
9282
13411
31336
24934
12947
6014
32166
31759
5152
23919
17286
21625
751
22513
13661
15081
26050
22510
29371
32224
7764
18114
18015
13208
30751
30375
1674
30157
10480
17041
26017
29654
8478
2277
5903
7352
14154
9540
27203
5049
5243
25709
2130
5305
9876
28489
18021
27567
2203
13509
18279
31488
23523
25706
6897
31707
2105
4396
832
8929
12287
20610
15778
4335
2149
28867
21694
24913
26057
12332
15314
3614
6631
22687
164
15413
5253
21272
31316
23500
26040
24216
8511
32343
18952
8024
4706
9149
6453
8747
30168
22558
18868
2871
30324
28548
31779
1515
9901
20722
1118
2155
18577
21028
31891
25185
29347
31010
17705
16384
4688
32726
2699
24337
31790
29379
14075
23686
5923
7571
30732
14196
30356
13693
17340
13740
21848
23447
15962
20977
18707
10823
16984
25030
11106
27475
16996
1675
27080
3514
23797
426
1045
8472
21624
24338
25092
16449
8001
8541
5473
24448
10007
3437
15789
18314
26751
6882
9175
5833
6000
27624
30562
29396
646
22228
9606
13281
17311
16497
25161
18974
16684
26183
28262
16043
7676
24467
22521
18173
12590
7836
22062
13450
6614
31877
15296
22636
19073
11494
1711
4395
21037
20672
17598
24083
26635
32068
16088
10980
31753
31438
5863
23806
31717
17246
9085
8814
13439
11775
25487
8142
18686
25634
19526
14629
2696
10715
16196
23484
19108
1821
10171
15452
4451
17835
4343
28756
28177
19357
701
6578
19931
14468
2263
13876
20529
32059
2730
20331
21380
15100
8540
27985
9401
4500
25193
1785
30904
13372
1713
28119
30792
5506
11254
31672
9478
32178
29760
22511
17677
31771
11425
21914
5398
5087
25649
31333
18151
12267
7193
1343
17706
27315
13603
21403
6869
26710
7525
32282
10572
490
23811
15503
32213
238
13904
204
28873
15637
25269
8978
12129
10154
16733
3401
21370
7959
18689
15534
6514
11787
8872
29208
12087
722
554
26363
10842
14128
24152
16593
11261
9994
14509
8357
2767
15665
13987
15146
30110
12501
18694
31193
19289
890
24154
4253
23694
17554
9887
25029
27541
23688
1250
15035
398
15483
21063
27350
11828
13329
31019
6281
29711
24332
15941
25367
11382
15710
3154
6231
15403
24639
8188
14137
9680
6287
10062
11796
19583
28603
10725
10944
23324
19015
13677
18957
17957
26897
9903
27540
30934
25955
28966
17267
2468
15776
3132
25590
28388
3725
7059
4837
18488
31908
14175
5676
23140
32632
26701
17403
26221
22606
7958
1532
6600
30668
9501
17834
28341
30897
30667
1621
1498
29209
30068
21710
17317
19657
25328
17548
7317
13997
17428
11885
10074
20138
12737
15304
27392
28232
29059
4330
12302
17320
6562
13405
8043
24713
28458
20317
10751
20904
7189
7
8941
6953
21015
13088
9439
21272
5948
12176
17756
17932
25924
8956
3205
18519
30170
25474
17461
17884
8410
9871
8675
3814
20055
330
26602
27716
9091
4777
17830
24289
18308
22889
23335
8328
31885
16454
24845
15946
15947
20799
15113
8832
12736
28756
26356
30655
24079
23007
865
8822
4797
27581
32132
17308
32295
26315
15088
2227
25885
1378
15354
16240
9324
19932
20567
22786
16255
20312
27758
903
18896
14738
17230
30512
14777
19834
21237
2178
20954
28253
22812
5034
13087
25635
2357
7616
25428
23635
2015
29792
2356
64
16852
5471
21289
1478
19651
23796
21753
19825
22370
14514
28351
3952
21413
12245
4286
25499
6043
2076
13662
2677
13812
25295
18068
27299
15472
2737
4055
8352
9606
17234
25844
29251
15849
19258
3543
27874
17220
26405
23631
9197
30553
12861
6868
6221
13522
5399
27731
5728
20950
32264
4034
21588
30785
8462
21900
32564
24121
3835
18425
27633
15963
8540
16126
14857
30305
31199
25112
12927
28732
20719
15569
47
16317
14836
26381
17582
23008
14826
1798
17843
9707
14659
1554
17019
22200
26690
8505
18021
12813
18571
22364
31362
10780
25458
8541
14564
11996
8102
28709
15797
169
13333
30397
9820
7769
5939
19502
5285
12278
2434
31493
17215
9271
15167
28188
12884
20034
31595
32161
30811
17498
3727
6951
20201
21548
17259
28608
27674
29002
3159
29210
19861
5678
28976
16733
27512
19468
25730
27366
30015
7584
12082
6299
7903
26547
29800
3843
18654
11445
27317
23169
28145
16102
3595
5998
524
2344
18727
17792
3238
14353
3494
17561
29283
29496
4834
24323
950
18299
3005
24754
1604
6703
8387
1026
21668
892
2315
3820
27039
27820
18902
21545
28401
27516
23309
21324
22876
28409
16058
21158
26080
2690
14171
29525
28386
4099
24794
11473
8372
13587
5409
20920
18079
10216
6957
22911
22359
20980
6474
30586
2035
11769
28775
20628
18153
12028
28416
9401
3245
20587
28023
30586
14645
26513
15750
17668
21414
4992
31355
23176
24402
19942
29011
19582
11503
21321
2697
27469
23804
21521
24169
6764
22777
27830
22575
9803
22437
22439
26609
23784
19098
26080
12851
31445
32240
19153
11896
30134
8449
28691
4529
22859
32465
27145
5203
31435
27825
13238
18968
6544
28229
11520
5029
26641
28970
14677
16360
25735
30666
12069
17131
870
27680
24027
6447
808
3390
9619
9582
30813
19939
15166
9477
17291
13195
10133
26758
29393
6745
26964
13948
11714
23905
14012
15478
16317
12375
22938
16499
31265
18049
4636
4962
19309
14655
2261
11305
23570
18513
3117
9671
2510
23353
23024
26520
19852
18057
6316
976
29697
12936
11981
15499
4248
16100
15831
13083
311
20
24879
29146
24704
6804
10344
31371
3304
30960
29258
30595
30931
9524
17798
14626
5746
28896
24455
22765
