28287
1772
12909
26140
32277
22146
3894
26448
4140
29435
32148
11748
2253
31141
24642
26872
10869
12084
10920
8744
8706
31811
25742
27788
1013
6540
306
21985
21062
11207
14805
10438
9724
3027
2714
13929
32412
3384
7656
5706
12907
13583
8501
16462
6941
19370
23517
10712
25846
28519
10345
18355
4629
21847
4130
21834
5914
21856
23057
28034
7281
6942
6399
21158
17175
27100
9977
21336
4006
13901
8961
26524
23779
259
6748
15177
25329
29456
30062
14715
1095
11267
7843
1220
3739
7767
14128
443
31038
11340
21701
29906
25210
29113
22785
29265
18156
24454
8043
19346
5805
2210
5137
13696
1983
16303
21985
18884
10587
27900
15127
1225
22642
19003
16578
13241
22649
17498
9513
27399
27137
8625
9449
26583
7148
24640
23024
16313
26099
23791
9616
16123
32360
5249
19218
16841
5127
8492
8840
15447
4693
12711
9196
5159
12753
13598
6394
8783
19896
14462
10213
981
24883
11924
17374
30145
29271
27648
18053
27949
27359
11834
1903
19939
11136
14286
22979
20747
30724
10187
22444
6702
1260
19535
12758
4589
15373
7890
14918
6505
30466
17757
11273
8478
6041
29223
32745
16338
8148
23367
22117
17574
16293
15969
6730
9663
25518
32749
18061
218
17791
18082
24112
27140
21090
21638
31679
364
5628
9371
4364
19579
21873
18253
26917
19937
5439
11344
31791
20223
8036
1981
18253
21082
23892
28774
22274
30056
20932
27495
27904
17233
18872
29699
19575
23764
9765
7413
18697
6213
12094
23580
1472
17662
19192
10239
153
24095
32084
29227
3325
26593
11450
1830
671
13490
25403
29754
18959
22155
6677
9037
16550
4742
14583
2724
26303
18889
27992
20284
17514
17537
15597
12758
8267
23626
20353
16324
2644
26361
5299
8652
12098
22298
10210
14092
17749
417
11566
18866
26820
29138
21882
23693
1434
3259
30293
344
1307
22990
10759
30598
8487
23486
21662
29054
19236
26637
22945
392
20793
19461
1087
25493
4785
30707
9711
3043
12895
18376
23013
8430
9971
28465
13540
11575
19747
26309
22901
18508
6068
31689
31147
2944
14764
5122
27950
16481
20890
32596
7597
5067
15675
4831
14818
19761
2895
3973
15386
8343
15208
18145
5582
24696
10216
16866
14774
904
11141
28062
24095
29921
12147
18697
3201
15000
4427
6525
6154
29821
25344
24201
13075
363
21628
18225
4049
9830
4880
22665
24975
11798
22649
16925
9941
1909
24416
17316
29969
21841
31310
17187
21758
12147
29520
16990
812
173
3526
4630
12486
19004
25037
5833
10904
3558
20239
6715
19491
20182
28846
21510
1120
22970
3099
28145
7487
29063
5108
13654
31221
31175
11841
23326
18056
23165
2774
7115
19829
29652
636
30448
10544
16952
6788
29001
8787
8104
29322
7531
4179
1965
3534
11178
27741
9371
29200
13002
10031
13952
12987
20929
5574
13705
22641
14263
9600
18052
15100
13014
8771
10175
12176
27123
11782
17772
27700
638
23144
12008
11397
28573
258
26888
17776
25130
31668
15029
29450
18236
1480
22424
24872
15460
5730
22856
22374
16263
29771
8735
27983
12540
18897
22477
6709
11278
1746
32367
20230
27064
3203
11418
25988
28273
28379
15909
13882
21335
19600
11093
12617
331
9955
10197
20578
29264
9590
16898
25667
4412
9313
1625
29938
501
7859
22594
2786
19297
29868
5817
29376
19026
31873
15343
26431
30808
2528
399
1947
6150
22943
12090
24673
18738
8376
22521
29400
27706
4225
15033
29314
26120
16122
26423
30436
18601
9985
2037
4425
4583
2436
24645
10246
27002
4882
23280
1182
16542
5861
27125
7230
28048
18524
17747
29125
4324
12604
9293
30003
15458
31950
1109
3201
7226
31512
9522
19169
21940
22367
23663
21356
5847
8158
27565
18825
2569
6525
5328
16054
15726
11265
13805
5946
7321
9524
15350
17155
21488
22623
28991
2373
19602
13487
28623
9103
17371
11904
892
30971
1300
14727
27944
6127
28374
18133
30240
28598
25718
20507
17854
25942
10370
19400
28482
7315
15345
5890
12342
25773
20856
19792
26079
23761
28259
32331
12292
2576
26516
19600
18248
861
29078
23762
14797
4960
11265
8538
17263
27712
2477
31528
10512
13316
15990
26734
13600
27821
3890
22159
6594
15781
27886
9503
27267
2151
18897
3551
18423
28660
10427
16420
9260
30080
25698
10947
1247
7764
26427
11376
11455
2702
18906
20090
28559
23580
29918
28318
4090
4602
26580
27365
6005
21749
19609
12022
18756
27890
19413
26296
27517
13119
12097
31008
28942
27866
1030
21330
349
12037
6497
25319
2028
25450
3713
2336
24555
27131
12925
27821
5544
3112
28035
25394
6543
18900
8844
24348
1262
28755
4936
3612
1464
16096
3609
15867
22865
32354
2261
12104
19367
1021
8157
13037
11581
9952
1478
16283
3568
17811
22746
10413
20742
32153
29866
25378
3840
7029
25020
9357
32547
8252
32747
17875
21757
25239
30381
6926
351
16532
29555
24157
27635
30206
10519
24514
4930
31272
4640
15332
13333
711
8269
28097
22845
30297
27255
26344
11446
13913
19637
19477
10756
7626
29995
5465
14118
17233
15229
26434
16076
31983
30727
18608
14514
31225
50
6918
17971
25811
7073
10464
24331
30578
10341
18425
27276
16977
6999
16705
12261
11554
16812
15254
16161
23561
5928
31685
4215
13374
2871
32510
31712
32570
3975
2533
26920
32617
974
6887
959
18398
24717
6988
19806
6351
4416
11445
20001
30604
14388
6656
8533
9092
27298
2004
8029
24728
25708
16021
21801
6344
20748
18141
8375
3704
5913
18003
7106
4258
17869
27897
3754
24684
29587
23568
19956
4880
12185
11106
25983
16217
14764
10396
17465
8506
13157
24730
15422
15926
9655
27530
19907
5662
10741
14113
11183
17457
5226
23835
15089
17900
23654
28224
28553
18525
31955
24248
14576
29334
8270
11447
32070
15554
14785
24824
5018
7398
30330
1730
23313
23652
24700
5562
10569
21074
21352
7098
10791
1085
1284
32075
26040
23720
28366
21179
17990
28608
22169
9664
8931
16636
7359
32617
804
21
2063
15611
17355
1419
13561
3490
24944
21230
11419
18380
16681
9234
26717
2826
28215
31367
1326
14360
32485
5197
5695
10296
20465
6549
9269
18506
12219
21628
22090
25974
17662
12530
3023
4391
15189
7179
18063
30454
19172
29756
21925
655
16180
4146
24876
22897
19491
13563
9326
24572
21306
18904
13594
25510
25125
9325
17574
12406
12271
7494
5207
899
18945
11626
13683
13416
19907
27668
15599
6847
17929
16003
24778
17927
19054
18085
8820
19010
2711
30656
6264
9042
3471
25639
6740
22773
362
3056
23629
30859
10357
22229
29045
27463
21499
23750
32495
15283
14550
2153
27878
9058
10100
32383
968
2818
23682
32247
4111
30320
23749
17943
15930
12308
13849
16602
21507
26494
16016
1124
28584
9202
7257
27127
5421
3203
7858
25740
18014
28998
20012
27270
18931
19600
11332
32056
7676
25091
27861
22870
24204
32591
20314
30050
18303
12460
16688
4419
27575
30161
6578
8511
30549
6831
8993
31741
16609
4571
3138
29629
21347
17354
23710
18647
19880
2253
31954
32437
19666
5568
10042
28566
16134
20466
22905
20691
10374
20305
710
22023
8232
27911
7466
28524
16810
10497
11727
17231
21594
10935
4740
21355
29058
20474
31604
14286
1313
29622
3016
9015
5854
31054
19657
21292
4284
32621
8981
25413
30969
27040
9303
8627
13135
16817
8122
16131
31691
29141
1557
10124
7853
9277
21540
20946
26789
27385
18596
18106
4629
24427
17292
26590
21609
27465
21366
5617
9179
20087
4604
1969
12198
5550
4406
17323
14284
28120
23754
11610
7387
10954
27072
5150
29313
6030
11398
23194
3674
23375
30078
25398
19287
25448
31839
24031
10216
10574
29758
24242
14474
11360
4383
18985
2200
22107
17633
15312
7064
26294
29227
3995
17033
24449
16667
4629
18089
23030
25609
19008
939
9657
16737
26788
15782
4597
6218
16910
22669
23571
9103
13937
2369
15465
20313
9384
19199
30323
6174
2851
508
27199
29082
5206
23110
22726
3477
20520
16821
30594
6740
10850
9605
32093
7925
15132
906
12648
24584
20677
1462
5872
8089
18468
1583
13777
31784
28081
12739
15106
8735
16158
29892
3410
13470
7926
22878
23984
5830
29541
8753
1637
678
10454
22074
21075
31136
12558
22031
17552
3581
8906
17917
13528
771
5909
5023
19911
148
7240
27327
18680
18795
22321
10867
1048
5009
28029
32393
6409
22306
14398
7269
21505
23723
32181
8151
4490
13011
28096
12614
3047
6613
16328
2215
27161
23176
19911
3894
23755
23478
17406
7779
7766
18330
29091
10314
27827
6125
27196
13845
15361
6206
16932
28644
14326
6048
18626
1054
7642
5103
29796
254
28635
16080
9080
20509
19656
2803
29947
20638
29256
30198
2705
4705
17438
12743
23479
30505
30295
1495
16083
18767
10227
26022
7829
30532
21831
32371
30764
18503
24524
4934
6916
17585
7869
11070
10602
8451
32256
20409
10683
25871
3080
32196
31401
10783
1409
8526
15500
21515
17564
4019
30694
20620
28369
4329
26682
24347
9052
11798
23051
16537
19048
9974
1920
13714
19216
25188
24041
8309
7479
25452
6311
21576
24435
16901
4180
6444
26540
8352
17928
21761
21960
5641
23429
12301
20049
21397
10987
23622
19549
9933
3144
6172
30564
29548
28439
31310
30059
2351
7348
12635
7773
15145
11886
1416
24415
11674
2727
11451
21384
21144
18412
12752
28741
32689
25594
31443
31045
29612
26038
13893
11790
29215
31872
31597
2897
16826
19502
4252
9090
32271
19695
15512
28751
28608
1161
27154
26182
14773
24035
4913
6828
21737
17051
28982
20771
11850
16346
12323
6260
17057
7614
18138
21309
8709
7118
11868
26084
6301
5802
7550
31112
31415
13379
23191
15594
942
26294
84
22008
16785
22382
7834
18588
20375
26651
32598
10930
19580
9305
28438
18463
8807
16774
7490
11315
1273
21890
9077
10852
14257
1726
28876
15680
22727
12378
5614
26819
7244
777
6078
5397
22769
30829
23512
42
26504
23804
19477
21119
17800
5598
24902
725
14669
16078
1672
5868
32155
28612
21759
30199
32025
10903
28384
783
28302
21590
11381
30581
23977
8937
18697
19342
5999
13857
23630
16128
25013
21873
4132
31334
23349
16836
19130
13780
6536
30059
31538
18419
28459
3455
14197
1167
5218
24807
11159
31665
16710
1369
28709
27247
29633
22063
24207
9545
10710
20620
17925
12689
17797
22120
28288
15274
28132
13695
29965
28537
10486
23140
11590
27986
18417
24343
11165
9038
31904
18847
1536
12578
21061
3305
16695
19902
12088
15344
16789
29045
26525
20395
15602
23204
4477
23274
772
7946
2932
4467
17077
17166
8052
9585
15561
388
17432
18760
12994
1445
20624
29321
20285
1641
12328
16719
23550
16078
31823
31702
25709
26451
10065
21695
30607
6461
10672
13683
19939
17505
5798
5225
6854
6946
5318
1245
26535
11950
22749
21739
27711
16171
27497
5734
9923
30300
23801
15457
9362
14697
29233
7675
29129
26325
32417
20415
20111
27566
18211
760
15834
26177
25579
4744
23058
3990
204
4893
463
27995
9722
7793
19768
20826
14414
25605
9799
13748
27339
23569
2517
9636
21547
10353
26984
29637
11611
24256
24853
25843
23075
25908
3288
29349
24578
18035
28749
9865
15225
21564
29343
20464
28914
27758
22993
19865
18198
8245
18643
14036
24955
2589
17129
29382
19750
7775
13715
29027
24470
13608
29962
7829
1980
28980
20584
7527
6308
32752
15400
12755
26574
23657
11304
16052
21832
9198
13932
17622
4689
20865
18645
23297
31572
6975
28123
32379
31061
6267
27575
1855
27090
1204
32307
27054
30976
16316
2427
7133
26786
14970
32012
16242
7986
24512
28192
13005
30012
1271
19275
275
15233
15610
5142
2697
24013
23874
27939
19414
1207
11279
24082
8894
2062
31430
15083
19621
4716
19180
6112
18458
17599
7210
17202
12993
20518
8141
1946
25714
7015
16965
7655
32279
23068
16421
6211
29867
19523
2861
23063
28978
15655
7443
8356
3255
31071
4605
20603
1294
6806
3660
30438
7515
5473
23400
23280
30997
32071
4561
30480
30758
24900
29281
3055
15402
2555
24305
23707
5919
13384
13690
2156
15849
19124
10285
21924
21348
5523
6735
22163
29038
3948
11967
20260
24835
18674
25070
7025
19862
31900
3177
4339
32145
29920
15932
31424
3861
18735
32065
24433
15976
22706
25213
11653
9675
22584
30881
13883
6893
24980
28588
22573
13953
8238
30516
19175
22841
23208
1315
6539
19478
21920
6691
5592
21813
10533
1253
11926
15292
30882
3031
5461
9239
6404
29866
7863
19340
11543
29407
22366
943
10632
27398
1895
12889
10594
8347
17605
8393
7936
28848
22581
23212
10960
29385
18397
10848
16978
23364
30672
18016
26788
12795
8231
13440
2510
2771
23614
12983
12021
32321
1261
11623
5351
5357
9784
18816
6507
26534
5799
20606
23402
21745
17647
28971
24996
1760
10522
5982
25915
18501
29941
21151
29604
16387
20128
11161
499
11005
743
20496
27179
1096
20965
28408
9008
26327
31496
8147
6353
30538
21523
26636
18931
18911
5468
5832
24860
9361
30960
12555
32338
2744
31769
7012
30330
7809
22386
19345
19546
28978
17403
25845
15102
8475
9493
18558
9334
5944
9568
32063
28805
18722
879
11719
3439
12533
17463
19990
9544
17543
11282
30684
18286
10655
18071
9446
18225
9577
28183
24015
26627
20497
15179
27263
26319
29360
7636
29471
19240
1132
30721
14024
8899
20686
10502
6293
14307
25229
25056
22187
18377
6576
19124
8232
23235
1012
22093
13231
29755
9634
26490
19578
13161
26993
21032
29081
15225
21160
23706
17896
16660
24206
27557
16743
11253
11790
14012
13519
22308
10112
2348
22760
10647
5800
9630
203
15409
28667
8105
19684
20412
5621
23441
12616
8852
26232
3106
20773
11438
11747
19280
5272
22851
28671
2578
21427
24075
18039
1714
17067
14027
2330
12386
5356
17504
22055
16173
27110
13080
17761
251
32221
22822
7636
8697
7042
14046
20586
11579
11004
25128
25779
27757
7186
380
10162
14203
12934
14450
2377
29310
23926
7557
22451
31797
6799
31610
17432
9321
9168
24439
15399
30455
1480
20317
14391
22456
9219
2628
12157
3895
12865
6724
7249
22287
19989
31705
8650
8643
20499
27455
12851
27302
4013
17568
10774
19584
6263
30043
24825
11254
31513
24112
16603
17863
12166
25715
26278
14829
16547
21468
12582
24399
24828
3907
7476
26392
30421
25148
3797
31882
26603
13453
21286
11764
11852
20539
32660
9729
18137
8025
19934
28231
9351
14848
3488
8714
1248
12964
28400
22
30791
15433
6338
16048
17451
4376
24451
24652
26580
26011
26060
26975
12596
29119
22507
16470
28364
26108
19529
29258
12128
9183
12355
20527
24383
21409
12187
10358
11079
28319
19292
18644
11111
5121
3026
11316
11673
25835
19138
16755
6950
9359
20792
26231
17086
1444
31050
6264
17295
32504
5299
18578
4741
3855
32408
19257
22940
24034
25403
23109
9927
6115
3939
24376
1756
5625
12496
27327
31951
21434
8409
15596
24135
9528
13575
7788
25709
1248
22017
625
3701
27220
20372
7660
3855
25500
20230
15425
32511
22600
1296
5119
31637
8897
25911
13931
22665
10805
20781
32307
5879
27786
4106
14286
29331
14076
480
22895
23957
5462
6306
1265
17152
22250
21794
20515
31916
14614
460
20532
22964
30137
7857
12239
28653
26160
14194
27321
22621
32157
6281
3220
8567
22359
22766
11739
23739
18359
2719
30438
9675
27746
21841
105
12414
27330
9893
21298
9624
26502
11947
3228
957
6872
30873
10775
30461
7697
5275
30942
4360
29381
2824
28665
7303
14280
21033
10746
549
27737
5798
2882
28658
8800
10179
9005
1819
23141
20407
21278
9681
31753
309
31735
18210
21613
31932
28324
32053
23376
13827
10971
19456
22273
10250
19032
5676
30340
10285
22973
16696
27483
20510
5295
6890
15922
7964
8561
23500
23262
21582
1038
31834
18944
1345
15147
15036
22927
26349
1938
10860
29401
17477
23660
3254
24163
21105
12353
15191
32476
18684
19463
9593
19698
727
17956
12724
19768
26251
23829
11310
21844
16782
8488
26443
13870
25285
9231
4978
16993
15841
20435
18375
32012
30817
17571
26165
31043
18317
12008
19148
15404
13865
2036
29473
19312
27621
15265
31238
23416
392
17195
28038
12428
32746
11671
16443
5449
8623
16593
31132
13145
26435
6507
24669
7850
19665
1129
25623
20004
20792
721
5648
14099
6716
1205
9559
13161
23333
10962
29109
19987
32497
24181
4108
24615
26883
29621
5548
7634
26947
474
13373
26202
21777
6656
19216
11550
26777
22077
4310
9194
12485
30141
2549
29213
941
10590
9375
5889
2340
22323
8955
25893
11169
3208
2468
19131
4456
3964
27678
27532
2537
22262
27203
29096
31275
29963
24575
11352
5123
758
13027
276
31651
21533
25076
10564
790
23418
22807
6242
8914
10424
30193
27098
9678
9839
4182
17526
26170
14120
27522
28514
13325
3141
13062
28552
2512
24763
24369
10833
29783
14444
28951
21816
6786
7431
29093
26046
24561
7963
29763
7582
5055
2590
22823
22716
26833
18463
16877
28658
12205
19867
22645
3102
23726
17201
7002
29603
10096
32516
11208
10731
18203
31255
20350
9108
29249
20417
18382
32483
7324
29731
27352
21238
20891
26880
20545
30725
21174
20717
19036
4963
26603
12515
15872
11624
20300
25043
1442
6806
8728
12408
16441
358
8528
25621
21026
23045
12936
10852
23158
15277
14115
10069
32075
432
32632
28018
7888
11297
25415
2233
27528
28496
8649
27380
2021
29985
6056
19821
21182
22221
31499
20054
6819
4413
31735
13055
15957
26094
2602
9541
6417
23956
26092
12367
15831
5047
8942
3534
31370
20581
21882
2117
2941
6701
16349
29727
32141
20793
20541
2304
12701
32126
31218
18102
8021
25288
24814
20604
18613
2820
29318
1014
17487
22932
22417
4051
16762
23747
13697
20880
28163
14716
6923
9076
28150
30939
6031
21189
13958
28066
19643
12214
32111
20018
26047
15418
16517
8866
2671
22026
19637
14633
23297
19785
15500
23804
16737
29496
12751
18903
2506
174
22343
15186
13446
3804
16206
28521
4502
14728
20737
13985
9593
24686
9851
10351
22109
12887
11086
22870
19171
9910
11609
32471
30671
28453
5394
1869
9534
23035
6733
22105
18856
21681
32209
17791
28111
1547
26109
32493
21438
7916
28803
29228
29135
1233
32121
17119
25584
29561
14402
6909
10730
1264
20311
12396
17021
18057
30504
5570
20284
11053
18748
24756
5175
23413
8627
12421
5914
29067
4969
6893
2883
926
21978
13080
5354
19794
2118
18974
18101
22179
11059
32448
10028
23433
21490
31490
5773
11537
29680
23113
3813
599
29353
26675
11586
29195
26447
16526
21938
24146
7274
10716
23956
25791
22576
29205
25607
24203
20049
20738
9279
26713
28369
2993
12152
9296
8205
3603
23172
11639
565
16083
12253
32414
29744
19932
18953
21790
31475
13674
2535
22265
14117
32649
11631
1290
10006
28811
23634
14255
3227
13091
26568
22726
26144
342
32693
32709
5506
20432
14448
29246
5011
19074
26160
5642
5901
277
15011
30706
930
12142
7304
27490
9335
10279
17816
7197
32230
13212
28672
16572
9057
27863
23340
18420
15295
16766
22351
17857
18045
3016
21831
25546
10606
20979
22690
20188
1646
17639
20101
7293
11190
3837
24787
4655
8468
493
5988
22413
2833
16002
5588
23133
12807
7248
27183
2726
25597
5493
3945
4628
949
12280
29485
22889
17379
5160
9301
29300
23145
30821
27145
10578
4027
3025
5552
29914
26319
31578
1143
29014
29845
15438
30621
11924
14790
17865
13568
15893
12722
20322
26653
3940
15319
21066
5666
26103
29309
9325
8461
1696
6021
20893
24325
3073
26236
7150
30818
5330
15653
28317
9552
21445
24068
2042
25941
32255
17135
8066
15977
13928
6840
30942
26363
10974
1362
3874
8276
6095
27853
20438
6275
7955
29826
17921
14491
1150
4967
1631
7138
18332
32244
26632
15948
10187
17593
1171
268
25241
18490
10096
18782
27388
28982
17947
19806
8579
26330
9591
29624
2718
17614
28826
18291
10661
16720
17816
13601
11489
3686
29823
5599
15346
16624
9351
29953
26663
5735
32424
30103
25616
31969
24588
23219
17685
4771
22161
26981
2558
22810
22356
5363
7410
12729
15041
7537
9384
26734
16567
28599
7468
23492
27883
1912
6693
14210
31813
13013
2597
9018
21701
29770
30238
21693
4984
32561
9396
25087
25175
28967
28024
14020
11360
5746
23027
3585
13111
6422
7712
8445
31732
11545
480
27307
14553
2931
29230
22958
1945
30818
16251
28929
18389
14703
475
29245
13443
18572
4669
15899
9785
10302
8302
14008
18171
18270
18359
28217
16066
21705
13394
12425
19827
29465
13554
21145
25553
30386
31185
21360
4982
21599
28106
6975
4054
425
19388
17073
12182
19337
22092
15914
2576
15665
3368
4591
2639
31877
11241
31025
23145
20760
15382
5585
26856
3304
5950
10013
8569
15938
3208
23443
22515
28497
20841
344
25660
22403
13321
23122
3291
7468
1085
32033
16822
21941
7538
30211
32756
7006
27852
8364
12860
11279
21693
28357
27648
5720
6577
25395
28714
9229
28220
31597
27254
11046
8251
10575
18926
18397
20701
2242
10285
26721
30615
344
26135
18178
9790
1408
27882
5841
8317
19423
30438
19340
7959
30144
19968
10174
31715
10466
23049
20206
16863
25916
28270
14784
5354
26354
21945
6802
11932
10814
3098
11288
32329
14349
5420
18371
10733
20141
7398
6570
10407
11416
26466
6652
3643
25058
25111
30732
9981
27518
17471
22838
10624
20795
14522
32367
1479
778
23155
28554
6109
2528
2935
27414
12082
9546
29628
1322
26085
17983
8174
2466
9751
20888
28674
25500
15703
22847
26300
1842
5408
10080
19037
20657
17363
5270
16269
3649
8678
24695
17304
3599
21873
18196
7387
19570
31776
15518
23081
1053
16406
7168
8229
11646
28195
29848
29525
29110
14951
27213
3914
8434
17577
31851
2409
6733
31123
27482
380
16303
7776
3924
9078
23489
2986
8537
10654
3830
4143
17965
29790
27137
4857
15470
31020
26644
8853
10366
7348
18295
4740
30017
10240
22393
31306
19133
31086
24308
12783
5001
18410
31568
27820
27604
24073
18197
27483
16505
30669
30211
24471
560
25417
701
28823
2840
30564
26855
27939
28025
18009
17974
12181
15210
27412
17341
722
21460
12865
1674
3626
1827
10822
8123
24204
29761
3292
26619
11612
9627
9656
32686
18657
28986
28332
10299
5656
16577
25271
639
8691
198
4793
29901
1552
18740
6118
6940
7863
20222
10358
5155
19805
20218
21897
15775
20873
14935
30412
31715
8255
14846
1047
18826
24215
25483
25737
10255
7581
26636
8820
14311
30010
32087
11298
12512
3826
25689
12042
31029
20746
6052
14907
5364
27895
3304
6217
12057
19734
13101
7909
28538
23187
8083
15167
31473
12853
30001
8926
23913
26458
5751
12149
32738
1064
10459
8206
17666
23373
23876
18215
10323
7204
23848
4369
16580
13043
12613
22175
7636
28627
9886
2314
4718
16144
655
21834
4592
19323
18292
16846
26447
15639
22292
3214
24615
15897
11510
1957
16250
6717
22241
6716
31149
10609
22880
29210
20735
19189
24341
1604
1413
851
5254
2784
20887
19645
23832
28922
67
21839
5247
28352
16958
19412
29413
18751
2248
22923
30509
1346
19625
12181
2615
24665
7885
26108
12791
28477
19526
23156
14767
22700
22736
5301
17634
6389
6701
23543
26386
7253
22547
26654
10270
2726
16169
18857
18270
8031
14411
32674
14603
8972
7729
32022
32128
3588
24848
21
15459
15870
10789
3002
1418
21580
6023
27041
2475
5866
4050
16889
3971
32604
15827
12339
6543
18373
2991
23912
31823
18797
13384
15748
21514
7090
8222
25262
26757
6047
1897
18323
19230
16067
14315
28250
1948
25806
13564
24212
32517
16933
12532
13825
15841
16992
21822
31965
18429
4458
8894
12235
26220
26615
10886
31284
8465
11546
25194
28407
20245
9351
19830
11780
21461
25413
30539
12054
29144
18535
15826
17617
13143
23429
15281
11273
9766
25137
17751
11149
1824
28236
31823
30591
31551
17202
14247
23409
13201
13104
15851
23119
17002
6659
2137
13683
14510
20191
16418
20278
15114
13372
4380
3742
24454
1530
6169
19006
21212
17458
31111
11878
23857
30759
1645
9432
8935
3167
2577
1073
27641
21866
29774
27877
2470
7668
7967
25110
27146
28841
14908
25223
15726
13073
24992
6520
23162
9820
4283
6163
21365
23922
15389
24971
15847
23503
19886
5975
30032
31668
9812
836
9092
23774
19674
15476
14522
981
25255
7380
29935
13805
30754
18138
26629
29021
16188
19678
17026
9229
2313
19664
8982
7476
25408
15760
690
6312
26561
3388
32586
6665
8431
26688
29371
1145
17852
31767
7194
6819
119
24996
1773
25115
6790
8674
21961
21061
31151
5499
25743
13573
4332
15290
1742
23485
8031
25715
30139
558
21441
18028
8528
20089
3555
25731
12915
15609
10458
20309
31493
17210
25680
3485
4780
8867
14783
2306
2721
1102
25389
27106
11246
27136
23
16742
26501
3038
24210
26592
20363
22081
4083
22732
27274
24983
19086
1242
13458
393
29780
2379
23280
8342
29764
30273
28863
17994
32030
129
25088
5413
26966
12424
28485
20877
22626
18692
24036
30059
4790
17800
15041
12318
22181
10534
18961
25728
16481
26763
19815
28198
20271
14627
31775
29984
21026
456
12866
26792
14672
2078
11757
19733
15637
21172
27076
26854
29995
697
387
2207
22943
4292
26882
12111
5366
25178
18590
8709
17425
24063
26815
28916
18336
32150
20498
27945
21350
2639
1340
27962
15359
13799
7906
20752
16569
20365
21590
30948
5150
23047
23457
29813
29003
19939
17709
20248
3607
12366
7509
520
12826
27144
23790
27538
5377
8594
9175
9483
20431
28992
26781
27483
29613
11746
30553
6214
28890
21480
21624
12149
21075
27047
4743
9866
26802
21904
6112
15317
19457
10540
14313
19535
1081
3048
105
14471
989
25159
30845
4997
9809
24789
31171
11304
10358
12970
2849
30592
18755
990
6529
3061
21348
27739
2727
9679
23805
13517
9486
31704
28480
30123
27062
701
7193
29633
20561
14858
15287
15456
24390
10552
29293
3648
23439
9885
22216
5119
9335
15079
26199
12965
14922
8949
18743
4388
30967
19652
7490
11060
13823
11533
27441
9611
282
11055
25185
30709
17810
18356
12808
21950
29195
30681
6331
23376
1657
6851
11246
14342
27641
28594
21986
13133
9926
27843
13711
30631
5420
17763
6173
18456
27821
30928
23837
23315
28236
7622
2783
23405
6267
1871
8683
31959
18174
1949
1849
25863
27084
9619
10928
12523
25586
30061
25705
27671
11137
21959
14530
3277
6823
7845
5333
27083
11457
26999
10993
29679
30356
18183
29078
27004
2924
86
22329
14366
5601
16045
30330
8805
27493
28595
29849
7138
13320
19795
17339
146
16590
28031
24146
10248
20946
23934
9634
21556
30867
10186
27980
24018
10869
12231
31702
24245
32425
10222
22516
29448
12391
26051
15000
6049
10065
4819
10839
1933
28651
107
16688
29134
13875
5168
4192
27385
12939
31473
7978
12524
7053
25912
29565
24949
1724
25586
19916
26452
28703
14218
2034
16804
8199
23408
21957
12624
13167
27363
32429
27383
7561
20816
7898
12636
26805
4735
11302
12675
15313
24753
11740
8448
19578
2440
592
10386
15643
21727
9042
2304
9356
6602
27423
30150
27163
21892
3515
16955
27056
31193
16175
25028
13818
24289
10831
23407
1277
10143
4727
24479
5650
6089
19659
21737
15013
22453
19464
30398
4272
17248
12273
8569
17797
15852
11233
32220
12012
21371
32436
6375
7342
1986
10771
27207
2121
20046
15319
25571
5253
868
30101
15472
4985
18960
5176
6428
11857
27584
13989
14692
11072
14095
25571
9427
17725
28967
2810
28620
22985
23429
11852
18096
3253
5119
29852
20872
724
24955
3242
5074
5131
13391
19567
14769
18591
25513
17869
25333
28449
14931
28188
18993
7737
24570
13224
1775
26171
28103
26420
16212
27736
22829
30451
30540
16268
23362
30773
13038
18585
32615
29271
19922
19020
31975
20440
4909
8379
8136
16504
19459
8968
15813
31496
32340
3159
16790
7570
6800
15020
19442
21175
7319
12026
16719
24216
7400
1108
17712
29945
21731
17336
11554
24449
17345
21761
28223
14958
11553
2302
10504
28026
6942
9049
22745
14363
19667
28035
30718
6136
14892
25033
1849
2266
20246
24244
21699
4541
24947
7630
32333
15858
31386
23083
25326
13788
16610
900
7919
4210
20866
25153
20116
6690
30101
11785
9714
24645
2042
21860
26985
18856
24465
18433
4178
19260
5572
5270
18574
12223
21151
3310
1311
3769
16533
6271
24299
20217
29045
32372
13792
25109
454
5377
17754
17915
10
22575
8682
19711
5843
19454
15318
9609
3829
12964
2482
16598
29931
15553
30773
3557
4630
9469
14172
10953
17536
30294
23286
9138
13046
23281
24840
4223
9210
7201
2092
9136
17211
5552
11170
13795
7153
15819
4284
26807
30074
30673
31807
12898
26945
20339
16421
27060
31321
11458
7855
13501
6359
5679
11376
10260
3814
14948
9945
5775
12118
22450
11620
19777
15452
22659
11627
28992
18274
15310
31588
533
32034
28689
10409
11637
1295
24183
3678
24429
11871
15566
12733
14865
26842
3382
30468
1014
19400
31842
16378
21418
31297
5250
12151
31719
13456
8457
4482
4035
28199
27922
257
6884
6566
9338
28842
519
13937
30649
18372
17261
29788
5219
4575
29741
31276
10761
23080
19699
12202
26598
22335
17285
28601
13078
7058
14149
19397
9456
14973
4935
26973
3509
4338
11949
1612
1830
11265
20720
3208
3962
25935
17596
24838
7007
9093
3680
2174
23977
15534
27986
16868
4034
23887
18690
17261
27614
27864
11865
431
20351
25344
26642
16621
20255
18043
31703
12978
3856
8591
29956
3403
30026
513
15585
12953
31443
31498
6535
6344
13111
7430
18792
1751
27504
23785
5936
28174
13732
24976
1284
469
30276
4168
15337
4832
28575
2597
9550
28385
9856
17665
7195
30485
23113
9462
21765
4110
13691
22382
11235
5012
7051
29164
2840
12755
18032
2185
12324
12954
21522
17408
10550
28679
3294
2677
23963
14163
22180
19047
32693
4751
9529
24804
28927
15559
31176
31160
19168
1821
9176
31897
20696
17141
15168
3178
9166
30041
22022
21549
7756
19221
3033
8163
4649
6944
11552
24373
20196
1510
32688
16028
15353
3713
26054
1438
897
17976
18309
17610
32262
2537
25015
24798
18201
3440
20903
1897
10596
2956
19358
12815
17030
12493
7836
28256
5885
27066
27268
10759
25366
24792
20072
24239
29565
19683
1824
5935
22479
31614
25166
13754
8322
27539
8726
28924
31925
11234
16322
1764
4125
14883
5118
18949
23020
23876
20551
3216
24967
6418
16771
11414
25766
4162
11462
17909
1426
3512
27559
31380
10300
15400
5000
7858
31871
7328
4633
18331
22891
7701
9626
31609
30063
30714
4911
17612
19217
8326
3339
5324
2798
19632
22879
16602
31852
16933
19170
4785
18730
7162
26644
16878
8692
28521
5885
31598
12057
12635
1285
26844
1943
3676
26199
4154
31081
14085
26612
25703
23801
6349
3794
12856
10113
19794
6891
5078
4767
14715
26202
29999
1361
25619
24852
8823
2207
9432
10672
8689
9984
12694
11192
3794
20837
5217
10110
25505
15391
26615
20272
3480
21546
16009
16941
18159
13230
1807
5712
6056
14662
29338
14178
22037
17425
2065
28812
9291
999
2426
1164
17646
8330
26621
13230
13323
28793
21030
4313
26481
26049
6914
31191
28447
8643
14560
13851
18773
16258
7643
14463
25411
2976
22491
14069
27836
21636
26355
1499
10985
22566
18073
16212
29342
12659
17361
32739
22443
27373
17449
14704
10527
1384
12559
6334
2800
15281
13124
4339
32544
14888
14827
5241
18706
1746
4355
12461
26000
4600
3774
1575
14626
14707
2466
3522
27775
24019
2745
20597
20202
5996
25886
13564
15944
2703
1493
1427
15513
665
24677
12734
25561
4219
21154
25172
7198
5267
5100
8791
14006
2003
21246
23209
22990
12413
2930
13177
3040
30940
24101
30498
4344
26327
29877
14941
25908
3202
22903
28399
14547
28429
23946
21550
18335
21361
18603
842
10591
16296
32441
19407
8925
2056
27583
30602
20317
8108
4621
23153
20009
3489
27452
27740
22888
4541
20935
6312
25751
14548
9229
28475
23358
29603
7712
26949
31725
11138
11566
27930
5019
16874
3779
29945
12294
30751
2515
13804
22773
31655
20297
7697
8023
12179
14552
10905
22516
737
10025
15441
9924
18426
7914
12875
31805
17306
23461
201
22160
24932
11607
30172
32277
13729
5904
19532
22533
338
31442
13148
13356
3984
2159
21803
19850
30051
23303
23247
1148
17012
4549
17360
10995
23835
26729
1523
21215
32467
5776
4024
10824
13418
23223
19849
13490
21577
16245
23029
2451
27832
20437
21182
5308
719
13101
10984
13225
22356
27450
30813
30737
19606
17698
2431
16439
4845
17566
4527
20395
6484
446
11305
28295
563
12045
15243
25565
26763
14833
6975
31549
10911
27362
24806
20048
11512
11232
21934
12645
10575
17468
29513
25267
3312
2127
8239
17455
11254
22178
24915
15498
22293
21098
21967
12383
25456
3795
27320
29765
32396
20287
22754
7360
23539
2975
18136
25762
29999
10564
28961
29485
15421
29062
13739
15555
21190
5797
29729
30478
27947
32650
24406
23784
17698
32578
1768
3469
22055
23732
20990
11628
11054
8403
12039
7945
13528
5517
13718
12628
12680
12943
9163
14471
20988
20738
3537
13798
11514
32688
21196
11455
27111
31825
29557
23326
20930
23573
13038
27869
26044
18400
6599
9411
16951
22476
23967
15234
2157
21705
32307
1645
902
10677
21746
12296
6371
8552
31568
28447
14821
6214
31290
14896
28144
31458
24451
20530
11181
14360
32585
19329
20168
21182
30688
26637
22194
28
32040
4095
20429
28982
14629
29494
32629
8086
28933
7506
15294
2120
26938
14294
31423
26891
11305
5101
23509
12487
8210
18987
7210
25209
8825
4441
7303
3869
4208
1346
1046
7406
31676
13299
23564
19319
10548
25394
12673
10810
7769
15768
5751
68
16940
32013
7497
21346
26535
17548
25217
8546
26283
6685
2009
584
28934
30387
8788
5621
19230
30446
16304
4631
21465
32145
577
14301
18982
10080
24371
20198
3951
2738
1803
15153
25981
4579
29273
23661
16736
13626
9983
22843
31841
7785
20040
5060
17898
17606
31438
7465
18829
32440
5647
228
10682
11301
29691
713
6871
22650
3139
15315
14844
3623
29289
27382
26704
5378
22474
24995
14008
2028
29868
32219
4213
14959
9058
6075
7851
9595
21459
28684
32170
21827
25750
26512
22059
21432
3173
24890
27139
15370
3427
14971
6418
13003
1908
30937
18238
32738
1182
31396
19153
32009
10453
21916
7978
8902
12305
20355
30402
31356
15501
10573
10569
13920
8961
27871
27041
31400
31251
20389
6047
2338
22041
15479
29816
8642
8289
30446
24772
4079
15597
7615
12894
26604
27898
12582
2398
12181
6838
21428
1241
30468
30660
8225
7620
29265
24421
11337
14387
28566
6997
15051
16508
24964
31162
32102
333
14342
20889
15816
19098
4679
17746
21441
24041
13985
9537
2560
18962
10819
17415
21633
2707
23115
16332
17674
24603
24843
25741
10866
16711
19084
32126
811
20344
3375
18464
30973
19203
23193
12894
5791
24525
14329
31666
12519
14060
24012
22098
22622
16856
31698
28363
152
12889
18580
15499
27610
2618
4808
16003
23119
7685
9956
5513
6541
15607
19988
10587
25717
30917
2637
3922
6487
30942
241
28626
1386
3902
27852
2471
30053
1478
26191
30795
19646
6008
8102
29563
16480
5600
23325
1394
14214
29349
26239
21371
22565
14307
23947
2480
21315
10163
11944
25811
922
12632
17985
6873
29275
27073
15312
31060
9480
29513
2518
4945
26517
8305
7074
28177
21723
10681
29630
6458
22496
24530
11895
15553
26490
22629
1430
24546
9344
5039
32249
7912
26846
25457
22296
16250
9788
27648
18962
9370
6928
24068
8215
1237
5245
22618
15936
1775
27394
5287
9439
26124
20100
29919
9341
14347
2000
8630
28198
16206
14448
28499
27912
24517
9563
22559
4358
30161
8072
15314
10921
27705
21089
13301
17752
17252
32680
16067
18057
4259
3169
31182
679
18756
13773
27257
32647
17234
5316
10578
9218
13669
20354
32492
396
22859
7141
3516
28510
21475
542
11510
6225
9329
15648
20216
14804
14138
4789
234
12570
30231
1972
27238
10233
10585
20565
12175
351
24092
20839
32182
27828
29490
7793
20428
2697
20067
29104
3576
26265
28839
14358
29703
8483
13383
25372
29404
28131
29856
21589
20507
19533
7624
25419
9560
31518
6126
18464
2122
2910
2959
6277
8579
25819
4518
32200
32546
24000
16189
26158
11402
22037
22962
3127
5039
32720
260
20377
25422
29708
30897
25124
19566
4111
8240
2891
13821
18514
19048
13846
9149
1930
6666
18152
570
20555
2801
4996
1813
17688
30570
3031
5453
15314
9269
20008
25877
7878
32374
6893
32209
30235
6649
25331
31452
12804
25327
29275
2423
1077
4035
30865
19072
25952
8328
29954
740
1642
27890
24555
28576
7054
13704
9396
20974
1104
23928
18539
12259
15083
20538
12830
28651
28205
6755
10360
13256
15280
28874
5022
8794
31881
15920
26522
21073
29878
11276
7373
6950
4933
13888
26485
22243
469
30506
8131
54
501
9733
23088
17613
15950
10123
29273
19806
12001
29892
10961
22045
26090
3603
19530
21303
5809
3853
20051
32365
30187
13374
8151
31476
20138
7348
6567
25889
10782
25668
23096
24013
6113
25765
27456
31106
7180
4316
2855
27257
32387
495
7302
25983
17123
5688
28536
30930
17244
32254
31566
29481
14426
18503
24673
23120
31895
15435
10180
25299
23053
11704
10973
20123
17178
2944
23456
3392
2391
20138
21363
24266
20347
18309
16805
27013
23629
4696
10973
26367
11070
10612
12710
14843
16718
3406
10779
30432
15016
14773
25627
32754
16955
28858
160
20349
25591
3655
30458
26836
24214
3153
17274
8072
21203
23068
1799
5503
26451
9259
25066
2915
16201
31763
3430
30653
18936
28361
5192
12981
25034
24971
16912
32562
20833
31337
16346
9959
22142
11491
12958
16552
9324
19939
14492
19920
26113
2298
6453
12840
8642
4894
20707
1727
16844
23045
21322
20213
25
10667
30128
8935
11069
29145
32386
10248
24860
8524
11220
18880
1165
2161
27814
18555
24689
21504
31987
2378
5984
31179
20270
5997
15074
9330
4831
10841
32051
22027
9579
12477
2407
32449
2538
10
13291
23874
14564
16456
31210
11924
10656
29261
17860
4181
3763
18356
11799
15181
27880
17170
11548
25095
2331
29917
11460
7380
29929
17283
10329
15179
3008
2246
15042
21807
18844
23541
20759
5667
32534
15321
19636
27117
8381
762
12303
20737
26534
3094
9824
11300
9196
14500
17091
19112
2213
25622
32001
32586
9179
23666
440
1428
24647
56
4844
4271
11494
26152
7657
29255
23584
3854
11440
10525
30151
13631
25934
1313
957
18517
6706
4001
22634
23852
10374
9416
1924
13950
13935
2872
14410
13209
19529
2433
7609
13473
24879
12323
8107
23729
11347
9605
3512
32469
32293
28410
13416
30010
25412
17947
23951
29900
12633
2583
13848
15185
25511
10929
32379
31541
29617
10232
26708
1177
1720
28353
30963
28541
16523
14940
15973
1990
1231
27632
31970
31155
4203
2647
8460
25549
30482
26103
2089
3428
25538
31043
19757
26857
18108
10877
12400
9798
260
24113
13531
27255
30604
23532
1685
20073
32416
3806
27262
18802
32678
13717
964
1585
15235
28562
6149
12344
1433
11161
673
16989
10587
19342
1495
15983
17566
4497
27455
17211
31968
13531
19280
12184
29616
31117
20219
26099
4020
16286
26678
30067
8880
7179
22546
11189
10542
18712
31889
21153
28859
11817
17683
2139
19485
10863
12773
3439
6981
8716
25468
11485
8380
24699
19944
27930
9017
6195
76
8828
7091
16783
16460
30219
30341
27141
13658
30675
32590
11498
29851
11757
29689
1219
24771
17751
29793
11433
12693
29421
23345
11396
14701
19751
3482
10559
8388
19275
20551
12804
22831
25155
17136
14739
7615
1020
24374
2640
11191
15822
25571
2949
29373
9620
19118
5668
25965
12058
7830
17204
24797
29286
14858
14822
23940
10507
28575
30193
22951
10791
5315
24740
22565
7491
23576
19577
21210
13845
28418
14283
5298
1495
9210
16107
27691
14065
19979
1459
30067
3026
15547
23912
9052
10198
5595
1267
17097
29568
6265
31267
27143
10410
3912
31707
3569
7042
17425
5399
15594
29030
3482
14740
27790
32027
15038
20571
19901
25660
24028
22885
15249
21267
10104
4573
171
3976
404
16697
13357
16461
12428
28322
30628
1415
2476
14091
26330
9480
31071
29683
30868
6275
24539
31294
18411
13381
22709
9641
6724
3347
6591
10467
4822
22207
19031
26041
7613
7146
17895
24735
3166
11799
17971
23557
32725
17975
6811
29791
21769
1314
20039
16472
8620
17253
23078
5479
20454
17621
14041
10353
16838
24359
19181
23148
11648
29079
14123
6128
13675
23132
28634
11831
18495
16059
10109
19649
17735
1753
13946
9857
9391
4281
9288
15144
26938
596
8606
14064
30283
32505
21934
20776
23865
32762
13208
5123
6621
20135
21538
20488
25615
19995
28063
7513
25857
21135
26706
5542
27782
10126
2191
9868
3850
4049
6012
30995
32613
27448
1775
1501
5351
1452
12212
31849
10912
11896
2799
9191
21009
564
31779
9764
19979
30946
29215
4006
1508
31881
22723
12300
3168
14456
4134
32547
8478
24661
15669
9047
19838
20029
20009
13489
9350
14146
7178
30467
5614
24395
26030
9392
18540
30016
28628
7473
13414
20065
5141
15771
18070
17337
24020
26149
16516
21201
22175
2049
6271
22418
30108
9075
8122
3473
30133
32395
12133
19070
16679
12979
9478
31625
1627
2972
25312
8451
27353
4799
5724
7655
23444
11755
21411
4952
20084
21980
14658
16161
26295
7936
31591
28849
5706
31902
14440
32335
20131
422
27065
9196
8356
17494
1892
3396
11231
26518
1333
2485
5794
14585
8235
4357
7433
31881
14971
12538
13586
26989
5599
16841
7900
23226
12639
10286
15995
6965
692
13123
9847
6028
12668
7756
21838
9967
14608
6810
18639
20057
25791
24638
19222
19788
24391
19438
9296
18643
18560
2888
31356
3639
29843
1401
3418
19403
22100
23903
12842
13735
15323
29899
31052
17681
9989
32392
14798
18581
27586
15782
8845
8020
28633
22606
17740
18208
25115
4758
22814
24328
12511
7783
22849
29819
24001
947
2973
13621
26953
451
25107
5992
20096
4073
17510
10086
26918
3757
13918
5415
27416
19673
5973
1552
18465
18769
15392
30899
2914
8150
28398
29426
14718
15779
16964
12481
5041
31802
26784
79
32583
26299
23043
9327
15898
20493
22837
19488
8535
32188
4138
28720
9041
25298
8155
10717
7265
20576
2471
24600
29296
27922
24404
9970
533
27639
27656
8679
30358
17699
21410
31316
23584
30772
18926
22839
24074
13009
22135
26583
2898
25434
1823
9477
8030
29998
20415
21859
269
16214
26429
7419
18605
9685
8195
24579
6045
26407
30574
12485
12915
17394
2793
4719
2730
21323
5818
20676
13174
17438
25661
388
8514
7025
15265
888
3800
12129
19513
27876
5387
20646
1653
8746
10495
22536
19751
31237
13637
31128
8893
22660
27310
6872
11691
22108
28742
22422
1250
17241
12080
14217
16141
5428
20609
1229
28247
26872
6564
7993
32332
29723
23006
9927
1560
24445
22353
16710
5242
7480
7455
32112
32485
7910
23332
28276
22423
11287
21368
8184
2711
30694
25896
28217
14575
5399
27218
23089
5305
10106
32451
2738
23236
16129
1233
26342
19053
23791
4545
19508
13222
8884
5895
1112
30909
2199
17758
25846
5132
31719
19754
18451
9577
21400
18297
1698
10798
25225
11846
15503
30285
27626
8923
31366
15450
29626
32625
6924
2004
13739
18843
3036
25977
8540
17657
4215
5092
15380
32278
7790
28650
16097
29903
30215
5107
30367
5279
1173
934
11525
27202
17229
14350
17856
2984
4615
15626
5723
31764
19829
28057
8159
10843
29291
9942
30732
13391
25107
2017
29790
32683
30014
31077
5671
31790
22954
24584
1032
22993
24508
29998
23933
31815
21182
26171
25387
22595
28796
9270
5206
30557
22363
20980
9329
19879
23835
14037
7908
24250
12969
17226
27285
3024
12932
10800
21441
29290
24321
681
23889
8470
32335
14440
21732
30193
32755
621
31250
31114
12456
1255
7705
19515
4879
23984
4970
23717
31683
24163
3912
30472
29033
23950
19335
13870
13316
13538
1688
10385
7749
26162
32391
11816
5806
13722
24791
25732
13313
29034
17362
11864
28881
25814
29197
2036
25313
25669
13546
7976
13211
24861
27990
32155
10137
25923
27153
12576
19069
11060
279
23260
18506
17078
1247
28960
9678
13520
7243
16176
8606
25292
25561
4869
27224
23477
32127
21632
25535
14165
32497
23557
7389
3901
12559
7013
21646
26885
26980
31641
7700
4016
14548
9680
16615
10938
19212
14367
13420
26664
26892
19462
27740
16394
6789
14592
26061
17076
24265
31812
32040
29161
22125
26615
21025
14179
28520
17825
8335
20883
18801
28862
8777
12381
25987
13803
32044
6908
17977
25969
1475
29266
4006
12770
6286
19332
2576
16528
19527
32650
32099
6612
30204
6714
13344
25777
25439
8894
4465
15344
15799
4932
5667
7632
32591
17225
17839
9583
30783
10745
25279
6197
32601
2475
28961
21291
27468
9727
17943
18398
29513
3324
5884
13433
13594
3441
12836
12551
31496
29326
4350
28935
23462
19470
1018
22215
31103
14834
30192
6891
1258
29167
23193
6748
11386
21118
1713
2243
4892
26760
800
20278
1191
11570
2501
14981
11329
31832
6000
22721
10642
32445
168
25135
14758
1749
22004
12912
7987
5565
27078
7685
31046
15189
31315
12579
17074
26135
18389
5235
20950
30933
1553
26226
5549
19594
20096
22645
12833
17393
23006
10387
5176
1886
31429
27104
6282
22065
25876
10388
25071
20566
2111
14605
24289
10095
15202
31552
29523
5499
25300
8141
6613
12381
31593
18815
32737
12629
25391
26293
11345
16977
6000
29721
25567
32540
10457
5950
5254
6004
31549
15360
20350
7947
26728
8670
20571
24652
21369
2539
21324
16751
2847
28080
25798
21313
7928
25291
7119
28562
32285
26526
2952
21240
21619
7665
24553
4872
14437
10797
5647
978
2425
16071
14999
11991
21801
9724
25398
13414
14081
27989
6118
13411
30748
17675
1931
28663
30955
18110
13928
4251
30761
6986
26318
7325
16589
9506
12053
22069
31596
11618
7048
15863
16610
22727
5962
7451
10777
8304
23600
1495
5094
5849
20448
20839
5334
17388
26360
20800
2879
31918
22426
5211
11337
3989
13404
22431
18758
12800
20438
14187
1704
18966
14576
25518
23168
14121
11385
27284
29510
20959
9451
30692
27064
25391
24805
9684
8245
18143
10626
19595
2858
7370
19108
224
15980
27146
1270
2236
3657
814
30377
31805
18289
29502
7908
22356
28105
20473
7956
2407
5312
28116
18335
20009
3293
15546
10476
24525
20879
18777
9751
26610
4614
3636
8418
13046
28733
28076
1022
26441
8288
15704
10034
4998
31888
3531
17192
14815
10260
986
8259
24734
18302
20021
21630
22535
3934
7493
23013
8009
10461
5398
10148
18004
2348
18207
99
5246
13745
8410
2256
21127
22386
12200
2794
15587
32672
13967
15627
21059
26134
1566
22134
6456
28550
3765
24072
6018
3576
26442
21010
26406
12289
28451
16065
7703
10289
18776
27827
9020
757
31529
2864
21767
25719
1800
16341
3942
6092
5051
31571
19184
8618
21072
23552
14367
6466
25297
10340
30136
8671
25071
14787
32503
20821
17012
30512
14341
28165
11909
29576
13185
13521
22062
13262
30022
28499
24081
23107
9960
29954
4039
29136
14641
29732
10626
15346
16583
27680
24590
1760
10943
9802
8205
4154
8202
12957
6479
28666
22880
1345
3576
24148
9789
14007
21853
10842
11084
16878
7432
20488
29185
20191
28918
20942
29787
18247
22153
31653
21424
7672
13624
18909
5083
12037
12105
12209
12933
32650
6555
16048
18614
30162
30394
21233
31986
6934
7756
27278
11540
19343
20833
3103
31306
21313
4961
4675
12284
6780
30601
29152
28769
17732
18316
23150
13018
17698
27311
13085
23860
15008
7142
14347
3456
4421
6146
23265
16164
3931
31822
11208
11038
28662
21555
5459
15321
25159
29112
15833
14084
3808
18868
1858
15817
32303
24918
4863
20720
27958
6467
17178
15226
6292
26149
9385
12135
27077
24715
4296
24344
29174
4010
2968
29646
912
4451
6874
11108
2022
20051
21357
30302
18380
19960
32520
7517
30414
9508
11484
16577
23712
26080
6792
8121
1722
16924
6694
25882
25616
582
2666
21078
12146
3184
25281
5198
25054
23175
115
10563
9284
4485
20638
3962
23656
31303
31468
18548
5680
28800
3997
22858
19817
1388
15804
20581
14184
14147
18796
32315
11771
31831
24527
26038
27134
17180
1269
20327
6684
23994
12451
22991
17167
17594
26660
17987
12558
26244
1436
30366
19668
8148
26787
23965
17475
19554
30751
856
20803
14410
13664
22313
225
31466
15555
24738
24220
6412
14332
20384
28142
16810
15121
8103
19695
1251
6309
13654
31465
5746
22860
11363
24427
5115
28545
16264
9677
24004
3716
13552
13133
14089
3363
5230
6631
18874
29706
28300
18815
28429
26661
3823
13025
30218
14473
30397
11059
31432
713
8233
831
19807
14448
29959
18510
21420
30422
6539
14703
22885
11282
737
19832
24226
5295
8541
10689
27201
1665
22041
12096
17428
18440
9233
4292
899
15232
7005
9008
32444
8814
6264
15013
31566
1716
28640
5902
15588
17273
2819
11749
20977
17179
16273
28384
21879
18971
1988
5892
22816
29463
8922
14331
26570
10138
7973
2688
8496
12667
20594
15411
31056
12062
8766
19450
20769
5680
19343
26135
16611
11135
25666
19047
29651
31958
1837
23192
23940
13105
31301
30688
14755
21729
18412
5761
18075
15182
11614
10583
25457
19942
32080
27586
14272
25410
7884
11201
24786
10148
18251
20021
14679
7355
22354
1907
16829
4480
4191
28106
9874
25029
28322
8371
28061
1589
9449
6659
29283
32038
26822
17912
23280
26690
6429
479
9082
23305
32677
30160
19559
23749
23424
31944
22406
20006
28625
22610
11146
17800
10344
32711
8330
7439
28874
3596
25780
1695
30554
2974
362
9722
5814
21551
12612
16236
31109
26541
13870
23401
8788
32323
6292
27553
19246
2133
12926
6149
4967
11772
11584
31113
15364
31526
11530
16451
17258
3110
22937
27064
26445
16674
19300
24980
24897
15253
32716
29493
26622
3461
19133
26489
30375
5397
27820
23235
3931
18818
6303
11356
6068
18480
31628
28905
7106
14647
4624
13859
1029
5049
30787
16274
13720
14625
25594
265
11475
29527
31679
1576
22538
17077
8357
30235
8181
27619
14983
9304
19331
12895
6965
30423
19610
21846
12794
27008
3377
16943
16689
17645
20967
24698
5374
21774
10302
14433
11943
10557
13880
16127
31337
9175
20936
23151
31183
24781
20488
31592
7533
32573
17342
15149
23193
7760
25894
17363
8574
31663
26841
19525
28219
5254
4541
26306
8244
30780
28540
2996
31757
2042
23754
3230
31625
13735
16903
30217
31628
29724
2801
11114
4992
523
31101
10502
28696
26567
31405
19168
24843
14728
23080
18043
25225
11696
8533
12580
20167
17627
14031
28059
13452
8148
17911
30980
17101
26161
26176
13460
10702
18815
19981
2963
7634
30172
3347
4753
10650
6966
20149
5651
2500
31768
14317
21960
30850
25239
21762
11726
28555
23994
4190
24180
23621
31377
27791
21449
954
29147
7448
17493
20146
10745
19422
4231
15747
13888
17880
1961
14199
12597
25436
1478
15736
21965
19431
27921
15009
26607
22351
18738
16860
11532
19270
12053
21871
9356
8901
22234
21463
8239
10750
13746
4302
26584
26421
6926
23246
14130
27940
5432
27443
6950
4926
4436
30085
6965
22778
14975
2360
984
1077
30465
3835
18091
23351
14570
18245
11860
19251
23586
24547
56
11765
30823
28560
12754
757
30945
10250
20963
17080
28783
16080
29675
1744
1233
26161
19144
16813
28608
30438
19640
347
7292
25277
3781
30512
10308
9708
23401
5591
3434
1982
27841
18946
9860
29138
25599
11905
17790
7639
12634
26998
31182
27711
23912
10069
3985
21530
16507
308
16824
26778
345
19568
8009
15471
16134
17972
11878
20122
15906
30327
13914
3806
20086
489
13262
30450
21933
11514
3589
18285
26048
24078
8916
18058
25532
5120
13536
1611
20143
2780
5988
27020
5335
30735
26875
28488
32526
12377
20782
21074
17663
25640
14271
14210
3832
26641
31581
29400
27141
7197
3429
973
18944
29687
3933
23298
13054
7916
26987
11186
22683
28751
30234
27966
20015
5970
21704
23454
11985
17427
23700
17649
29627
7021
27884
21346
8827
31476
30687
1021
830
11903
23244
21936
29004
27294
1448
12405
6418
4645
32068
8371
7585
1615
23537
22282
840
11416
26481
18648
13928
14716
19703
6540
30772
28056
18802
1303
26225
23656
32022
30272
1277
22510
9535
9912
21552
26880
15361
9695
11515
12969
9487
17969
31001
5514
17872
11204
9029
10503
18758
14293
22931
2567
7549
13605
21730
25119
13603
21404
32731
11428
32163
5957
20853
9739
26209
17986
19373
10101
17721
32506
2902
26148
31108
9859
13642
20000
29875
19946
25323
25452
5013
18058
11808
29868
6365
12693
18875
15859
19337
12427
20174
27775
23150
9903
28905
8232
20801
24159
32104
26674
31031
12168
11633
5614
28795
19274
6787
20517
19776
18233
12207
22653
9856
22378
7420
5837
13157
29057
1287
18686
18251
24723
10644
119
16089
28779
11443
24471
25930
14307
27206
21558
28932
27395
25250
10519
28545
13052
1559
9407
14346
18660
12284
9511
22275
10837
1416
32095
8366
22433
20567
12043
12390
10254
32542
13369
12332
24602
28929
6708
5424
23045
9708
30413
13558
11610
18189
23132
30224
16408
1658
24411
28412
16047
2514
32052
833
19421
27819
31258
25418
23118
4057
18687
12300
4419
31161
6990
27196
18499
20203
29975
3254
17498
3555
31138
19835
29601
1307
31177
9097
12021
9454
23347
9051
21132
10044
10248
31681
5416
14549
21944
21105
12462
7720
12050
1240
15967
4307
17959
28208
18667
22875
6821
1103
1851
123
10956
3442
27078
2327
32490
3694
9692
11257
8018
32392
13054
32065
31787
6622
30145
3385
30257
23952
21185
23242
18639
19479
9860
20234
25861
24462
6892
18174
4018
14249
25186
22101
6304
3774
32283
17702
5245
26917
10575
16731
23905
13297
15792
11767
24372
9156
19903
22926
16982
29639
11739
20266
9029
22141
29124
18394
22985
19279
26778
11368
7302
30041
23378
11829
20750
12685
29442
10625
31486
23836
4956
10962
31418
7841
31892
11175
7442
22860
16522
24890
29909
2529
21040
28780
2688
5113
4590
22383
31384
22359
28132
21461
335
11654
23090
14120
21522
13503
8668
16953
25438
3349
13789
1206
30309
8376
16197
5746
20260
26761
13720
11831
22180
22548
11698
13174
13318
16285
14966
19228
25426
21875
6826
15578
26021
26851
16591
7241
11168
20150
11543
5144
57
30268
32684
17327
20325
19038
6317
14442
22691
23561
5464
495
7819
23267
10213
29326
28314
30399
8982
7139
2172
12163
26654
21930
10393
10938
21138
9412
181
9051
29577
32028
4968
25373
23697
32406
29358
11078
9511
19902
15553
30749
232
20500
3053
13694
6227
6785
15367
7057
9408
3799
30284
10133
31072
11881
15969
10423
18697
8225
654
30545
7796
1063
28921
9286
11162
14976
25412
22896
28969
2384
16334
11647
15043
7743
4984
1211
26943
610
18421
20303
30097
20697
4831
11920
16028
8500
9570
8694
14867
31261
24254
15715
19442
16558
4868
6697
14152
10828
9948
2935
30770
17716
12680
11179
9819
28737
4181
6366
21913
24711
24973
14362
31449
28026
7954
30463
1504
29354
9876
6935
14233
31156
30153
8455
6722
4191
3743
1891
15120
24460
3387
19228
26039
1405
3441
21274
3532
4321
30899
23188
28155
17398
30220
18420
293
18056
25256
16785
21866
32101
18225
6346
15858
3467
26900
24849
18923
2288
3531
24945
3360
25337
30831
28547
10778
26587
1610
4884
10596
5074
7354
14636
14040
18724
1998
16314
9208
16174
10819
14385
22045
11840
6972
12658
24758
31645
21312
18934
28499
26753
6468
31320
19328
822
7370
19813
32730
29934
1101
7019
21099
18952
8537
11493
8043
31321
10950
1900
27023
32247
11787
8058
8483
10550
26473
15759
19960
31595
1169
31817
28064
23742
5178
4188
16010
11264
22281
17287
671
18816
5158
1721
14699
19262
29205
5152
4290
24070
11240
16508
15849
18739
24383
24572
24871
31200
10775
503
7581
26781
14958
19600
19481
15072
27452
29983
32652
29725
17508
7933
19135
27825
31247
10357
19733
20614
17417
20132
9872
28243
19043
1761
15525
15886
21322
27154
6637
17668
24376
4939
22516
6521
4612
4891
5131
4173
28375
15867
25045
1919
23405
29344
3688
6037
4200
24509
12218
6335
26633
17566
10300
13319
3869
25213
13197
13625
30948
30589
24510
25643
2130
32629
13495
4799
22968
28072
21578
29173
21437
29318
28218
31224
19595
23860
8886
13466
4548
4156
32144
20702
24740
32522
10314
27909
4832
28444
23983
13812
1224
17169
14156
4349
11521
29674
23789
10196
6037
31574
32182
31802
31014
19225
31082
25489
5440
26131
14387
26871
388
13742
24370
7732
2251
3567
2363
21202
6122
9861
9157
4056
2918
12447
15558
15455
13809
15319
29005
19099
11055
23020
24846
7688
18123
27374
21441
27342
10424
30525
29666
9602
10974
32626
21269
20557
6652
5576
14027
9006
22977
27420
18779
6637
21563
17689
9318
21802
28436
22704
21722
24704
9213
32167
3728
21632
24911
26066
28535
6524
19697
1580
2125
18768
31795
16932
29928
25684
32414
3681
17439
4061
20121
20552
29041
387
30102
31327
19904
20751
21660
2077
24002
13836
30045
20577
21656
27184
7111
18061
32645
6654
10811
11640
21283
25265
31126
1314
16679
7410
2547
24613
30169
19100
9591
23956
31663
29633
8295
28492
3551
25467
31280
9345
23033
10914
9467
189
12783
31187
12498
27576
22154
10018
23239
2004
13697
93
5682
18813
29058
20629
13543
26922
2122
22787
11252
22612
6977
7954
5059
9340
28123
29445
5100
2175
28968
6534
30593
27733
25348
22110
1920
7673
31155
31920
10240
28041
6773
17915
5783
15499
6067
11709
7736
4784
12935
28153
13096
13043
10617
1627
3683
21571
10062
4267
1402
18594
24097
29039
23821
16105
32306
15530
25187
11480
26076
6252
347
10448
15578
19480
2611
17963
26477
21142
9169
17249
12820
7413
16911
5258
10932
22285
27980
23175
31686
22891
12599
17498
8869
22161
8480
1684
1395
7330
4461
26264
21910
13719
6759
32472
18692
23463
26176
20077
50
6275
25663
15897
12451
22016
26602
32516
13164
18553
18262
2569
1204
9164
23000
10626
18176
29295
6352
16253
19904
10801
12761
27646
15837
21356
31370
14352
24460
5470
30694
26905
6529
7882
1171
6690
28544
6172
9285
21729
7560
746
11692
7351
25428
27723
1209
25206
28584
12362
5297
4988
3638
12727
15527
16919
6542
28002
27239
23866
11328
19140
12385
25756
23912
11127
23429
17334
14272
22094
23596
28712
10731
22769
27939
13703
2782
9192
31865
4697
16342
13655
5886
23125
11050
4737
11212
15005
23590
25880
22634
29923
6902
23991
22390
20464
27725
25390
6691
12679
19035
23558
12321
27977
6057
31895
27528
27641
19184
29223
15187
4468
31324
23301
20728
7361
24919
20728
31277
28352
21970
3403
30698
16814
13303
19660
9076
13610
13411
4597
15644
6142
31635
13269
4509
8855
6461
4739
5220
30270
6710
2429
10476
25721
32699
31478
32216
3464
4833
15729
26316
31368
11463
4162
2285
19606
15161
25259
9772
23662
28501
31947
6882
6200
24061
14031
28752
14124
20559
14526
28974
16146
25290
1792
27255
2055
21177
16861
28374
17796
7004
25001
18915
3356
1686
724
31690
22147
20232
22446
15552
4006
32226
19379
4591
12611
22549
9843
3229
27118
21055
24651
4787
19039
22918
9056
9561
16974
25832
29495
18932
21619
6748
12130
3410
10083
5041
5711
26159
14870
10699
32634
31539
7614
25056
4759
7554
7269
26999
21561
10318
29836
19974
5233
22749
23061
21623
4186
8627
17188
19645
11324
30024
29035
24845
20799
14571
6509
1279
9542
17511
1828
9257
19075
32565
10762
13861
26067
10481
14508
31708
552
21320
26018
8168
24169
29596
21565
6157
21808
27226
25164
2696
7707
13909
23286
5191
5344
22944
19372
12250
23532
8197
482
19216
17572
14941
1387
22783
6163
24958
18824
16391
14759
18108
10993
23001
2524
28152
456
5359
1602
3341
2648
19592
18744
8063
28886
13894
22445
29231
3506
16427
31747
20015
5171
30217
170
21974
31519
21804
32592
7882
6749
9260
1392
9417
16500
8007
16324
303
24016
23905
10803
22006
11932
24484
23473
29038
10875
19513
25718
8976
6923
16698
1003
25518
26454
31331
22087
31963
25558
12538
3871
29791
10816
30462
31215
3176
7916
18373
12507
5776
6403
28491
21996
17147
5012
4390
6077
22330
29299
2955
11965
9444
5698
31346
3030
15988
30486
27363
12978
2190
25975
16450
23350
1977
21521
28633
16059
8196
6429
31783
2125
14720
21179
9395
3965
1736
23542
16812
21386
14096
15947
1537
29453
7334
6484
2101
9499
17702
4756
27765
20571
13308
6869
20698
23619
2792
21176
29012
29013
21404
1192
30832
11582
31146
23676
32360
10870
863
4529
7406
1631
2428
24131
17586
8010
22401
29703
16891
208
1651
6572
5411
23167
2085
28981
264
2423
9006
28735
32495
21894
11687
26716
12862
15828
28085
24622
15830
21890
5599
9311
5246
12483
31431
24086
20560
30657
28645
18963
25637
5881
26297
8624
19487
20221
30095
19358
17772
4757
7607
31005
8290
21649
6502
9408
4190
12707
27910
30508
9826
5936
461
5256
16342
16120
12757
27147
13882
18694
24868
19783
9460
16632
792
24630
10531
4590
31321
14559
26039
6277
6274
12935
54
5788
31082
16656
19988
15838
4999
23530
13126
2020
19867
7531
14460
4810
26674
23187
13750
30207
26728
23775
30816
12930
7458
73
29783
11305
28213
1856
10797
5105
27113
31744
14596
21463
8757
5438
16314
2071
17494
10578
9454
22774
9478
28410
7323
18939
19433
674
5942
14490
19839
8296
11142
5249
25204
17
8241
17341
21476
20830
10017
4162
3167
22731
15669
4960
13737
9333
18420
7634
31187
23878
27227
21701
29666
8368
12290
749
20468
31175
18723
25935
23956
16401
31425
13920
4637
19572
9734
9255
12027
3097
27005
22832
591
26588
17396
27068
27963
29658
5864
8533
6972
13441
15465
19149
12055
21265
18713
16079
14753
17269
4651
7879
17122
12217
19073
6074
24182
29636
5052
17360
13000
11564
21277
22627
29073
8246
2136
27685
14032
23198
22772
14476
18373
406
18538
31401
15171
1611
30608
11558
29567
19155
6461
11423
14047
8693
104
19223
1736
29779
8159
15167
28970
10497
22820
30468
28050
10744
30342
9614
23186
18364
18741
23194
21477
7220
27399
20401
18178
2299
27007
20297
259
4025
26048
24762
31190
32600
17709
16833
5186
15404
15337
2918
2425
7901
30371
9554
32421
13045
5680
