21617
7832
21813
19665
27388
31401
2640
23535
25926
10857
9725
19066
14945
32176
31733
12003
30840
11287
19440
20045
31232
23669
16768
5370
28097
26790
7826
18115
24913
12287
14903
7850
29211
8702
22245
30944
27178
11134
10293
26596
21465
3618
12765
20881
24090
6953
29189
20980
6071
9422
201
26863
29518
21123
21198
28528
22693
28978
20226
20485
13391
20337
15030
21303
3439
14593
10077
4692
2832
25800
15152
29257
18257
25968
28646
11271
17935
8778
20067
7984
13892
20960
10173
6335
26665
32057
25067
24174
23395
4566
9284
8975
28066
25235
22470
23253
30660
10397
3098
11763
19484
26835
19184
8047
27524
24291
15835
8436
12086
19472
25127
4942
4545
25416
25267
29705
18404
30329
10650
28868
7448
13741
20040
2912
30056
11231
25053
9903
25933
32484
22293
29477
8945
16875
26017
22511
21898
31131
28071
19375
32135
147
2952
12799
3063
15884
9182
3770
13073
28048
11147
32396
21540
17025
28437
4639
23733
19891
22716
17281
1439
23855
2440
28128
26691
12229
24304
9553
2751
17311
22361
16741
8203
101
1792
19112
6940
5075
17638
12289
23366
11764
3039
6526
28319
10698
15552
16171
28608
32659
19172
26118
22087
95
2719
9519
19797
10612
7207
29986
23959
12760
6867
16466
31945
12181
14412
11778
10808
8001
4931
25319
19700
26371
13305
20686
13301
26066
3706
15646
12657
13031
189
10821
13913
16039
8217
30840
27198
23717
12725
14481
24012
20168
2
11140
2745
10645
18210
14079
25851
14641
6988
19997
1899
9998
19168
32414
27512
14427
9125
21527
22576
5198
16611
15835
15607
18350
19197
15
30182
29309
9314
28349
2357
12422
26023
25068
5405
31694
12028
20253
14388
5951
26037
28641
15156
550
17865
15599
8661
25637
4234
10810
9077
1994
8239
6569
18492
7566
2039
16507
28274
19657
28283
8044
2078
14831
19947
14071
13191
5659
30186
30581
30486
3160
3293
16599
13561
8647
28004
3778
11272
32023
18328
9896
3472
1889
19677
26232
32253
10498
6617
7164
29982
14981
14004
10000
13547
25894
22458
12824
26923
11883
18015
23081
24533
15239
23108
28202
19386
19550
1605
25517
4298
24542
4988
29403
11616
13229
22889
12843
16944
4486
9523
3914
32456
23043
18472
23858
8008
25712
15602
22550
14817
13287
17970
20333
10015
2571
1914
31439
29801
19503
30288
12723
9960
4535
19715
8876
32232
13699
1234
20509
23994
14478
8020
2384
8157
8948
32223
5795
28467
17148
26367
13669
6431
30691
31285
1330
26784
1050
28341
25190
22740
26497
8051
22586
6549
23974
2394
17618
3842
2631
4304
4074
5377
20561
11775
28055
2401
30643
10773
4217
14643
1505
14473
30494
30384
26949
30568
3424
18775
11150
12220
295
30937
7667
24523
15515
15807
27965
1352
1501
16628
9405
11833
21393
7848
28649
27046
22202
697
6640
2955
3720
15724
7156
26657
5195
5539
16154
435
22804
20478
19150
25725
252
19712
30103
17770
23217
24941
25115
1928
10101
12888
20848
22408
22991
26860
4561
22032
22588
27976
19081
4657
9750
9410
29536
21692
19417
22922
9314
18822
18830
13008
13120
32601
1643
10052
7264
14283
17455
15169
32629
11220
4692
31801
23354
31050
9319
8991
227
4700
11715
5490
15273
31020
22517
27105
20536
17814
10927
2994
31725
12426
26352
24467
1162
17670
16692
4091
31291
22469
5563
32283
22432
7964
6750
21816
28492
6971
3168
15164
9896
7194
19390
23689
803
5448
31159
4870
9756
8549
12909
23823
22041
17608
22071
25819
1607
29400
3841
19490
1741
12864
11289
28807
238
12988
711
3385
23602
6351
30566
9166
23797
12603
14616
13082
12065
17406
31061
5910
24279
8323
12640
13918
6381
11126
31642
30059
32163
12543
25882
24678
27936
2526
29526
16649
4734
22358
28558
29436
19681
5010
9741
20057
22023
2201
15650
21544
26061
13955
1873
316
21768
21149
5272
10692
17593
2449
19415
23174
15615
20316
28369
10033
11344
5275
3730
20846
18832
27000
6929
17555
18458
29105
30342
8813
21364
9627
9511
26548
13368
6748
12580
26913
20953
20519
21235
27942
31786
1809
15788
13561
29327
26902
21576
28509
32556
30084
27984
26788
13814
27880
14094
9620
25192
21152
9976
16265
27229
18788
277
26364
19294
21416
32024
22854
9380
24964
30777
9122
10989
2836
29108
12681
28665
26514
18320
26572
10815
24378
11473
3809
7400
6251
26016
2943
26505
7915
557
10485
17005
10227
32661
11719
9396
24321
24031
4433
13390
17018
3166
19859
8354
12182
17621
9561
7184
10920
21854
19954
8863
14385
14482
14532
5486
8275
32194
2566
11525
17570
3211
21549
3428
29046
8282
17306
22766
9033
15553
29547
16039
3390
13107
11071
30419
23231
20645
11571
12502
21027
13751
18831
29778
25818
25642
21002
16030
5959
23933
5747
10951
16349
30368
9803
20495
13683
28094
29810
13230
13076
2499
7807
32535
7226
23537
28181
17246
865
7203
24521
23111
17115
5526
22814
26555
25804
21947
2415
32553
12878
20034
1009
3440
20655
23898
29406
3830
28576
14372
32130
7871
22290
2608
31116
1014
14998
28263
761
223
30800
9433
24769
29406
30450
12620
18239
9905
22232
11557
7601
27750
18970
4266
25681
17535
14536
3545
19616
23707
24971
12220
12397
2648
16171
32422
7427
31045
27585
32388
11925
23938
12011
3286
2510
21720
22131
27781
17886
9535
6677
10110
28153
19575
14326
5940
30407
13472
7347
26057
9488
3535
23399
4861
29557
13255
29056
19241
9500
510
27185
831
27074
31416
8450
25963
6936
26012
11465
3835
19659
22006
23081
27079
20817
28379
8404
31794
28225
6620
29666
17841
8173
10743
22999
27537
23094
18761
10317
998
19002
19924
28274
20520
11674
3335
31538
22335
6142
22528
3390
10676
7474
1123
8095
15199
13142
11518
10660
342
24619
30328
6596
13110
28270
20297
3090
18451
6190
5584
25155
24321
232
17626
31103
11438
3211
15880
19443
32321
8200
7901
26899
13155
27818
24050
1235
5687
7226
22277
24458
32537
4488
8753
7235
20387
30764
15227
15883
1579
13575
31719
8372
12776
16569
30330
7121
25143
9872
1252
15396
2084
18613
2190
23146
16668
20653
22634
22983
17531
17725
22722
28755
12209
21412
25140
8769
30204
12639
30479
8834
19477
6377
3062
6517
8425
29409
18968
4289
16803
27039
5248
8396
455
28793
19646
2970
1658
50
10927
334
30189
24642
19737
31144
14048
22498
22357
26907
6212
25204
26935
28658
5629
27718
7045
27743
1288
6306
30890
4365
15367
17425
31630
31860
25332
16068
26583
7710
31171
7664
13117
2932
15258
12065
28987
10681
2370
27510
18193
26265
218
13245
1459
20693
8344
11283
19948
3308
4391
21069
27997
18312
30877
26436
25113
7011
22036
1414
29355
30402
27476
10038
463
31000
21512
13795
2147
19728
6673
1645
7726
13593
18536
19549
19590
17891
25348
25539
27865
14186
18405
19819
517
29141
10054
13729
31299
9151
9878
6389
16376
32163
525
26135
10882
1596
2345
8344
31141
28344
5683
7462
19906
7537
9366
6999
11351
12823
11006
24016
13654
16424
20173
6589
31955
15720
13722
24623
24889
7878
30437
3279
5334
3742
26551
20683
25329
31527
2787
31524
20750
14394
10970
30228
31021
18203
2500
25979
7681
12820
27264
20165
3225
13754
28121
31931
9999
30983
30641
18900
14806
28347
3495
1129
14947
22687
25722
13664
2368
5222
24169
29445
5975
4469
17059
1014
26246
12222
12579
10450
5784
9034
7434
8572
7478
28998
23748
30906
15744
24727
5446
18243
17472
25823
5276
12103
6993
10908
9573
17334
10951
17137
4665
8989
1878
20031
23558
15658
18187
28734
12699
24253
5224
25462
31405
4837
9666
15350
28716
32264
3654
14966
20355
20363
1368
1912
30208
22341
15939
24872
12127
14638
11126
4863
19260
28739
25581
31798
29099
14366
30341
27221
14962
22446
3061
18818
7414
1203
23325
32037
12456
6369
31690
19991
5697
18936
32076
24457
27868
7486
31491
18935
17336
11434
30257
12937
3229
15096
17880
7917
126
1679
18010
31650
4930
4601
6208
15506
29376
16294
18648
8163
11406
27461
9371
26176
14245
31581
15796
17624
29194
15304
30289
3507
15445
13762
3685
17971
24818
29542
20170
27827
1915
16568
13288
8789
9254
2710
19325
6357
28009
21294
15141
16189
938
12240
12503
10338
29571
29611
15550
10410
20833
27953
32416
27765
8057
647
14678
26164
11254
31841
3414
22332
20227
10268
1721
624
13087
143
2033
8737
19580
12889
12174
21595
26924
32755
20353
29095
17400
6354
15716
17685
10411
14920
3134
23323
10262
1071
25194
26837
15566
7379
6806
9543
13295
26720
19695
12929
20781
4897
4435
6512
25730
15608
5618
7820
5815
28833
13120
29773
10482
24106
25211
17892
20704
19918
26110
12528
13606
10685
2279
7562
32394
21168
30917
1209
14884
15609
8619
16182
8878
124
27611
5538
27393
26561
29358
10561
12227
26812
24684
30971
763
28762
28168
10320
23545
27324
11940
21337
21591
14555
3539
20132
14552
5356
28412
16428
13446
1705
3960
24643
110
26711
29157
15096
4678
2323
23222
3879
9520
19787
14246
7254
1585
9405
11797
16405
31653
19024
9945
15112
17338
17016
11380
4126
18237
17659
4597
12701
25930
12922
12932
20760
23382
11803
5636
7637
10577
16988
25273
32518
2293
17224
21329
17824
25199
14841
15248
4965
7877
27619
12066
9983
2969
5425
1664
23121
18351
30745
24656
18413
17496
6378
30816
11464
20339
15513
5965
3703
23861
7985
9716
21500
32513
20902
16393
17007
23665
22484
25918
3788
17906
15919
11534
5903
2293
14892
23244
19017
23659
17471
22558
13824
78
22280
4601
16508
18250
938
23630
20723
17232
27789
24921
17918
26355
13506
26311
12263
3017
4065
11325
31727
9732
32032
2346
627
2872
13608
31225
2049
13652
24127
16607
19782
29073
13378
156
24634
18308
27774
27830
24822
31615
1775
27391
14790
15243
27354
22526
2182
22069
20073
7543
3682
28672
24318
20918
13772
5138
28249
18577
19280
4869
1687
26837
17672
22170
24570
21084
18213
11344
837
19311
12283
23491
7255
22440
10963
14800
10005
6423
32719
3697
25446
31154
18012
29056
20432
4961
1529
26242
6436
22043
14220
29676
14577
30326
25476
17024
3936
5008
31045
20712
21107
12638
14691
22014
25400
7662
13420
27932
4702
10048
13527
16434
24294
1111
3358
31540
28252
167
31861
5984
19652
4147
15709
19505
30480
4947
23671
22543
32049
25603
11334
27097
30439
3134
31236
29872
7697
13720
11538
15097
25783
18958
32173
11634
25298
6331
27207
11687
23206
1141
16810
10248
25108
19291
25178
18006
24715
604
12714
23177
10236
14384
6756
28430
18255
13675
12106
30566
4346
24136
9627
1118
3426
15342
13818
1419
5341
1879
3259
32566
3047
15763
20808
10155
228
10143
27933
20437
30775
10910
14386
6816
16178
18742
12652
25312
734
4122
16172
10142
10911
22003
28846
31844
15757
18778
28190
8110
13365
19556
22561
11294
11066
18058
25018
9550
21915
32669
28955
27941
26583
719
16195
30933
16875
30151
2495
854
12785
2115
6991
11138
9953
11408
20974
4816
15619
14470
13680
6571
20416
8790
2733
10408
539
24305
30071
910
7973
29606
20292
16973
29546
32247
1664
6105
183
15858
13746
23722
21759
26742
27785
25330
8600
10536
9629
16301
8223
580
2342
21782
27457
5813
4949
24905
11879
13058
32498
7357
3039
8038
537
3560
9826
2977
6539
7556
4419
29189
26846
32133
120
5547
11062
12231
24352
32717
3165
28110
3633
24489
4144
6917
16452
26900
17077
6333
22772
8417
23507
10664
1281
8742
3745
17237
13022
20203
29926
19037
31017
4272
19445
4169
25451
11146
5503
31038
31702
17097
16555
18652
8957
17848
3597
15512
25646
15617
22197
13440
3894
23951
6926
26662
21171
8885
27663
27193
31700
27252
9577
27051
8409
10692
19742
11842
18517
6400
2162
16318
3265
6308
27856
29080
28221
11317
2108
17638
7208
13872
26055
13075
31101
13333
6044
14717
29967
28443
9388
28478
1628
21700
23398
19771
4476
2369
10687
26471
27788
546
13310
17723
18079
13372
5879
22593
24516
30783
4824
31409
17336
4565
2566
25332
17390
29116
12476
9591
21266
4420
19808
434
4626
7422
9148
21748
15266
25377
12985
20026
5875
23877
4561
27079
15877
30215
9029
17502
20752
5645
20901
29313
9288
13235
30076
26325
32386
18855
14087
29031
18289
10164
24372
32026
29702
3678
30029
24673
20593
30524
16115
7567
13647
9786
27085
15755
16600
32608
14545
29698
19725
14220
28085
16906
29676
25255
25046
30025
10979
31116
31341
24383
17114
16665
6350
10628
20031
22258
23357
12834
32092
25900
27395
22618
20047
19822
6204
10583
17920
23363
24202
3751
13318
18512
19639
16640
7702
22462
14120
31582
12335
4919
14573
5555
14194
29066
17757
11940
12731
16836
27551
23818
375
20044
14426
17200
22038
32314
16034
17899
7109
27278
24563
6905
972
26445
13385
20213
4065
18739
23779
27750
18116
12204
4234
4833
12918
13501
1119
15129
2085
23428
2733
15175
1338
30588
10038
3447
8411
12086
11686
9160
31891
17062
31533
5576
20709
7498
15947
1595
24835
24452
10206
75
32559
7188
8108
1560
26315
15109
3838
8546
18634
7242
29104
7742
20739
22563
6867
23273
8220
21241
30527
2210
30952
29569
18934
21557
7210
23492
24752
3719
619
25369
13620
4077
23315
520
4339
7961
24442
3524
29367
29582
18797
21494
23116
29388
24037
11501
8533
12036
29062
13443
17975
30229
14287
18386
1057
16920
29741
5160
5097
19504
2238
9469
5737
30306
30163
15172
15186
16131
1758
5606
654
4746
16850
3141
25645
5490
3886
26227
18562
7208
9638
31940
19646
5793
29067
31107
22789
5871
166
18747
28386
31653
19445
29293
29436
8411
23750
7254
7603
7072
29679
3341
31048
3761
11356
1912
8427
29235
12256
25865
21342
28744
25492
12836
10652
1815
12883
9411
8992
17767
9039
23485
5484
15826
109
5327
24343
2179
1972
26462
520
11473
27361
4992
76
9311
1101
2379
19633
21485
14583
15084
13040
23939
31326
28469
16103
29410
1307
24868
23301
32347
13519
23068
10425
14465
19406
32105
12812
25598
27527
19139
7841
10846
21963
14260
22212
7507
31001
7473
20502
30218
26909
6389
20958
29626
29658
19077
7169
24726
17158
5662
19026
5032
14354
19700
26325
28206
12384
10078
14095
30127
1851
28491
26333
22798
22392
14715
24467
2043
12175
449
19270
340
26559
25167
29016
2220
29922
17552
28213
7716
31718
24163
32209
22942
21720
20463
10683
2910
7554
2807
6487
28868
8561
9613
30758
20658
4163
20500
30742
18844
30731
18301
2600
5459
21712
18283
26787
19196
14961
11802
28855
22498
28502
19598
8150
15892
15000
11653
13364
4042
27400
758
4345
30413
23047
16894
15179
22220
12310
14042
26066
3185
6314
32645
13782
13852
13276
27195
1192
30162
21142
18147
8839
28402
6271
3236
8674
7356
22847
32216
16431
7347
29737
32386
26210
26284
29196
6071
17753
8987
5567
2217
21426
31915
6850
31804
6117
32288
14980
22555
6286
19754
15016
15569
2470
13058
5487
19339
21437
21217
32016
21220
7086
6862
242
13522
27492
6267
27409
31184
31132
9506
9356
5211
16628
8928
18654
15446
22663
12926
11218
4178
21432
1049
20536
13637
27721
25948
15559
21838
13008
15859
22510
5223
7586
21070
22972
30217
1941
6622
30403
18411
26802
19387
4690
6593
30892
6921
11547
27959
31975
26175
32520
12083
31408
27621
20187
13977
9567
13936
12896
3944
8505
25264
13526
4190
11081
29563
12887
15008
14315
26635
29411
16267
24665
14299
13936
10612
8199
18735
21527
32423
13778
7133
29374
17747
9143
26767
10891
27108
16170
15172
11054
5093
24271
13113
2433
8992
17412
7456
31423
12963
4362
31582
1731
6361
30155
14588
1333
4706
9636
32348
5290
29401
13546
12429
13937
2933
28020
31183
10376
22080
20827
22497
19313
15322
5060
19402
28669
27165
24648
23648
31675
1375
28497
23597
12584
24978
28815
32456
13831
19491
20621
2392
8282
7969
26165
31218
13084
14578
27603
11473
31859
6344
18483
17983
7804
13034
23419
8649
20471
1279
21000
25372
8428
7506
5080
10132
10778
25474
14359
10917
22908
347
12435
12029
16820
25677
11901
28373
1730
25098
11677
17119
27306
29992
26805
4233
26015
29871
14102
19567
20847
4734
12463
397
29143
13759
15077
20739
19128
12859
4343
2982
25029
6300
31190
7555
13314
9868
1017
5150
25135
22824
1585
7028
13086
10031
21470
13979
6839
16342
16050
15712
17964
6952
4097
32213
24922
31412
1954
27952
1821
17063
9390
16963
27829
6111
31712
2944
23668
24698
6650
15060
23517
19688
15722
9864
20043
28859
16182
5939
23339
11836
16290
28056
24814
26597
6931
10342
5648
6651
31227
32486
23460
7955
15743
581
20328
26360
23133
22515
23452
808
24333
7133
2838
1356
7994
15522
3572
24722
23747
18170
30124
4178
7362
24164
11899
13476
23022
15465
18354
15375
16936
9733
12435
15001
21026
32193
24323
1306
4354
28570
11856
17363
3929
18149
9684
17192
12483
12175
2179
6719
27364
25612
28880
13831
17197
29237
14017
5527
3522
32428
3000
9029
15049
2613
17712
8959
12374
9239
9208
17703
9679
27745
7456
21432
6865
25303
25862
18754
13764
8199
19376
12121
8099
19240
19759
2471
3477
24967
12405
4258
6520
16875
1488
24020
24774
15122
19742
10224
14094
18682
17203
6683
8134
9631
17526
27782
471
2089
904
10354
1159
884
28089
25404
11989
21978
11242
22778
22673
27408
9889
23260
19732
8907
27246
7583
30236
1229
3090
15303
9813
19788
30147
31420
27694
31823
17270
20548
28617
7524
23546
7366
26491
29249
22663
22953
11086
17695
13617
22880
23328
26660
25478
19728
1060
7018
1891
13043
13825
14937
32092
29910
22689
2971
17167
15932
1773
31445
31275
28537
17413
30686
17048
12126
6666
15971
5143
14693
26459
14233
19284
12396
16700
32679
21910
13064
4168
13742
23571
16244
11735
13556
16455
19306
21064
20884
8885
18200
15732
13036
582
25543
29112
14792
8351
19759
32690
16022
9484
30724
29190
17226
27672
14787
27770
31915
2206
2763
22463
24536
3539
25408
10090
23611
24869
1841
20308
26439
1538
18298
18708
27407
26345
8153
10671
27203
5615
10891
21297
27761
14628
10661
21294
4114
12097
32760
13692
12791
2309
32242
23621
23891
17143
1522
31099
15708
8079
12962
29866
800
25443
15417
24756
6793
14905
20370
17828
28712
2674
29789
16024
2939
2329
26274
28758
29255
22444
9851
30404
5332
7766
30259
20679
26462
28751
30163
5060
26113
7170
665
20518
7874
4213
6540
24880
29722
9736
381
191
11586
5709
22473
28946
1716
23405
7562
1962
18371
7903
31577
11975
17618
22884
29976
20424
8257
12977
16184
14332
21587
25265
9895
17386
30331
17027
22198
2230
10382
21952
26218
24917
18817
29119
29201
5408
6126
13101
31193
19775
13854
11954
23935
27845
22359
16329
29207
25771
29511
5180
8922
17119
695
198
4791
28187
83
29579
30296
15077
28299
6101
28892
22275
17576
15128
672
6712
6858
7150
18314
29697
6049
30092
22678
2633
891
10950
528
3196
16241
19055
30840
27106
20751
28890
8034
70
7474
5180
10040
29349
23095
8584
15683
9939
2294
2424
32034
25771
17995
10557
1955
12439
18863
13921
18372
24944
16978
19120
12460
17974
17491
22643
4376
31552
29561
25131
11708
19245
19141
91
31909
23758
7019
21451
30038
6404
5245
21933
4879
27274
25608
4589
14682
4622
11985
16789
23604
3401
22934
24737
16988
22889
20044
7527
9501
21135
24780
19117
25005
25029
1653
11652
29705
6792
854
8901
21681
1951
5451
15676
25341
1811
12553
5701
21244
16761
19685
32472
19808
9831
31091
3825
4500
10513
18625
19112
11706
12781
6435
386
19461
1920
9037
28290
18023
25882
23273
9455
28545
13619
301
22481
31847
1658
23351
11565
10765
30618
19134
9373
6696
25557
3315
20469
2455
29340
704
17151
7582
7529
789
690
9538
13908
28270
11615
28918
17855
19290
10997
29636
1532
1379
31394
30185
29040
8412
5008
5064
1399
8198
15686
6515
28331
29655
24454
11388
12101
9601
22930
18764
17091
23281
19953
13541
23279
23731
3886
18796
32637
1459
32416
32063
26844
31620
13898
32026
3258
14401
28733
22586
2301
26482
15431
32710
27131
701
27436
23930
20288
14406
21215
23723
4336
8131
24143
21135
28093
17219
5290
22575
8916
14170
17523
13892
26818
25070
31932
27571
29975
386
9300
21724
31082
19784
27684
27717
27839
11381
27093
26797
1323
30435
31321
11080
20188
5275
2001
30800
1286
2079
27116
17428
14272
21665
25851
16519
15220
29754
24670
24890
757
16283
5437
30404
1132
1398
12290
10415
22233
32205
15427
12680
31447
24683
13329
4726
17066
30838
21574
28155
16174
7337
26657
10830
6088
29410
502
4092
12360
6609
3990
27165
24221
27617
20952
27792
11304
12191
3335
4305
17372
21676
8999
9371
29588
17859
9587
26938
194
4683
12965
7190
4775
18361
29987
31041
17772
24226
6835
9064
16114
15820
27881
24298
30117
25997
13662
1550
14564
21042
7953
27979
11977
12107
6297
13975
8276
13691
15504
20674
18803
22193
19840
26879
22927
2538
537
27765
8294
14062
28562
4343
2871
2328
17248
8967
19919
1144
817
14429
12465
29964
13341
5895
2242
16344
8656
11614
5282
29190
8080
22308
17795
17995
11902
3503
9343
21438
10543
7228
18261
27605
5651
25533
13121
12847
30645
16346
13849
23244
20205
24313
32304
7816
4397
25671
16270
9308
21173
6064
21078
20281
65
19489
12302
8927
31735
14644
20533
9257
10954
27844
2815
8735
23623
32022
25395
23475
3151
19664
6577
30469
7205
5811
26065
7579
23602
2222
29863
17132
17754
25118
25075
29059
9454
16399
17135
980
3228
1638
23121
19186
31530
16127
309
5194
22539
774
12309
1678
31592
3205
9630
22591
24292
8541
9849
29895
22537
4417
775
7260
14568
10517
24771
31900
3671
19849
1063
23982
4216
29273
25323
24382
32201
29454
16255
19932
1299
31984
10349
13811
8102
8457
1714
18590
12056
3273
12577
6637
16216
32012
29930
26545
21984
12905
25646
13912
31166
20800
3128
27158
4351
31685
6413
31132
4471
17729
27805
29888
12706
10016
24587
5993
13420
21212
2105
29936
899
26323
22838
5986
25353
10516
9835
31118
4813
29647
19759
3635
5116
14893
6276
11810
1793
1655
13512
1947
10719
5813
7648
2088
11565
7618
27334
18055
6235
20236
30532
26761
9035
14049
9137
2211
25071
14930
32617
32648
2293
20217
31457
31761
4370
29888
5143
8398
31109
19350
3398
17725
23544
6327
18889
23259
7232
19460
19846
25867
23479
2980
31180
29007
22133
30584
16212
17276
8858
25827
19435
30175
12050
32415
16583
2188
28577
27641
20124
16514
25540
30267
22247
2370
7841
32089
3243
681
774
19789
15805
31094
2869
32215
27953
27677
950
21611
5417
29799
14179
31423
18080
23154
18245
16348
16345
26638
4143
14037
4745
7256
136
2501
4876
7560
3254
17475
17471
14975
7999
650
25280
26592
17613
19293
1165
31598
18598
17038
8657
19927
11574
3412
25118
30445
24968
21022
26202
17622
5224
806
24960
14915
10354
31513
32549
3274
31465
31478
27095
18322
7223
5052
16610
25567
31554
18230
28807
21318
22715
2121
19077
12655
11399
30195
22909
15461
22628
23671
16957
31244
30861
15970
20439
25523
13660
19689
5132
22575
11794
30937
6702
25286
4282
19069
1649
3206
555
30786
3101
3662
17516
22141
31185
23938
16430
24886
21873
3995
10500
31212
7165
15984
27507
30687
12025
5908
20710
30404
5860
6713
15414
14757
10094
30583
27276
20176
4834
22485
1133
20443
947
11374
10831
30857
15558
5091
27783
22965
12278
30344
32037
19089
5117
6146
22231
4356
17017
22735
7358
16168
6253
15573
7979
25749
15972
19714
1013
1149
18314
27021
32191
14536
1766
8275
27687
18505
3256
22198
25537
29093
12766
6447
32015
5566
13525
18735
30167
11993
268
22347
9564
1889
5410
2959
4882
22815
9666
2660
23884
28025
26533
15400
13954
20271
13803
2480
21100
2670
5480
14381
18651
29416
4112
10523
21070
18139
3032
22182
30813
30449
9044
8590
12650
26292
29936
27725
26532
26556
11201
16099
19617
5973
9713
16074
6585
3043
6382
889
11454
12403
4835
5937
21894
29652
6262
11210
9179
15290
32416
31908
7827
26992
30828
21404
20615
32030
5364
23427
19039
25868
7340
8657
29879
22187
12081
22444
31514
15505
6811
4750
20802
30057
26958
23397
2143
29056
17710
305
1697
22556
13270
20968
3355
14271
12871
3115
9386
14226
8321
6699
16568
12918
2116
22188
28660
6826
18973
27140
376
6536
30413
15880
9747
26400
10624
19560
31365
32524
6098
7102
6527
9979
25361
19191
19942
29183
28163
11869
13268
18649
24901
9613
5734
17874
12627
819
12376
8738
16288
18268
3723
5023
29207
28007
21203
17212
25694
6134
29734
4621
16017
31663
21469
8972
6438
26739
8627
8675
26477
24907
21272
2599
24613
27773
16181
30034
3416
25861
31119
21897
18271
24994
222
16750
28135
5332
9544
24359
15963
5579
652
24431
8772
22516
3326
10206
2050
27348
12463
27966
11644
25847
23090
12303
27627
23068
6128
12919
21936
27465
11245
29526
18366
17265
31088
20213
23247
3095
738
30763
4683
18731
27741
30520
10110
6110
8015
11159
409
6169
27734
17563
18348
3495
3126
130
3349
6909
4621
17871
19329
13594
30746
16558
7670
8346
13764
2724
25745
7166
29539
4512
22944
28215
1961
16412
13894
29314
24153
23879
2266
17727
25419
3497
9077
30197
20176
29967
22108
29771
4941
507
23369
25077
15080
4636
13539
19907
5112
23114
22273
12169
28773
12054
159
364
5658
17838
25670
26244
15353
31337
9130
11689
31601
25250
14957
28491
20880
2321
24857
2903
19086
25267
5110
21986
2201
16538
5664
14960
23962
986
8694
19000
18152
18492
5498
19811
26661
7389
14104
20125
31843
1838
31621
3755
20829
28435
30477
6581
30329
15971
9506
1236
13422
17424
16121
3048
25743
5406
5892
15058
28870
6923
8875
19723
26018
4708
13905
17794
30359
22631
4098
8062
18408
1738
5332
11959
9935
8745
26867
18225
15246
7858
28748
11680
12444
3870
21599
24577
12597
24579
14608
8102
28232
2781
2965
7698
1511
15516
27138
27872
15153
16446
27127
32724
900
9515
31169
9172
28334
2947
7376
25275
9585
30034
7058
11886
1115
19098
25782
17868
31007
1063
16678
30555
8315
13665
17470
822
2234
14055
8082
32309
27424
11061
17315
20760
21978
6252
7630
4049
13833
23491
6619
6817
30217
2688
32016
24226
7660
5590
24998
1408
22856
22783
5490
11253
11629
2784
13227
18540
26093
105
8017
11652
30718
5772
30602
10341
22628
19831
4382
1003
1050
29370
12020
13989
14887
5737
30624
29354
21562
23952
19362
11275
15053
4370
25987
19619
8354
11125
24038
31243
1289
28345
25364
27269
875
13667
14481
26163
22655
16590
19004
28502
16928
2355
12753
12077
25606
8575
14285
17476
7433
29958
1803
3222
32679
19730
6421
23801
14241
21793
4053
14150
12607
26327
25063
16111
2581
7692
21558
90
13648
18902
11051
15466
7391
6769
11409
3512
27797
809
16911
3188
18370
14219
20644
6884
17316
31275
19284
8304
14078
1558
17362
16355
31998
22327
12982
9296
17331
15976
21486
1448
30838
16272
10337
11585
20724
27882
11447
17640
12108
18420
11445
15458
8788
29925
1659
13758
9546
20509
22549
7418
13394
18981
3459
14354
29064
25368
1098
17329
25246
16576
23152
4023
22887
5899
29183
21389
10410
3694
5259
27669
11872
22270
1620
15990
27883
23079
31486
28551
15515
4534
7913
5405
17626
8399
5077
18417
27299
14591
12542
12290
8203
25246
20319
7781
21995
25553
27928
5308
5729
32457
2791
4388
9510
6731
31357
18358
21418
25095
25798
9847
1832
29565
16751
10344
3312
13031
12116
20532
19848
15484
4060
28085
22510
207
24478
8839
28849
19441
28654
4932
12143
18418
949
14467
30053
391
26738
21693
187
6054
13840
11106
24864
19515
24398
7429
2278
30824
4779
28440
22951
13793
2461
20529
3464
10966
2447
11428
3818
30984
10387
3103
31757
5142
550
12023
1482
18844
23999
22661
14406
19682
17125
28813
29370
12681
30341
22009
31164
223
966
2627
28862
28013
25770
9117
24478
16863
27176
7845
16244
31790
26951
20812
12610
10006
12863
5748
28629
13063
26267
1729
8884
8988
21061
1791
9995
25571
28654
19949
14228
9047
27158
3091
27962
21705
1986
6022
443
25080
10768
22407
3085
32379
26531
23192
27169
15095
860
11196
32434
11773
27971
2707
29274
8089
21154
25399
20663
28556
1999
25142
6760
22793
14537
29020
29649
25498
25327
26426
22581
8446
17045
29423
30981
4138
2200
30509
19153
11208
4432
23736
25425
8405
14715
26774
3710
9365
3702
9719
10790
30467
15640
15643
22795
4287
5455
18459
5801
26276
28211
9847
30724
3381
26332
6386
30231
15940
14139
20414
2569
12893
20988
14316
4543
18107
27354
14431
15431
8464
22843
1004
10568
1731
13564
22453
21073
2105
1394
20928
13874
25968
21430
70
18650
10217
2461
31166
20824
2143
19297
28506
14706
3965
7573
29921
11699
29675
26568
21451
30262
29373
1570
20063
23656
25060
26359
3607
26035
6333
25544
14531
10555
8214
10435
21414
24926
13479
31134
16913
11066
16738
11268
30279
20336
8052
7990
18774
21560
21151
27060
29764
17061
14700
975
22893
14227
21142
18602
24553
2170
9679
24923
30057
23878
22351
24061
19049
30815
28560
31190
5419
22824
3566
15579
6752
27429
26702
3449
22132
13354
24046
30042
15901
7309
5351
2857
26383
13838
11789
10787
10646
30928
25664
17159
9267
24211
14850
4640
7963
30527
7012
28119
28063
11235
6279
388
19016
26815
8500
6837
15306
31713
3918
1301
1033
7827
27657
29057
5970
14754
29824
23131
21450
6500
17226
31064
9882
7834
17671
32099
8437
30954
3027
5294
31402
29160
1340
30723
11190
24799
4958
11136
12528
319
31414
29196
6274
23584
23386
13789
633
2279
7645
28505
31895
15186
23560
27358
26636
18774
30948
32139
834
5647
2087
3489
7834
18946
3834
28926
26599
17821
1494
29858
28971
5961
5418
16296
26687
17759
8748
8094
6842
19155
5704
30065
4134
28555
24298
5
4267
7250
9395
10314
13188
15853
28041
27472
32237
4037
716
18372
15766
5744
24112
21889
13350
21017
3451
19724
32192
1556
12389
118
27213
11535
25272
19430
9897
23567
11755
27313
20476
20480
31530
20252
1895
19049
32523
21305
25300
28113
28207
30772
22888
2862
19416
6
15142
31118
31942
29981
28324
7509
24106
13691
28462
27550
1440
29245
24107
5606
23692
2457
27062
2466
15158
32118
1890
31378
11261
7626
22653
7861
14761
12210
11100
170
19767
2595
22335
10166
25509
2037
15194
13487
30861
15439
6848
30156
18102
7861
22680
8504
14127
3973
14927
17658
13742
21388
14794
12413
256
32413
4971
1898
3417
2040
21149
31454
18594
11398
13042
21713
1778
13692
1735
6991
10725
12988
2227
24730
28146
24032
21388
25114
27984
27289
14628
9949
20725
10511
20154
18700
26415
27576
7238
30685
31066
16739
4677
3854
376
4041
10765
31327
17989
1507
9478
31028
31497
26120
16174
16663
10378
22074
14958
16740
22449
31110
31834
16213
5361
8702
27360
23874
29123
1113
13835
12797
1770
13924
10321
31341
14781
346
5129
8197
19153
7120
13858
12305
29256
31023
7852
30340
315
9867
3546
8961
27274
11212
13037
9795
8997
316
14988
30076
23323
2473
23066
420
25556
6650
18313
8996
14888
14966
14858
3570
21026
29254
1840
9556
2788
9628
21352
9977
31867
15023
27707
26996
27214
27746
26246
14018
13483
2207
21127
23328
12422
21889
20937
10433
14562
7364
14218
5700
7868
29331
16186
5768
2087
1499
7955
18667
2447
17808
8210
12568
22861
6963
26145
14379
14925
17835
15260
18768
24054
25739
14925
16786
11292
12825
12988
7692
22722
1729
3574
12772
18603
10739
24938
18793
22104
22224
18489
21483
8775
658
7306
24350
32017
4986
27921
11513
18263
16867
26037
9791
9219
7498
13276
26855
20227
32368
15569
3423
30469
15912
550
11525
28243
22962
31167
4034
21588
10947
17205
1451
19401
12877
8460
19624
28874
9543
13471
1650
31009
935
3687
11647
13368
29489
25642
22140
8319
18293
7198
19543
2460
9271
23867
545
25969
13101
891
24050
27354
21685
29023
26189
5159
26843
11932
21717
13880
29647
16285
1212
7052
21709
8552
29536
22749
25930
9983
27528
21003
4076
10318
22307
1792
27993
3353
8388
22120
1276
27256
13761
26875
28676
13429
7747
27026
5292
1183
8722
1421
11729
8088
30148
22806
32598
5558
13337
12284
32185
7238
31118
3781
23863
26306
31505
27313
19061
30508
9426
8037
25591
19120
14659
11584
3074
5152
2616
10452
8608
11568
21125
21109
23952
15687
21976
4794
19473
9964
11518
6543
18542
25385
22074
7261
21864
23022
15826
931
28597
6997
16345
3668
25910
27555
25900
21603
25486
16711
17466
3555
29845
32675
28656
4914
4611
20595
877
13632
21696
24594
28735
27883
3034
18040
14789
3490
23627
26435
1584
541
4948
8831
3281
2599
20844
16553
19883
22181
16102
17272
15988
23417
8487
21187
9609
4238
10812
716
16782
6879
30589
731
18896
9777
1928
16443
10577
24768
3329
1160
22295
18106
32663
22591
26512
19290
10126
2312
8371
249
4842
3828
2479
5023
19102
91
9377
25978
22591
24817
8370
16824
27913
6448
29699
7534
16381
19848
25163
580
5898
14293
10017
11845
31745
20616
20845
28108
14301
24298
11438
31237
11499
14777
17872
12584
22471
31652
6319
21575
8595
2762
5401
21996
14468
7889
27407
19164
30398
28358
23238
20420
1220
10046
9090
25836
1798
27022
14034
22202
29869
12621
23774
17872
13741
10348
418
2651
1211
13930
12997
28878
11008
23284
32297
31538
23968
31182
4515
8066
17050
25531
21673
30685
29578
15078
28713
15997
14048
30838
13851
28240
31147
29245
19454
26625
17408
8005
11884
23518
32085
540
8595
24873
27819
32142
10420
1070
18005
18079
11358
11295
22168
14003
21334
28826
18488
2729
9960
28498
16868
2403
4871
30163
16775
14519
8845
5188
14207
9697
4149
24243
626
22234
22020
31179
16477
19910
9887
12801
32349
23118
4627
19142
26843
11080
22748
9919
8815
21109
21449
30573
15529
20917
27904
22949
9507
27452
32490
1357
15085
24793
3519
11400
26357
7010
26117
3101
4224
28357
31541
10250
18229
15072
28877
24214
4575
5481
19302
25538
31583
20365
4077
15394
11133
16595
12287
22840
10948
28711
15963
27029
23958
28190
6645
17625
18244
1454
1545
25133
21105
12215
14194
31595
29462
29480
1795
6457
14262
23853
21435
16782
10363
193
22159
26127
15534
27471
21298
12414
22178
27502
9655
15440
1564
22724
629
10351
27008
29379
5098
12258
31852
21032
31244
32305
5788
14330
14346
14063
18351
2125
12326
15663
6547
23092
19834
9717
8437
3040
27513
8490
9438
3545
16396
13044
29257
15702
604
8755
29341
17098
11127
26634
11690
7709
13925
23339
6855
7997
15310
649
9022
23277
13989
17903
6259
19948
2622
17482
29817
28921
15467
21771
1852
5276
14899
7811
30871
16249
24819
14000
13218
4113
31580
2597
18054
12983
21694
15079
23450
5867
20013
2787
25377
22035
18996
16093
16116
16220
29362
22578
1899
21158
27736
13815
12322
13268
30944
30951
17162
25546
15479
23811
14352
16710
3112
17822
13569
31894
9631
11385
29898
17489
25200
27871
29502
15006
8310
24451
22429
21025
6778
7076
26110
14620
3470
9421
11841
31051
19685
9662
2794
22907
28665
30664
3393
532
6766
32224
17946
12852
20142
18521
32584
30160
151
30237
15168
14292
4177
27900
18637
25877
30403
16392
2929
31304
23986
6290
28119
25621
31837
2403
6683
3390
3536
11390
24173
29033
24796
26093
22166
13450
2549
27387
20028
5534
5106
13427
9862
25252
14266
28806
8589
31019
11475
30853
562
17288
29786
30401
8979
4698
32121
26387
26854
32430
31869
15871
31142
10652
4864
16679
6228
2724
22198
30131
4071
17948
32655
14304
12641
4029
2472
5149
17035
22311
32356
12259
11398
26980
19984
14677
19459
13747
13965
5084
487
4860
12416
26652
16181
25832
23792
14431
16666
24389
22687
29153
4245
18359
32139
3201
4410
17866
32393
4847
11551
9560
4103
1254
27020
12657
19821
28289
8124
18441
3290
27921
19285
26542
4392
6123
26540
27509
30013
13120
29397
15908
598
12724
16687
20895
20986
19042
17492
5094
3671
19829
1166
10023
8888
13206
4322
5527
12746
8924
15053
15143
18482
26958
22555
11744
32442
8216
15311
14016
9434
12156
6196
14428
25615
21897
28403
26895
31885
25490
16127
7870
788
22556
15996
29051
6127
29047
23217
20684
12147
25103
5725
32438
4348
25895
7412
5854
5630
30191
29392
21626
23588
24001
26347
28788
3905
11325
2565
27847
17825
4952
8495
28599
29806
15391
21276
4372
5211
669
26458
186
4335
3906
25666
26310
1804
23528
911
22149
21455
23051
13238
20012
31232
14482
14206
3750
20768
16280
15201
8963
25871
30796
31168
1463
27485
19463
6624
25827
12432
24753
17760
23356
5426
16724
4282
23821
23220
31971
23631
5963
27731
30886
8372
12999
22297
25920
10670
6857
11726
28604
23738
22705
28883
31019
18343
25775
20935
3127
15766
3037
7305
16325
29380
24590
25302
32734
29048
12931
24900
24761
28549
22342
27133
8255
25782
2173
3168
16316
1252
21072
12762
12472
12131
14537
23997
28468
115
18636
3044
19412
30670
20760
18256
30140
20369
26769
10017
17180
11448
15947
30632
480
14562
13457
25289
11679
25141
14571
31595
31330
29143
4206
17890
18974
13359
9177
22410
20709
12264
23654
23160
12932
20547
362
6074
21554
29661
23292
9281
19598
15046
17567
22443
14997
17002
30667
28374
22786
13531
26873
2432
20375
3977
10556
31426
2187
79
3324
7849
12583
20265
24280
32345
8758
15207
1156
19042
14244
16136
28896
23544
19793
20503
17868
30773
6603
4998
3348
29583
30973
22135
18983
7509
30267
28713
26138
27115
27602
27029
2513
8311
5825
30841
7546
3029
2194
21111
19018
2101
1635
6456
627
8465
12647
15093
22300
19754
14913
19561
10553
693
32604
18632
24323
24376
29488
29525
1587
13239
31434
16864
11384
8250
1128
28082
26771
13747
14947
2504
24210
7765
13441
21168
23649
17008
3624
8156
23104
20592
3952
10991
30837
27581
5050
19314
32766
20245
12364
5707
23660
26017
25906
23017
4656
18016
9779
4079
22513
17808
18279
22565
16981
9022
25310
32618
15537
14809
10548
18040
13406
19388
32307
27784
9892
31152
12856
15507
31959
11332
849
25338
12442
6388
3911
10625
10097
6246
3768
3262
12252
22195
12778
8106
9435
31330
28668
25672
22155
2500
25831
6736
21343
23995
22148
17695
7469
15544
11179
1725
9218
23345
9136
15374
31597
30800
3608
216
2559
4920
3608
3855
23949
30975
26678
20235
32134
18200
19115
16804
6801
27309
20351
24315
26882
16629
19546
752
2141
18316
5069
18560
1864
23806
32080
17064
23042
26223
24346
31707
9794
5347
3125
14354
28437
29531
2205
6946
2917
23355
19279
30828
15078
32325
15106
21001
30982
16868
11137
21890
1958
27596
27242
30311
8609
5619
24085
3054
29593
24368
6665
827
19251
14514
19656
15186
20009
9818
6238
6092
6021
27329
18075
8315
5475
15705
16459
22946
29782
4200
15566
8375
31750
10050
11279
18043
26856
2254
21819
28095
17952
11053
22249
3761
13598
27203
108
31227
9583
23317
28452
27319
16640
17771
16932
8975
28221
15794
19089
21351
25973
215
19778
24608
8134
7958
32365
390
13270
22675
28868
8381
2797
8498
3824
21535
4431
31454
22640
24610
11101
8008
1826
5108
10581
11169
8716
32141
31580
3481
27203
6952
5584
12323
8159
9660
32065
30817
23795
7229
16008
32692
20556
23717
7960
15395
19199
29361
6055
2565
32597
604
7487
27383
10495
22631
28742
8534
24273
15582
20624
31355
32008
16761
12749
13761
16481
21252
23793
4803
25186
24435
10414
28810
5244
8351
29741
31932
21971
25794
12110
21568
22621
31939
12601
27321
13397
27204
18988
12135
22592
5188
19464
31199
25931
17242
9183
18377
4381
11700
24853
24466
15657
30988
19916
15347
5183
31714
1727
5199
3227
20822
4881
5622
8675
26594
24292
6724
7333
22708
22707
31004
15692
28293
301
27087
17108
15656
17289
12625
1785
29581
22056
4221
7322
28206
11096
19439
806
3926
31675
1228
16335
24847
18923
15946
13623
1111
14176
11730
1647
10692
20551
3278
32397
10459
28871
28715
14133
21396
22009
31921
1419
2136
3213
17830
25706
18614
30446
22001
28137
5258
16965
27639
31388
17508
8215
9028
491
15359
11797
14985
12392
9264
27539
15186
23403
30775
3788
16486
9588
10516
3048
21972
9713
8859
12625
4493
2402
20346
30567
25501
9461
5794
2737
2423
13483
4328
19457
10601
28650
6089
21312
13907
10959
22456
9137
3920
10909
26525
14414
11705
7012
4007
29965
26232
30370
18676
17945
26521
11073
28143
845
2635
629
9010
430
27405
28641
17505
1129
21153
5567
30965
21873
3439
13421
10203
25640
16841
18804
1241
30998
27010
2858
8597
4030
10942
19242
21379
32029
7332
5182
4503
12033
13486
15889
29507
23051
18010
92
24436
2828
3302
2263
30996
14868
14838
5556
7510
6581
29243
9612
17890
6415
19909
676
6913
13831
9373
26407
21791
6940
29879
25028
26456
25949
26385
17504
9033
13084
14938
17086
7209
30050
6515
32203
19643
11935
4257
771
22966
29009
23409
5902
27343
31335
17131
31565
20473
5748
30400
21859
8400
1046
947
6143
15919
20170
27744
27355
31336
5860
8190
32654
32158
22091
4582
26816
17881
23901
24713
30506
6958
11397
28722
14134
27107
596
9984
5955
25938
10458
7463
3334
16352
17693
8607
8562
24862
14373
14225
12491
1018
22588
30869
19386
28881
25832
31691
6518
13741
17836
17091
16039
8023
20649
11403
14515
4885
4185
7016
2380
4301
21195
17685
5423
5796
10739
13938
17143
16235
26153
18977
27500
12552
15591
5316
31481
13843
27057
8372
14739
14006
2764
6032
3293
14216
5398
5874
2543
21041
25403
27483
17970
9168
30787
18231
6015
15418
24256
18182
7462
29444
12564
24870
10790
835
30192
631
2276
26496
19642
27030
10970
7810
9361
25031
11830
4831
18066
30270
3164
9867
18511
969
13936
13500
16293
14525
16911
15772
3928
32345
19398
3225
28040
14213
15733
10749
26543
16203
9543
31740
14089
1436
25712
19136
9138
22726
19802
2652
28773
19020
27337
24998
903
18615
5007
20538
25951
173
13339
1316
11530
14788
16519
32584
11595
27210
28073
13910
4958
17207
9056
14894
19112
2942
20064
13334
15667
13259
139
23404
12357
10241
13072
1990
10213
31270
1705
5624
9855
4138
32633
538
9399
13608
7341
21727
11161
27378
3168
18641
18343
31487
16763
14693
14883
31134
10481
12124
30452
13060
3988
4071
12017
10379
26839
18354
13545
28285
9746
14816
20670
4880
8916
11917
19028
5386
6589
26430
24942
13543
1692
11631
6640
14638
10403
2631
824
820
27665
9389
5740
11831
20670
2034
19571
13481
30808
1519
13467
24657
13088
8556
25053
20723
7837
7349
21979
26756
30871
9185
13681
17139
13987
17013
16843
6169
17808
16299
20039
16776
28582
13357
9417
14118
21395
6276
17218
30264
8374
13970
1800
24197
8332
4343
2173
5136
17180
9392
31071
8092
542
8174
488
20154
29425
27786
384
14026
26053
1317
31580
30934
31870
26315
18472
27545
24831
12753
28345
28870
2795
29723
20416
29584
6208
27470
8711
7901
1848
12239
429
16922
127
21478
25986
23566
25403
29563
23412
16573
31722
29391
19642
4702
12114
22499
12819
8222
13384
12478
26635
24895
12420
1776
17198
15066
29179
29118
3991
19852
30047
23458
10951
8474
26080
30361
28044
24053
9097
10181
16544
8005
15123
1310
8990
25154
3686
6998
736
1385
27250
6683
5922
25576
14384
32455
29391
17720
8775
3532
3404
9855
4974
26511
9495
15934
7749
1015
934
14404
11200
6407
25744
28088
29751
7099
24029
9071
29397
13630
9995
27361
13200
25
6163
19324
26896
19886
11982
6199
692
5858
3213
12989
24434
210
32460
20456
18550
3252
19283
25075
24906
5425
7467
4675
13018
8960
6864
5583
1950
17874
1950
19029
16571
27102
8713
13458
15010
9820
2122
27875
30198
4720
12219
26606
2808
19764
28028
15073
17301
11930
19183
23623
26533
15457
16243
19903
25654
26780
1111
15675
6434
18461
4467
21354
30032
31604
9288
12078
5121
32
21026
21761
1577
17254
5335
31661
17696
27819
8551
4413
28112
13997
18408
11901
24320
16144
22630
25132
24069
27533
16917
13034
29078
25454
26600
20082
22372
10738
11262
1897
16696
7951
22471
7179
17024
6597
12567
12290
31516
7710
31558
23737
19946
6309
13481
25481
28670
24013
4279
9539
8514
19689
30585
18793
23531
31100
625
31486
5996
31650
3943
32211
20322
19252
26481
30877
17741
32037
13616
4580
18677
2773
28838
30484
24959
8241
10096
27670
17725
29429
32287
23547
23932
7497
23173
9162
24073
18646
9598
10624
16088
10818
11905
14394
4805
4872
15125
32188
31136
21982
13860
17040
19147
13180
28147
6829
30938
31609
8120
17760
16952
17547
9498
5840
32646
2581
7359
25897
15447
20643
16784
29795
11830
12461
26232
5967
30736
4143
19684
19887
21320
15730
20017
20646
5019
22950
20976
15425
5660
25972
28729
1617
1203
17556
9772
18010
25459
14209
18386
32745
28633
18509
22907
24190
32637
1884
31044
541
26296
24912
7848
30484
32055
1102
21724
4988
24352
23519
24802
19142
17733
3798
19437
1639
12345
7009
20638
21570
28363
11359
28107
1010
13141
27408
1122
2967
7676
10389
6012
3658
23021
1546
11360
32452
9206
11639
12113
3645
8492
5572
9351
15224
26519
7462
31474
29479
21034
30181
15613
20978
16991
10495
15648
16311
12922
2412
26934
906
2396
17274
10101
16567
26505
11580
31296
14131
17912
20364
11843
23570
20358
8075
11935
4817
29735
22153
6594
22273
23924
14377
18357
2236
17318
1403
738
8623
2256
28055
10094
26401
32022
23441
13057
12570
22482
16855
15101
24246
7477
18246
28555
14236
3770
31307
2731
5379
14781
19888
7427
21668
5328
9168
26930
3162
4060
29947
12721
6218
20633
3091
2824
1413
2443
15854
12177
660
31228
19267
27575
1195
12451
28320
28807
509
18459
14815
11637
12714
27939
23135
16993
13823
9492
6267
30859
17351
3554
16723
19764
26771
13064
1294
4713
29324
30968
3373
10457
7409
28620
2907
19640
32108
30695
672
29938
26861
29483
21173
5575
30547
14260
26700
4600
1285
19837
1714
23198
3341
10733
10705
976
6274
12081
3682
25117
3350
30349
22769
28568
6944
11153
26474
12558
15374
31005
11493
5670
14486
14789
25964
17404
9761
29975
22088
22654
26363
3691
25002
6353
31613
6382
2163
22864
15406
8610
14289
7812
18858
3675
13348
29483
10533
30487
12407
31409
12048
31512
8263
28377
13206
5541
12051
25595
7746
23005
5739
5475
15293
12588
31252
25409
1204
1492
24542
12814
1179
5312
976
5122
12105
5821
1686
12421
4671
10597
24007
4364
25073
24022
21151
30863
20110
4837
7538
31716
28291
3468
6847
17478
8027
13173
7870
32004
20370
18506
4456
28824
24426
32588
4651
8810
154
7214
15795
4274
18345
22164
14191
12312
10877
15252
4285
3104
12583
10400
28733
3839
12211
16605
10888
30011
17879
32689
1646
17829
7027
28892
21624
14103
7345
1611
31983
1736
23752
7947
16168
2118
26969
12271
14037
7013
17748
18927
12389
30875
23126
5305
13528
7556
28868
30686
24190
27165
18588
11542
8431
22305
1542
16239
22043
16716
13959
8607
28983
8734
2857
3259
29519
29423
28423
1208
29624
29359
7580
7345
28351
1599
26026
22769
519
20931
7664
14058
27301
17602
20126
4600
29694
23791
8947
18777
4079
15050
21702
22523
16750
15036
11273
23823
11577
8829
31260
915
482
15944
16669
6517
1395
6018
30335
20103
9741
23460
18781
7098
4614
2524
1330
27822
20596
10186
27627
28459
12268
23899
13517
21988
9934
28606
21449
22804
2057
19579
28850
21232
26130
26519
16397
15531
22212
3119
15272
18894
19024
26461
21249
10114
30905
26932
8007
8033
17173
25181
963
16308
30803
15032
23913
24341
6538
3055
12570
16586
19404
27856
27264
14489
29625
11886
441
25230
9844
24710
9869
12738
27154
6459
12567
3585
10033
15710
15083
17657
22807
13244
12621
3244
17324
29665
3280
21802
26649
198
27833
13800
13969
1805
8515
21363
24366
30169
8023
12661
19779
3775
16080
3019
23929
28444
29152
31466
17349
32549
31260
29885
22183
15091
32209
27871
26841
11757
19057
28676
20516
9279
32042
31389
1924
6661
3976
25703
19759
5185
25425
2171
29392
26454
25794
8095
14225
22578
26440
29932
907
30323
6654
6364
24676
31603
22775
27247
23781
27835
2283
14308
1498
24959
30862
509
10481
1588
31535
28348
13053
14674
28393
19096
652
848
13930
14659
3756
29584
9987
25708
19629
17482
10358
9804
3979
7546
2550
15922
30446
9194
12704
8294
11952
18963
392
10300
15146
30480
6244
29786
25692
12182
32285
20398
23972
31058
9751
22781
9229
30261
20003
6006
26745
15752
19037
29870
9437
25993
13756
27522
26592
30328
3302
6286
12425
20789
9747
22584
1374
6217
7970
13633
2405
6319
22682
12256
17815
2449
22707
4137
13974
27954
15271
28387
6911
2244
18432
11606
6796
1722
15815
9940
26111
3929
26197
2715
5743
9200
4595
7364
16782
9462
25628
15700
3302
10813
13624
10983
27795
20619
10763
21900
7932
1163
6786
5080
31111
13280
27694
27295
16072
30354
10569
9489
14157
24451
26529
8951
18282
24193
2657
16671
3738
30802
29963
443
28884
5425
2174
10953
15041
6336
13974
2351
3463
14961
1998
14878
13314
19418
31854
28735
2077
26784
6967
31713
19856
19238
28832
16710
6447
10628
26768
5798
15224
4280
25385
27795
22875
15282
23867
32351
25850
12814
213
30223
5759
11094
16409
26093
30424
14857
19385
6706
27765
17385
5919
18648
11876
20337
24126
5372
21959
10055
940
13322
23328
14418
13979
16881
32517
31844
12585
19076
25495
6686
19986
9523
26007
15302
3948
10966
7415
20655
15022
12273
20207
32473
11944
26316
853
5648
20676
7486
788
14977
4977
15810
22925
533
26466
10541
28892
17020
6408
11568
26891
8892
16928
7437
30867
14537
12860
18915
10852
25213
19991
27912
30456
18858
24645
374
9073
4002
31904
5284
21986
6435
30491
23118
27949
21392
19934
28765
9128
12419
15554
658
4262
12765
30864
31952
29654
10021
4513
12798
17900
16191
3660
24789
27738
14700
907
14631
30538
23822
25758
2236
15016
11784
23238
13748
31134
15680
1166
10355
20077
29882
2746
3350
30839
6393
19307
4947
32483
15004
10897
15025
24934
15845
14057
18553
8423
29302
24569
2774
4993
12878
25627
19886
11332
28588
10395
31436
2158
18148
17518
25009
21414
3685
25292
29431
30221
5227
9447
29664
17541
20823
26935
29334
9831
29109
19421
26850
28593
11246
15292
26097
4048
19456
23104
29158
291
18861
22612
13058
8741
2221
26114
27360
28142
22202
10044
11809
20885
17527
8105
20442
14701
24277
15897
8027
16826
28325
26834
20779
9872
32461
32216
16203
29246
29739
28588
18727
16074
30382
20905
19969
17308
2820
24519
14181
4445
17081
15664
17086
3886
14758
2132
26029
52
2985
17229
9651
12387
4416
9649
19096
6078
31813
25130
3545
28543
13839
20569
17216
15502
27234
2279
19378
28025
22034
5428
11563
14308
4952
10243
14232
3785
20611
32466
18326
26710
5319
29220
28589
2702
15112
21072
14628
14731
5063
19071
4809
518
9835
32388
21415
13694
9736
29723
21659
15286
19938
30000
19288
17573
2676
27223
18441
31880
27474
8736
15796
9509
29615
11765
25413
26833
12574
28878
5045
30502
4570
16787
24973
9001
5318
30344
5299
14108
23072
14028
20791
17048
22262
27522
17070
30391
15570
16791
23975
22277
17395
14492
25113
1393
26578
15930
10817
17380
21682
19852
25135
7900
15396
8978
5643
32188
25011
24879
1122
6651
29691
11243
4957
27714
8854
29168
30055
24986
2592
24446
10002
24884
30215
6550
31403
6443
13154
12353
7081
16487
26827
5226
4167
22078
12365
15988
22195
24397
22886
24336
18317
14003
31075
2605
23631
32481
13170
19545
13449
12841
28313
11822
2338
14259
27088
10184
2190
29438
12900
4589
9692
17932
1369
20953
19748
12353
8478
23803
2938
16694
1467
29705
17540
29697
14624
4828
28417
31615
5417
22036
1538
9734
4245
29749
3281
18103
20367
28485
27586
19251
14747
18426
18858
29476
6008
28874
2969
10105
11545
32490
250
28666
10475
1051
14984
32619
7091
16245
30496
30443
1767
22312
22850
12375
25330
7370
23900
30211
23879
5400
10727
17681
6137
9533
8509
21039
22215
23418
21620
22829
27584
19746
11147
30205
21855
28577
23018
21152
23529
20014
26025
30788
3052
23028
21678
8504
12971
17810
14862
10487
9927
7916
16891
3056
25478
6477
15559
2857
19837
10318
26239
21644
1293
21873
3621
17640
9173
16606
23369
19561
11320
19078
25105
27846
25619
28501
21541
2106
16491
169
13026
19937
19520
22660
32494
23592
29358
14827
20833
2241
28078
1997
20589
16777
14846
2947
8833
25377
12293
19355
26231
27262
6567
28034
16748
21831
28002
26149
18389
8764
28259
19151
32457
24349
15914
851
4899
5512
20816
9385
29825
2034
30780
26103
22715
6061
4396
7850
22038
24871
4298
4069
23969
12926
10979
30439
22830
31000
22477
101
4638
4147
13384
11034
4048
31004
23598
1373
18536
18073
6661
25249
28381
3462
2732
18023
21582
7082
1773
22425
16625
23609
29130
14653
9429
23489
5689
8985
4536
29928
29321
23632
20258
841
29309
10851
29755
29603
4982
19748
18006
303
1498
1043
11902
1
167
3538
32622
24614
14767
13145
19526
10075
7675
9427
25730
27396
10024
20882
1008
17236
28161
10302
11029
19496
30420
7177
19837
30474
29618
24458
2773
23184
30037
30512
12846
12741
14786
11412
31709
17611
17836
21628
21497
13573
2237
2162
8810
15153
19736
10686
21605
1639
5285
32067
26715
660
25675
13116
23576
29005
12157
24281
7276
18279
24847
17919
12605
15247
31457
3805
29944
26986
29231
16464
27613
6375
9328
26896
16119
2476
11370
14767
27134
19255
10190
7307
4659
11533
32072
11128
7154
23729
13560
15212
32149
4637
25125
15886
13254
16985
3391
31044
11595
15590
20200
14292
26101
25430
26140
25194
28351
26576
26470
5268
22396
23031
15492
8540
19724
6280
18963
23946
18226
27191
226
15139
11872
20059
26185
29599
29846
21379
28699
6736
20415
18529
12604
7423
20006
27595
1299
18428
7482
4068
42
5961
28499
25851
18972
16118
16952
9264
4766
4874
14144
27134
23550
14333
28067
2400
21969
10688
9499
17153
8509
19173
24266
22477
32116
26707
29941
11568
19640
1324
25432
29310
31075
12210
6748
22196
7383
10742
2911
11596
12592
1608
4075
24197
17303
14939
29363
6455
8357
22870
20183
20107
15863
24302
9865
10459
29385
7043
5019
28525
8902
10828
7426
4992
1621
26192
18208
14406
17097
28992
29126
20325
5203
8364
18219
11549
1889
6373
4792
6638
12653
12082
16118
14040
21992
8094
5783
28169
17908
17271
30426
14609
20821
142
11576
22229
31364
6645
27507
27502
8947
9679
26917
11812
1601
25218
30606
18058
20257
22512
4024
17473
21567
17442
18647
30641
12922
5717
31111
16824
22852
9783
1157
25217
11092
14620
11221
20399
8697
8909
29236
22262
28432
11421
18703
7356
9940
26798
21010
26926
8691
32488
2994
7202
19077
869
8707
18602
16876
2881
32219
22707
30530
17320
8533
28914
26396
3424
19214
21774
23751
22174
18822
10193
11004
12083
3838
32190
32123
26413
31165
16680
30831
960
30094
2008
20198
5843
5726
21112
235
31170
31579
27767
11448
10542
25426
20725
12873
11179
6780
29201
22719
8943
10205
21294
6204
17487
30761
28675
31985
26437
14569
4822
22089
6716
31846
23328
22214
1436
5288
16309
18450
17183
22657
19221
4439
11117
12133
17431
32196
2558
16873
19086
29506
15584
27097
18149
4822
18619
3410
11962
26204
24212
28481
16599
13812
21128
10663
24833
10644
22329
15561
28638
3252
10418
29442
24606
212
2057
12468
6751
31352
31805
21006
17799
28827
2634
17255
16298
22299
21140
10077
30450
25036
27102
5844
25099
24436
30212
15234
4434
19215
183
13262
15330
15219
12216
494
21863
13081
2566
25104
19451
5093
20996
21712
32581
10231
3072
3891
6527
9606
16975
30655
23963
8095
16148
31436
10997
28579
23476
22327
30919
10547
3850
9561
6344
13614
9958
2331
30311
4217
10610
15816
25965
6508
20633
15409
3579
9108
31382
11789
13738
21861
5999
18119
351
13378
32347
25944
14639
28993
4031
3255
3749
19941
13729
12856
19186
4848
505
9153
12609
25793
4721
25934
6219
11374
9664
5953
31436
12451
22656
32723
7458
24046
26885
28196
14900
26353
4069
24926
5307
16336
4999
14787
28927
6862
27765
19543
15262
8346
9150
14918
30629
6079
11577
20448
8961
23824
5208
16590
14898
18193
281
23177
6141
5738
14942
19692
28266
9699
6818
16380
26441
16224
30019
16807
2650
14919
26207
10496
30172
4600
3334
23719
3095
25597
14581
996
8527
27451
14714
16372
22199
13852
11348
6289
29713
23136
12015
28068
22361
17025
19648
31030
28281
9537
5299
4561
22407
32688
17981
4220
1567
13627
2176
13159
25996
3722
12437
21986
14606
3901
18281
26938
7055
9991
28195
30967
26227
19477
17917
9631
14365
16812
13867
24321
4543
13928
5355
11157
27844
24597
10462
11289
28319
18327
23718
24636
23412
26935
20345
12268
29470
2325
6444
15640
7904
17789
24256
13066
10221
2739
7556
3870
17415
18989
30409
13584
26724
23238
9228
23860
22621
25744
27073
22151
26136
25298
5977
29935
11616
12945
7134
22690
8193
29371
3990
2887
5443
13153
25997
18834
25227
24150
7844
18337
19784
3744
1121
18442
12390
11107
15983
18064
27744
24072
4623
22122
2280
1413
2780
14943
32526
4753
17758
17017
23108
24365
21455
32290
6041
1575
9266
29965
21535
30925
13568
27169
23271
10465
9298
9744
14616
1753
26802
13817
17596
23606
14347
3445
7069
6072
2318
16999
8743
27988
25990
25182
26658
13114
25980
2429
6949
15816
21190
7474
25224
10555
1599
22801
2655
8405
9134
18180
4634
1931
3208
24402
20921
27314
32359
18349
22624
20662
11815
8985
27913
17226
21310
25820
26642
20188
10118
677
25914
6171
27524
21391
30225
3829
16204
17352
18264
4038
28103
20073
10784
28886
15790
17644
11436
9285
27781
12811
18113
1352
32714
32566
1702
18526
15896
22609
21063
28462
3389
32056
968
28466
31806
28480
2637
7905
32107
16218
27653
24537
15678
23657
20284
17976
22866
27276
10995
27250
16529
14502
16097
27922
1827
20183
25289
19652
459
23033
15713
20447
29247
21344
3024
17882
4601
19420
9833
22370
4982
24155
865
2842
31072
20867
5794
15131
9675
26761
22707
7680
20349
17715
23514
1497
4327
32436
2574
27329
32432
4382
7203
2936
13453
22688
19911
380
17227
5504
18538
26000
9083
36
24979
9002
20377
27032
10035
12003
26093
23315
3092
14957
31599
221
25000
1862
24913
19227
32731
22125
13850
15721
30585
612
19252
25553
1264
24948
19055
28300
30980
11880
31198
6084
6927
8231
100
28688
24986
3825
14510
25128
28395
17449
12897
7961
17561
26776
8185
28216
29357
24969
14790
9097
17422
19854
16914
29709
8378
26409
3913
17585
27096
363
19888
2369
11189
11758
10592
1757
18496
8616
21794
20487
7922
26810
21143
31348
5812
21323
6781
9578
6187
27726
8472
25089
26813
32560
28353
30459
13083
24242
6830
19655
26408
19494
28642
5184
9150
17913
14012
13477
27705
28774
30662
8363
32037
12045
19738
7962
10198
6996
794
21642
28966
9729
25727
31923
32514
5031
32735
10855
11299
19280
4453
22846
7444
19949
17305
19596
11045
14328
17283
31249
17988
28885
29199
4766
31787
5271
27766
26833
9694
19018
31149
27237
20664
12507
13239
30967
32255
12783
1635
28353
4335
4874
6779
14988
21
12503
12444
7284
22616
12062
30638
31050
7553
16553
29776
28791
23669
13585
16936
9313
1708
17429
27243
27607
10030
911
27241
28301
8832
24149
27371
8637
22970
261
8577
22938
15223
18141
13577
11700
20789
8760
13116
23496
27701
20386
21042
32725
7948
2633
24283
14555
27562
10071
1907
21385
1214
6948
7732
14551
25976
21593
31654
7743
26295
19211
5062
27000
6089
20249
6562
11482
19022
31413
17492
10911
29990
24781
1808
19591
4635
18452
16355
10759
31544
20757
29503
2623
26141
17906
13354
23299
20175
21343
23480
22268
1315
23499
6899
29165
20778
26209
11945
11474
25576
16240
6308
23720
23235
31779
5025
21622
19741
18956
1669
15116
17740
19485
9781
1221
30778
25959
30235
10864
23859
2913
25045
10985
23154
9806
27963
1273
18166
26941
30129
19
4631
23528
6635
28260
9068
22666
27338
7133
2721
1972
22542
10789
5477
29789
8925
32512
5247
29738
11395
28952
14514
21181
10619
30430
16908
31419
22260
26770
193
9484
2239
23050
29169
24914
6452
22441
21827
25787
446
32491
20217
28863
23843
22831
19114
9236
30213
6133
7590
12424
32495
11861
10987
783
2689
18454
24111
8911
30724
7669
3781
30011
18114
11622
14060
6848
22822
7516
23125
19386
25571
9607
28851
10451
1906
28705
13461
24259
30302
13708
8313
12277
17737
31937
9559
9556
31079
9887
18374
18561
17052
17232
22341
7871
23322
25633
25304
492
29863
20027
15463
26051
15289
9705
3892
19239
7428
19891
27742
13269
13010
11577
8086
673
26048
25032
19420
13202
31381
1650
30843
1806
32488
2210
7875
14821
12836
4229
14038
24466
15641
1750
8895
31108
6296
27207
7537
13985
11164
18149
4550
216
13330
24158
17486
13867
31288
7573
22545
30658
14081
21531
21974
14
24644
28248
319
4920
3097
27240
1764
13006
15606
422
5692
29464
2172
24090
16529
3839
22157
26386
7139
9348
10638
22045
17515
9029
22534
4640
20889
14291
23666
27026
10656
29028
7873
26004
3905
11151
25038
26012
3950
13178
19201
30457
31473
7453
32533
24102
15575
26049
10911
23109
15266
13394
18225
15194
21927
8029
23237
24929
29110
5116
20295
5458
30872
32060
10654
216
3320
9543
7717
15530
30097
12394
11418
4268
25356
28002
1655
3335
27878
12265
6169
27289
14727
11151
26455
9077
10772
17263
1947
7899
25818
19571
24473
1455
18261
17419
24726
21201
24068
30898
10297
32138
8972
13589
15865
26426
26423
31355
