29255
26578
18292
17369
4725
29888
10701
30908
14022
14948
7710
27014
8828
17997
9442
12263
15654
12631
9393
1185
11045
24692
3309
23604
1948
17640
8217
8698
18747
6813
23657
17083
14118
23625
1446
8826
11309
6535
16234
5076
4784
13626
7273
13
49
19626
30334
27872
17034
10865
6320
6468
28677
11666
769
24661
16509
2043
6974
22624
13872
16482
11681
23385
29975
1606
4608
27299
6746
16721
21386
22418
29095
14405
3133
17061
13876
21690
14744
23219
30462
16048
22579
7589
2445
15129
16125
28925
14824
23699
30016
2395
26571
7634
580
2166
18395
8135
68
6733
25329
4488
12326
22077
31454
12905
14584
26383
13983
22237
8068
15146
31370
16224
3403
27570
17738
18175
26879
23372
13993
24485
2095
4490
17769
17731
21027
11344
22869
9371
32128
5365
1707
27339
32764
16244
9125
547
7144
27003
24124
23843
19404
3504
20944
29413
28971
23525
26740
22288
9264
29607
1725
5240
1153
26799
31819
20098
234
8517
3256
15521
10635
15037
29231
4406
19450
13446
27811
25203
4121
8943
17116
10818
7915
7780
31138
12689
24065
27957
4069
8235
9440
14331
27067
11834
11864
13259
9665
31078
27787
25854
3391
24171
28772
24311
28693
6837
8271
29041
28363
8736
7412
6172
13441
20564
2680
27005
14686
3762
9016
29012
2394
8903
22085
2550
14679
16286
20224
25203
15174
9454
19677
7652
14547
30816
15700
3238
1668
8114
9722
1904
7621
13964
30001
12455
18291
5933
24336
23435
21579
10464
26832
22600
32070
10432
12402
26479
32529
26165
28598
15654
13937
26673
2204
28385
17654
19767
5814
15757
5146
27447
9536
13155
26919
22741
21006
19819
28552
7468
28017
18747
6654
5523
1508
2221
13281
9484
3332
14713
1169
32304
12571
3534
7121
25797
27990
19247
15936
5008
4355
2544
16065
12904
1044
149
24004
10735
24064
2427
4677
15554
9552
28199
25629
30424
11236
13420
26643
5443
12777
22803
11343
15449
20798
26453
16322
995
29725
29657
19063
28668
15789
24115
2281
8087
15968
27530
26900
30972
5692
29573
27470
3664
31853
343
16871
24647
1852
10059
20789
9098
25135
19820
11346
26521
7548
114
32317
12878
21833
29489
14153
17029
20455
3770
5961
25786
12523
25752
29189
29671
4340
16630
3859
27337
21188
1105
1672
29658
12107
5022
5162
28564
3016
16020
17300
18806
137
25728
21555
5254
16397
26042
29020
10975
22950
18829
27583
32053
19587
31167
8722
1247
1434
6253
16273
31032
10535
7416
15004
4345
10673
26967
8714
29161
8315
16461
9668
4034
11620
19392
29550
25307
15149
21901
22315
26418
10131
23366
2256
28030
5055
8034
3677
14373
16467
22254
26202
19160
32491
12770
9390
15082
13573
2893
4752
27541
10273
26955
25128
28126
18002
25021
3898
21728
4226
29491
23986
10288
8820
5166
13430
27821
11132
14252
8229
7208
23939
30029
13734
28970
19218
25245
1455
23344
20006
27920
3035
5935
23396
24200
2604
30428
914
16231
20938
17679
5771
19946
1705
1475
4944
6153
16233
12297
24450
9190
28566
10699
30941
5092
15047
12470
7131
168
16127
30228
29663
21899
28813
28325
20762
11320
19322
32444
6096
13657
2103
3491
27877
25640
22785
7378
23017
2625
25249
29631
20167
5588
12672
31603
2624
16079
16632
14285
7135
7491
20999
29679
10650
29688
20383
10943
14988
26639
23291
22850
13638
10929
2291
21757
24086
21784
25082
12398
23455
22296
8902
11353
15875
28719
29697
12250
25071
24247
5172
13255
6725
21267
13242
7908
10654
25835
11598
1221
29636
1783
6953
31539
10342
2086
8999
11490
26205
3663
3887
2548
8706
28593
28010
8048
16814
14352
27938
7010
6937
16148
3974
32243
3338
21179
5514
14028
23659
16625
20110
30288
14974
17959
18845
8407
9941
11485
7687
2476
14806
21706
22038
4044
26007
20290
13072
3361
16800
13773
32625
11315
28068
20539
6771
17531
5081
20231
785
124
5344
21018
28637
17481
23406
22970
27858
10761
30838
20292
14200
32053
29182
1405
31866
1861
30529
29226
17360
20769
5199
31358
1232
17627
13148
7693
12210
1099
9651
16609
21016
27030
11138
4342
22805
8600
8455
4187
8896
7288
22188
21482
32498
6831
1496
32360
13359
11059
25449
16654
16066
20810
6892
18383
14990
288
889
13518
28282
16501
30763
27725
28491
24875
5455
18950
30814
999
23504
557
836
4803
4936
12065
30304
16693
19478
2971
8173
23562
15947
551
28605
13440
25258
16665
31257
18337
18107
19466
28318
2413
486
29752
23655
13707
29150
31906
8864
21404
29304
28586
11103
5157
10923
25675
7757
7779
16776
28721
18663
2289
18369
28836
21248
32001
6206
24737
3120
17353
24336
26428
27396
32410
23741
20189
14790
12324
13389
28719
26001
21340
32152
22094
30029
25058
6495
27876
12593
14657
9607
31446
15773
25691
13610
499
19899
532
17343
24030
15295
19081
15346
21660
5288
32120
28432
19415
15469
22504
31762
20966
12454
5091
26201
32150
17506
19531
8882
12629
27651
29930
24259
4688
30409
12300
11056
4880
9144
22786
19026
9185
14072
3873
23756
31478
32245
3310
9388
25104
17647
30101
23361
16960
16696
5024
5961
32254
926
21736
31602
11821
23627
2189
14538
1579
15428
23695
25256
16812
11378
18436
8382
19709
8379
32717
13856
13276
25740
31262
4164
5953
22873
10919
973
21978
4245
22498
24
18598
24501
13383
32435
14680
7506
4448
2247
24963
6712
5471
19620
24055
19958
29945
11440
5921
13836
1102
21155
8843
1800
31887
17904
23388
4888
23433
7683
31670
12636
20610
23518
30892
7675
30865
18917
31082
19717
16826
20738
4650
9669
22232
17667
28072
20724
33
7999
1587
9143
1237
32324
25805
29277
26814
15086
32431
22850
17735
25599
20334
1916
7355
24798
11477
30182
5084
10949
3305
17774
32337
6569
307
28316
1562
23796
19867
9047
31495
17363
29326
29319
22524
84
19170
1527
29824
9023
16312
27472
8672
11689
30108
7230
27311
17226
30536
23867
31422
3144
2535
28129
5697
21878
27815
9668
856
19708
21032
7427
25763
18285
25742
17929
10608
15211
4009
16384
6382
26405
28034
4156
29418
3998
5218
20457
30589
28758
31756
5845
14828
25122
21079
2919
19937
18417
31048
4363
2154
15206
23234
9728
8888
6653
31024
6091
16455
15437
12953
10848
17495
24958
15754
23914
11256
19439
1511
10570
28143
16081
15641
661
24970
21271
25024
22957
17345
22129
28872
8563
14182
21521
31618
15021
24263
13929
27781
17394
50
31220
20237
380
20763
6737
3891
1227
21959
21864
18173
16319
26168
5724
6009
20889
20951
16237
12575
18082
25739
5650
14686
28775
10137
28483
18867
10646
29828
11618
7248
7048
20796
29469
8950
7685
2318
14640
8215
1336
21973
27613
19922
20866
30026
7421
31854
21203
17546
5828
24279
17319
11034
25973
8697
7075
13009
3320
17014
2058
412
28032
13783
27804
19234
25620
14358
19308
29517
31756
7399
10107
7330
4777
19431
2071
18296
16710
10183
14264
23581
10926
9337
23235
2412
28527
290
4515
6656
10669
15109
98
25629
2132
26504
15664
23480
15964
14636
22003
7023
28608
31471
9897
27303
6771
7374
28313
12446
3368
26964
23673
17481
26036
11728
2344
28449
13225
19916
25618
12391
23482
14717
632
20737
26849
11788
22018
21296
14853
29047
6497
28554
28998
23442
4920
26179
1430
3527
18264
14942
19048
14407
7059
2587
6179
25607
10454
19921
3943
4335
3214
847
30650
2479
27681
16216
26103
24792
21006
17605
10015
2856
10762
6310
30422
1060
13334
23000
6604
16908
32117
23763
18830
14796
15790
2465
24867
24902
26383
14122
18923
16957
22107
3895
16847
15103
24558
22351
11604
17298
22239
10399
12504
28828
21150
9562
22624
9920
12260
23686
14958
14381
21921
4458
27818
18644
31394
16454
31406
28867
21261
6500
10191
11151
825
20688
19755
1745
20823
31785
9004
26105
31533
7247
11062
15935
22118
31513
27495
4844
24817
8513
21248
31732
6759
4093
31825
21520
1786
14966
23166
13341
7592
10565
19123
22723
4668
26057
4522
20170
29682
15442
26179
26933
25351
466
11679
26812
17855
16007
17052
13130
28390
2906
2016
23038
24215
19118
4885
30948
32562
2058
30183
27408
5650
17096
6613
7988
23652
1803
10561
2707
132
30413
12898
5592
29288
16922
5826
18240
3240
12575
12977
12920
3044
18306
20103
23193
13078
3103
8213
29933
11868
23557
620
14490
22676
2002
10973
27219
5729
22581
18513
25328
22074
11112
27481
28576
18788
2007
25030
20824
10860
13984
4562
16650
11359
14251
29904
9499
16749
2872
16605
12012
18925
3911
23586
22996
15112
15010
808
22785
4065
16295
5589
30413
20221
3299
14686
26617
26656
23503
13463
22508
839
20160
20028
31907
32702
28831
30888
5047
8197
23838
13523
10884
29931
18030
10848
24405
25699
24739
4598
22648
347
18651
31937
4651
30194
5695
21479
15117
4113
5915
13530
10065
2869
8159
6282
24819
12254
24988
6844
491
15307
21557
2275
8919
4291
12835
29930
29644
1376
12221
21371
27888
20806
2453
26799
25142
886
26954
9953
16526
28549
16973
7077
13439
13269
3833
13274
21821
22421
8261
17314
4854
29749
494
32761
23033
8509
23839
30771
5543
21646
32183
21534
9266
28312
5217
18962
10855
6875
31331
6911
11743
19354
7199
4903
7151
16776
25850
8752
18989
29152
20195
27469
13311
21516
12787
2543
32467
29990
26588
28522
19431
25895
14452
9357
26369
7977
31324
24462
7723
19842
17310
86
13163
28943
18675
31391
7414
345
10594
6916
26853
16045
29221
3431
10970
9618
20548
25606
27671
5127
7000
19278
3041
11167
4910
23567
10182
23516
7557
11397
29572
2768
12847
2210
27190
12273
19770
23563
1882
26366
21558
27753
13759
25038
26990
26400
9203
28756
29613
2320
21483
5991
18744
12911
15463
12682
232
10614
10205
27287
7453
985
19409
21149
1713
7847
16812
9967
14650
21250
24002
12192
20583
14491
8352
8481
15390
31068
26035
7661
451
23704
21992
14817
10095
9751
19696
15972
23745
22066
12947
2632
12872
26275
30734
4207
3694
9260
27325
26389
20372
7155
8234
24475
32568
32270
2637
3470
1107
9859
16052
17676
18983
2796
21422
3842
6036
5372
963
9370
18998
26987
10696
10601
30003
14492
24093
5891
9173
11531
19016
5493
21605
3886
18476
27421
1609
19461
2784
18289
8299
6585
7060
19749
27161
21142
21120
30285
2885
13273
13232
7229
16995
13703
23193
17262
13002
15161
23189
17210
15596
21166
15656
25279
14584
30746
4836
1192
26288
29441
29197
26809
31143
1043
17592
22676
4312
3137
18605
7752
10605
23932
16509
6820
24964
20237
2467
31347
18550
5074
5389
11175
15377
15624
30569
12933
23956
22099
6636
31216
16804
18162
22752
13947
838
11254
31507
18970
12195
17613
19165
17358
22048
5236
6615
7291
5895
9129
26691
9486
30968
3034
26896
19094
29947
12083
25959
30409
16848
935
1760
32129
25872
19754
18662
13642
24925
18638
32325
10288
14433
12724
28008
7923
2680
7620
352
29156
27839
13409
29364
12749
19234
17018
8721
10483
13088
11720
22210
9531
2113
16595
6199
8291
25394
14397
21576
5626
32311
31773
2120
26146
32258
4539
19391
3088
18736
11455
22580
7362
12399
6509
25320
19216
10083
865
11288
9071
8313
9096
22397
30639
9115
25601
17721
21831
18515
7052
23603
26185
26289
9310
26547
17603
10211
24109
13358
31346
7442
15205
11938
14809
4051
1333
4859
22629
10747
16939
13976
29919
13694
941
31135
30542
17002
29125
30447
7883
18013
9526
15487
24331
3533
23359
21321
2252
24634
16607
11712
30120
17406
3923
22868
25853
17750
22680
551
30086
25487
28847
9692
20288
20020
4625
22285
14495
1826
31861
16341
28994
101
17158
30569
26735
3108
11562
24661
15904
29368
16236
6338
5184
6463
13935
31151
4386
1414
27614
1615
25873
32415
19337
21335
10409
9414
50
29710
32491
8253
21071
24227
21892
32496
27388
9525
4854
1779
31312
20308
19275
26277
7698
3171
1611
20219
4966
19580
1431
12933
31747
25966
16128
24368
32162
17509
29812
11001
1651
10277
24728
14690
3257
27467
24555
26922
6263
1006
12102
29153
13232
14208
30308
31136
16226
6189
23402
20997
31928
17662
11109
16530
27398
15
7253
24127
11444
11581
9348
13276
26279
14630
13417
8659
18834
19184
30064
21114
347
13470
4001
12478
14316
2589
11999
28764
32278
10399
271
8657
24915
25009
20567
16765
8253
16978
21605
23539
27947
30679
4587
13440
23958
24364
25904
21695
31308
22608
12945
29766
21671
31119
24572
16276
23798
23844
8961
19757
27462
27861
26375
10947
3176
17454
23401
28010
9568
28656
13092
11621
28175
17855
7607
12935
26712
5154
29364
23274
29419
18408
8767
2862
15873
2251
9365
20164
28212
14146
1216
2320
20132
16543
18166
4666
30134
11401
8851
13838
4475
24246
23118
25672
23882
19290
17148
27468
7877
25084
12461
21537
8236
27098
2527
25024
11142
14807
5981
13464
4650
25039
8659
32392
19454
16517
3305
26743
4141
7530
30205
26213
16002
31802
28284
20644
1347
11945
30288
13594
24354
21721
8526
15823
4296
2867
3425
5174
2619
1569
4716
12096
19224
23654
25750
1896
32650
27395
21863
11945
3370
30256
28057
30508
7001
5271
8711
21973
17525
14337
4779
14901
9648
32557
3278
23363
12270
21666
2975
18819
30795
11039
8161
3611
25204
23048
811
23145
20551
17341
28289
30704
31492
5497
1910
11288
7157
6310
30417
13160
9661
17331
17897
4483
1286
4846
32398
24828
26602
22508
4573
2245
24114
27425
5063
11912
207
25626
5387
23771
31783
2404
14117
32418
27505
7831
2019
28048
14386
1567
14462
11581
21381
5183
26336
10180
27795
27173
29759
30079
16543
14255
30411
14000
528
16522
28075
20057
22783
2514
27767
18190
14751
20967
17840
27641
25499
323
8013
12971
11441
19040
3482
8791
14236
14586
22714
16168
6295
14486
14076
12464
15059
5499
29077
13286
46
30092
892
6099
27037
855
25331
809
5942
31556
26534
1655
3596
29091
11014
18113
23679
18640
9134
18693
15730
25585
10337
11295
32596
553
2447
16756
30986
13164
7606
28404
2137
18215
3609
14059
7367
7020
4159
27118
23259
10472
18803
22246
27322
7555
20980
11805
11172
19187
25497
1425
11569
16956
19884
2650
22374
11148
8383
31550
20265
26456
7102
10946
18648
3213
21915
21473
11090
12817
17119
88
12879
3841
10422
28736
6173
15593
7524
20002
29449
11970
5977
32096
18362
12121
11308
8402
32151
8101
18252
5253
31253
13317
28715
15002
1308
4957
31572
32544
15106
12816
5900
28906
14359
15309
13607
16624
7263
17656
13381
15391
19672
16257
19770
20398
28873
20806
29992
16360
15189
7653
20744
9438
5588
15137
10016
31406
1172
15279
2347
13455
15606
1241
5697
17923
17569
28212
21007
10834
9542
26171
22685
26458
26906
30969
30254
32065
668
3985
7136
22358
4898
28098
6241
16000
4063
19807
19751
32250
23834
2614
724
1854
9316
30863
16865
17593
1465
24592
22740
5811
28159
16397
24541
28293
700
24985
24746
1792
18972
17161
11468
18808
553
12463
23582
3653
32199
14961
10415
12868
20231
1024
28183
29441
677
15680
1355
21429
24924
10257
10865
4327
24712
18186
8800
26992
25652
27067
8090
1372
10569
15129
2606
8613
32265
11714
22590
9714
32607
30016
30984
17504
13102
25312
5136
27537
23045
19018
24570
29063
11603
190
30290
21035
9501
16716
3181
32522
9962
3892
30990
22373
23256
18730
13044
25029
2580
28334
13754
7455
32100
26512
23854
5095
26964
12885
4370
24427
10578
4986
29888
12377
26403
26867
21367
30629
5263
26217
9433
27812
15129
14116
26552
10063
1116
26732
13228
13255
1421
14665
15927
11685
22893
23345
15443
3766
1794
19836
12755
14154
31204
3683
22545
4936
14105
29927
2718
25568
21487
13529
26799
26834
25619
18051
612
5564
11305
28551
22496
23872
18808
2627
32600
17836
24787
30753
31476
23613
22702
13374
31392
28111
29467
6764
938
10884
26533
22104
18368
20661
20263
17883
26186
24041
10919
29109
18747
28672
20664
3059
9465
30598
12982
5883
5097
21218
13055
16730
8231
15527
21714
31335
22088
19292
15586
28917
10434
4855
20604
15955
27146
26252
19037
30606
13331
3726
12115
9292
18597
26295
13301
24072
4710
4420
15210
2191
5248
15212
29284
19705
4722
14599
10777
10037
17074
21980
8336
2842
4301
16923
8247
17578
17181
31402
25699
26441
9442
13084
17373
2560
13950
13897
7387
11251
4815
4854
374
4210
29576
6079
7781
11095
9578
28525
2384
1130
201
21035
23088
16832
26957
24089
27690
26065
13650
20130
16796
17561
23646
31544
14868
17357
28529
8960
4756
21846
15484
17173
21210
9774
23097
6599
2977
11984
9961
21570
28432
19621
11796
31099
5986
16957
21044
861
9361
26698
31524
10329
13148
10240
22098
31130
4882
13707
4097
818
4764
7377
4296
26921
19072
14570
19894
4912
4251
27529
14499
29795
28047
1336
24494
15222
30850
25940
13762
30750
9160
27873
32154
13269
13627
27303
7641
17458
20739
18996
25625
24622
11299
30195
21209
25261
9637
8125
28476
29851
5804
21328
30358
18648
31083
14043
11445
18991
2283
20347
16304
24766
7705
20265
12149
28019
28466
30700
17913
5070
2727
5070
4062
30817
26387
22054
12829
18828
10020
24389
23687
24756
7690
27431
7873
26855
18401
14377
18522
16892
20549
16259
1937
27359
8897
22522
13643
28788
6080
5920
28777
18969
277
19067
11100
22353
12486
15386
29406
11224
7800
9688
10567
14825
16139
13858
9772
27054
19286
20019
10376
18635
22560
20980
17766
26388
28694
21029
22451
27538
738
4531
21185
22429
15155
18677
30190
6966
15389
18614
17377
16572
6929
11461
22915
22392
18489
19278
10023
10667
24547
341
11993
21710
31891
24931
2222
5370
27939
21586
994
18537
1405
9081
14033
12453
25086
18351
1903
15218
4056
288
10757
32329
18215
11818
26938
12963
4794
15514
16128
18381
3287
5652
8645
11528
7511
329
32078
19478
24872
19619
14901
3429
2315
29995
32395
7739
22347
6941
13961
10572
3259
30807
24372
935
9670
17257
31029
19119
27541
21311
30996
16669
7953
25747
10782
27038
21063
22534
6975
29308
31319
11656
2365
9558
2817
8747
24558
22738
31988
16119
7877
26080
326
30053
23959
962
2513
12808
22704
15746
21639
5438
16917
18730
15506
17255
29158
29687
32284
7723
19921
29831
31898
6793
14510
25899
13129
20897
18170
8979
31005
9185
19530
16561
16955
31220
11022
32454
16057
11961
10638
1731
13243
24144
3736
30047
31209
2092
14073
16257
26748
29401
21547
31578
1461
19585
19484
26914
31705
7091
21154
9858
23059
22942
25569
4530
23512
29031
19646
28902
12606
10461
5885
31733
22556
19320
24506
19253
14771
29645
18390
3800
17422
17545
17844
23040
30994
12060
8775
2885
11979
21762
14292
5573
2448
27517
4577
27703
24019
8105
12246
16414
19490
882
133
18937
10436
9914
10518
16919
8658
14284
27591
31715
8969
21439
20879
14959
31555
11798
24827
8923
12863
32699
30768
16120
10596
7471
5963
2201
19551
7068
26105
1171
29952
5240
5436
16348
19003
2312
7209
28781
24394
16857
18827
27205
12345
12710
23424
25054
21562
24981
10502
27284
18471
19514
8432
11198
28187
22174
23642
18474
30731
22871
15642
10494
6026
2242
10716
2032
28260
15074
29887
27660
14019
29276
14006
10869
9972
8228
20074
24265
5419
28693
15815
8482
28606
24512
29977
25177
5680
25725
3783
24424
27799
22805
12472
19994
17163
11374
17710
5891
2502
17297
8634
27626
8272
3746
24418
27856
27276
16151
21690
15094
17064
27594
15220
32173
17984
12603
15394
2958
19920
22929
25081
27710
10917
29260
10916
15693
19318
22628
20369
23114
779
29624
1430
2828
32289
22148
9865
3807
10901
27372
19771
637
11345
5940
6269
30172
28001
9484
31871
17119
28164
9955
19158
22604
16339
32340
30662
14294
30165
16262
11315
594
31502
5482
14735
2266
19395
5438
26481
28797
16609
16624
27710
10877
12224
15031
30458
15658
17463
9262
26296
1754
3014
7121
1879
11625
9262
31491
15826
20754
20788
25903
19401
7156
1466
10190
25319
27934
2901
20516
16747
31576
30083
18829
25786
18218
19086
3505
7591
7502
16261
24362
828
13871
29146
23418
17879
31293
27098
8950
28328
31592
13996
8928
26404
9183
18784
28972
16473
20847
8135
31655
19841
31657
16769
16902
19190
12009
29513
31602
15697
25663
9360
15786
9575
26869
24754
4328
13072
9689
26641
23424
26598
25512
577
10210
5143
4454
29432
12473
2119
19032
4136
21197
20876
4295
21101
10876
32173
17772
32685
27885
5327
19913
9088
21
15110
19429
23134
10729
15723
28642
6656
18652
7616
32659
18375
3577
272
32012
25401
32253
14304
2987
21168
27010
6233
18440
13115
2849
28495
19439
5855
14456
1882
18525
707
31780
21324
30756
11977
15190
21988
2270
19763
28780
637
8138
18491
28114
13703
21815
21061
25356
22180
20203
27477
21567
13990
30766
23981
16545
19487
17689
8056
16365
9490
4398
14683
15555
26924
31695
31964
31821
30475
8746
17082
3418
18673
30254
324
22862
18524
21394
28912
28248
7344
11953
12815
20787
4810
11335
5552
5049
4592
30857
11099
3534
4526
4948
4939
28922
424
5299
7522
22353
23849
1326
17198
19285
22515
19535
30031
20542
26069
19655
21587
22429
16188
17554
8361
3735
32402
24727
2395
21354
3168
7452
27170
13498
17158
28815
23029
15978
26542
865
4838
31783
794
25169
1793
29246
1934
21456
18248
6724
3418
12257
3634
9042
6183
26036
23986
30151
805
19223
7141
30675
28690
1827
13790
21832
3757
10645
11418
1506
27812
15533
15443
4361
7288
19978
14993
14809
30722
8386
21436
3877
30080
20909
4225
20312
28280
14545
23668
29015
21024
2464
3036
24159
21551
9736
9804
27384
1597
14376
2847
21719
16994
28929
8520
20039
26558
3870
15120
18984
25283
13539
20130
15151
10695
8083
11341
5034
8180
30746
10475
13789
26466
5119
29812
16767
13582
19271
19187
21434
31417
17772
21784
14506
29213
10089
13357
15845
22563
13485
5714
13166
18793
17136
17308
32045
22454
16412
11231
28661
25422
21204
9220
21294
7123
3167
25684
4450
31020
25411
3263
28743
31186
2588
27093
26857
22566
32272
26913
15496
20761
4010
7751
7078
26958
13744
27903
4810
16084
3858
6850
28899
8459
7991
10718
1109
1348
23871
31379
2777
26508
15416
24189
8051
1832
2869
2063
17646
620
8531
29011
17990
25050
27945
25634
13739
14018
19785
11319
4402
3984
2241
4984
21833
2001
26049
14197
7552
25968
18073
14273
6773
16347
7127
6988
30001
2752
31376
19966
5688
32753
18241
14200
21337
6208
26466
29517
25542
2136
32489
4293
6410
6944
5641
21832
5179
23000
5897
8550
1412
19750
10934
14350
30179
15787
32000
20175
20985
31401
3242
10023
14460
10635
5529
8523
26960
19614
19588
5106
20874
29336
1244
23524
12259
13074
924
7334
11488
20626
21657
23646
16367
5865
18426
13582
21007
11778
20098
30719
14486
14955
945
5354
16488
4847
18338
5775
23228
9723
14549
23043
17910
21637
15359
11170
23458
5490
13909
22668
29140
21072
14289
18239
8005
8078
27147
18080
3511
17343
20437
24704
10071
7819
4089
24974
30546
21360
10785
11773
6756
15249
21178
1945
6925
7523
27834
22622
10689
28776
27013
27686
30789
8371
6262
5988
1285
19224
13563
9831
356
31074
18884
16354
11372
16112
10713
14075
21571
8424
32714
32492
5540
31163
12906
8290
19089
10478
19346
11170
27459
13766
12410
18059
4054
27666
13965
6682
20539
10652
7467
15926
27148
30255
23990
4467
19007
11329
5760
20799
17968
22273
17784
966
3342
19928
15812
16483
20752
6725
22119
16521
3860
13746
5700
31304
12010
25293
11678
6445
11138
11017
11846
5170
120
32553
11180
22927
5504
12532
5848
17
13599
11586
8211
27425
26649
6043
28137
5821
32116
29031
25481
29257
14032
14561
25078
5431
4638
15642
15017
19323
21531
23095
11361
25224
32694
10933
28758
28431
6081
9710
24368
29961
30805
26743
3853
29737
21097
3664
25855
24125
5675
9880
7508
16662
13172
21906
2032
30871
12555
7165
14543
15255
22249
9653
16241
28260
16059
9184
28828
18403
25728
21910
2527
16468
3535
23027
5095
25004
14566
10115
21576
32150
9961
16097
27895
32152
25106
22813
19452
19181
21927
27557
30778
28849
20206
16867
20723
14458
28582
20386
28498
10759
23321
28648
13622
15190
20195
20320
30209
29946
31996
23712
23673
19451
4466
5322
31562
1748
7507
31375
4643
1764
3039
4214
21510
9099
12050
32721
9801
24521
19106
29559
20103
19043
32314
21135
27291
6777
12569
16055
10123
24480
13968
20119
21580
32125
25018
20526
15930
29648
3581
9518
8664
17417
29626
27203
12155
26511
3174
11235
2507
7292
12505
17483
25759
17629
15985
17913
11427
21034
3259
4700
5726
11979
26706
2953
31912
15509
32564
521
23741
6821
1447
14702
8863
12589
17888
14766
5172
11440
1613
23558
20310
25626
10258
24890
21974
9765
6993
7970
8641
18311
18994
19947
17268
9311
9969
29897
30881
22759
19715
16611
9662
7543
12593
13714
24913
11616
15843
10867
17084
2596
3296
30234
19601
32102
3021
31251
12493
4458
32227
27364
18650
5130
24904
273
12872
18406
3130
21164
26522
30088
23860
12531
22756
1508
126
4462
8545
10029
11108
26083
25312
3129
9637
19019
23783
25581
3060
4453
17421
2340
26235
20289
1251
4303
12995
28174
5091
28165
14059
23443
13022
24096
12904
5196
11084
15450
31325
5584
19181
22970
30694
24305
21927
29942
7887
325
2060
8193
31223
31331
10293
2579
16830
29414
9305
27918
30682
21521
27135
10138
16877
22263
19964
11246
23222
2503
6413
16859
13135
10710
22133
24626
7020
1230
17515
30849
2504
27499
31000
17604
30036
12976
7625
11918
10852
10580
6403
25157
26593
13425
5239
22697
30638
4866
10868
30023
9574
4741
9190
7801
22597
17699
11716
18488
10726
1533
29834
19721
11603
31227
29910
18035
30897
26165
29609
12920
9448
6185
27329
21635
4253
23742
57
27667
2383
30645
14723
25835
23844
11838
10662
31922
14617
30164
27433
29179
23459
24265
5715
26273
6776
32760
7181
21165
8236
28085
24926
11645
1977
21996
20097
20537
4221
13562
22980
7816
12634
12536
8934
24587
17416
16294
18848
23496
31609
4145
10212
12060
2703
26194
21429
21745
20941
3027
8073
1269
3865
1849
30731
17869
14358
31839
27431
27694
28549
10343
18663
24436
30247
15912
21405
13810
32594
13177
29916
15365
14300
2228
6783
18326
30165
16466
30076
23735
19275
23503
17112
15388
9481
6770
29130
25000
14513
4088
10829
27326
15883
736
1624
9610
22036
6029
25782
9501
25853
30147
31645
15298
4857
22299
30457
11090
19066
14439
10694
13222
32471
8474
3900
23829
17458
722
20924
15684
27393
17428
18750
23120
30299
29864
5857
19409
9601
25367
18882
1277
8608
16252
5976
25409
31969
15477
31464
13639
1911
21396
16949
28349
23131
11689
4366
22884
21013
8063
2961
3777
24451
19493
13186
25242
6989
2594
4736
13042
19910
24190
25534
3882
15007
22974
26668
22466
11104
25296
28321
23392
18774
30009
5174
7968
4486
17607
1933
29971
29384
27993
3364
1430
30202
7194
8964
1775
29167
24417
9793
11891
22900
519
19614
25800
12966
21782
25474
8479
18556
30666
17662
20481
9498
30192
14819
4408
5303
16406
3498
26668
29086
3880
15695
12324
20738
7317
13750
23902
31430
5528
883
10225
3802
13446
650
27619
14291
21563
15662
28598
28576
20135
25106
14661
241
29235
5946
5587
7430
10881
16623
22348
24420
29824
20506
7661
26945
25656
17778
1159
22622
22283
22989
24281
13677
11351
13117
2562
21516
974
1720
17788
3742
31266
31242
18902
8022
351
17259
17974
12029
6527
8238
20722
836
12261
13142
4148
30451
29933
4801
6395
10298
11070
9528
20995
671
23376
5320
7418
5414
8350
13878
23088
23046
32219
1707
30727
24432
26137
16560
13260
29093
10830
7142
29899
26870
18117
21262
25586
20194
32755
22456
7690
32225
6806
3455
18583
32424
25830
31705
10621
8625
6819
746
7903
24691
23179
9514
13139
21209
25825
4950
18260
2120
28437
377
31486
23376
9961
17504
19632
32362
12434
32442
743
23566
19656
4599
19634
5122
21440
707
10800
25729
11050
7170
3593
4260
15566
20310
24169
5846
30191
17624
5902
17211
976
10227
5087
17170
10385
7929
13140
30627
8202
8039
18548
28703
23135
20675
29814
16885
1022
28868
4147
17302
31820
8574
6648
11076
9842
10266
8083
16179
282
355
24543
18741
24338
14598
31971
28652
9740
10868
30677
7854
31480
22050
30330
29863
22678
5833
15966
17465
16748
16380
29076
21341
16187
25135
21821
19794
1379
20273
21413
10021
14257
5532
25247
29684
19755
3630
10049
29934
29314
3378
3060
31196
10302
20827
24021
10436
983
29889
27125
4894
13604
8035
25567
27739
6384
24941
4822
27724
15885
29085
20685
5650
7669
28597
6296
24346
17412
12537
23676
30704
32514
2712
20785
4848
7547
10060
10058
10478
30553
13458
1145
31858
25370
27807
30356
18139
32762
11429
9309
9867
19089
8279
1589
9571
9472
17674
15092
9328
29339
29999
7821
27004
6215
9507
28697
6975
7813
27224
24355
16297
19936
21494
5245
30375
27745
11047
23240
23149
23221
21681
28730
7630
2349
15013
26516
26551
16188
14474
7316
25652
22395
5064
30649
18079
18799
17007
9768
25722
9639
10604
13848
10042
1680
5898
22185
12489
3777
30362
17724
3443
21491
16322
2897
17135
7527
12772
13418
16454
21818
6855
19276
3425
9013
10884
7050
19498
14007
20469
878
2278
26357
9297
8049
27844
24469
22345
9747
32696
23215
15178
9063
31490
27954
6852
225
23285
13738
30971
26212
30173
20950
29453
2436
31380
24841
17400
7168
7984
11213
32458
17173
16712
4112
12698
15665
11584
26922
4634
12161
286
2798
24037
12645
1655
4019
30315
2782
10665
25840
27902
29569
22848
10457
789
3076
12508
2869
1994
9384
16931
11210
3399
28441
5128
30051
23949
30199
21275
13114
21192
28475
26014
3564
9308
19765
10016
28877
17925
5747
31022
6376
21720
32433
27928
31694
23771
32652
3867
22559
8910
14847
23907
19330
29039
30577
19380
29390
22753
14942
12851
3018
17171
23455
30599
2314
19005
6547
9217
4845
17609
12060
10476
23257
1680
11439
26674
24423
5527
14034
19399
19599
29026
1820
32697
27928
8496
1901
13404
21223
29423
24050
30243
18563
17540
31183
10261
20099
12085
24663
12350
5076
1028
25619
28535
4978
18342
16507
28286
17010
28357
28991
1244
10020
23781
32057
31814
7664
5858
10060
10610
21370
16589
11242
20171
19999
3550
4037
4288
28903
2074
5624
6011
25214
24212
7435
23077
28638
5451
16959
23769
19434
18057
2481
28906
27155
9242
27249
30748
18921
2277
19837
2196
24115
4219
22036
28297
7705
17736
9065
27230
3924
10458
12783
8119
26157
20083
3844
7421
27539
17163
15595
12759
30546
17702
26577
29287
3388
260
31934
30175
17278
12683
17058
21290
10887
10700
20272
5283
7754
20918
12084
12291
15331
23978
29963
31432
13232
17414
13447
17299
17667
27685
4651
25971
4622
3364
28495
1554
18992
23895
14479
3724
21662
2065
17302
28430
15193
28054
14480
21307
29223
11924
19040
12760
10009
7701
13333
6941
14312
8727
25150
12240
18656
18505
21370
6999
7354
7974
15445
6945
23151
26324
12394
13618
15119
11674
5092
4190
10934
13090
22146
6319
20594
4269
29292
27134
27413
30233
9670
5860
9047
23834
31784
30853
5922
26179
26733
5707
21039
19966
8513
24796
26008
193
18006
26409
31361
30041
18025
25321
28946
32208
14678
32412
32722
25696
6467
16047
3930
15117
7655
23507
10565
8700
19763
2469
28766
28808
14986
28557
12208
5082
3230
3234
12275
14151
23067
23058
28952
32635
17148
23072
13750
5868
6544
31499
27950
12719
32052
8673
27342
15049
11373
96
16607
10643
4704
4777
20689
32538
9543
8898
15353
32512
12432
26448
28680
16658
12593
18646
7600
21130
10667
14602
3490
24484
21925
25970
24332
23745
15369
13674
6650
6661
3873
1236
19833
7849
4464
8638
1051
19089
12757
14260
21292
13207
19326
1640
19319
16895
2364
3514
111
5266
9278
14276
17895
24393
24797
4528
5498
17700
4132
27463
9214
13338
23551
27258
7521
27063
5847
8590
20117
17206
11879
14571
10741
26448
1502
20890
10273
25099
31438
9772
24806
21622
23930
8135
28307
16751
9641
9599
25306
9582
8063
21
14062
32702
17926
27012
1970
32371
30533
1609
31065
29714
6153
8337
27949
22306
9092
3264
14712
20600
20521
20973
30312
23680
8280
12878
19186
1158
10426
28651
28444
26194
17706
28392
176
31166
32730
31794
2529
20303
7645
24220
12174
18525
1679
29251
21684
19613
4969
31974
3645
103
5714
5520
21064
12932
13627
32440
6493
26823
10235
31884
31865
4888
11889
19237
13610
2770
7958
4777
13682
27998
4306
3780
4474
4961
30549
16633
25567
31446
18794
1182
30632
32653
17688
30066
20341
13171
7204
12951
11659
11372
8888
5588
17656
13152
8832
11666
27487
29744
17363
31601
25116
21698
22541
25008
14207
7960
15868
17570
16353
10210
3256
13514
29813
3003
16257
22874
621
7837
1751
19512
7182
32298
18671
6401
22289
27744
16926
31856
16004
7940
551
199
19820
3478
7537
8489
20232
22525
23762
11058
10827
20256
4641
25576
13787
5410
3754
5873
19135
907
23761
30811
25810
21236
21215
27630
7932
21326
23927
29053
30130
9740
11281
14712
8292
15404
11882
392
18321
10045
15946
15513
6696
24007
22680
15705
20237
8254
31958
1462
4471
17183
30675
32243
12460
18907
26384
2358
25737
3427
1237
26908
23246
16681
4178
13642
18734
3770
30094
1348
29707
16207
4937
25187
6136
26586
29068
21598
16881
26342
9135
29383
12114
22198
7501
22330
28525
32034
6313
20429
24563
30108
2122
32615
4407
32677
19769
31091
3550
4221
10221
29342
14968
20741
31399
14857
26412
19763
30945
15121
2244
16015
15696
28561
26752
20272
12912
11610
4623
24627
21877
9329
8586
15102
11404
19097
10969
17302
30016
815
9013
6323
26725
5059
10972
11775
27449
12485
6402
32675
24002
8692
30361
31563
14172
5984
32457
2339
11939
29938
2093
7244
24713
24936
19864
28410
12177
10657
22629
11478
13095
29546
2161
26363
2044
895
22823
16830
25021
29822
18914
26245
26910
27469
12716
28953
21388
12624
18649
19228
26510
30830
21732
3500
28401
26143
15008
4583
2796
14129
5982
25193
5053
4232
2841
20673
29853
4477
21547
3819
7886
2649
31096
27231
22229
3010
7576
10428
4108
8609
684
18133
32112
3231
23059
25290
24435
6349
24320
9977
24018
15774
1097
30122
13883
5339
29701
13612
6107
30209
26105
30638
745
17020
11098
25708
18848
19869
7572
10931
8090
27613
22473
10035
14211
11031
15511
2359
19083
6649
1995
25826
26178
15274
17683
5697
9399
2902
25705
21367
20149
28472
32394
18030
10341
22759
31213
120
28164
26505
111
14865
185
8326
24177
9425
27427
3679
14152
31563
18041
2879
2452
3338
26934
254
31691
9491
11041
9070
21383
28183
20929
602
13981
17242
1436
2206
26480
14873
30335
14010
11601
26225
13827
8695
10729
14355
8242
26357
4240
14811
2240
20473
1466
21013
10650
5738
13676
2207
22398
15782
13220
9156
16404
8557
18037
32748
11390
18916
16151
19767
30384
15756
31657
23272
25820
23403
29466
24469
29280
11218
2521
17214
18180
12154
4637
23356
24331
31855
12248
15623
29821
22903
20655
25951
3948
8149
9296
10023
6119
30358
11469
6747
1166
23989
13913
13175
27595
2429
8172
5931
12952
29704
4425
6401
17882
7807
22396
20021
11491
6873
16647
1214
7105
15533
11905
18655
21201
17404
30589
29817
31362
10392
24912
977
16607
9478
31523
22860
11789
7527
7095
22577
13851
32326
28627
23190
23754
30333
13990
27958
12880
20534
12313
24201
21062
11825
23625
27479
18379
4160
6959
29383
13463
18553
23360
5936
7411
23034
21212
14806
27810
13220
9362
4111
400
27739
26591
5630
11603
20358
2564
15913
14189
1882
31961
18002
21099
8142
22272
2464
7376
24617
25119
1091
10458
9241
6054
28388
26868
15424
17179
31657
22498
22131
17751
7683
10566
28042
10310
19148
23903
23494
18944
769
930
12102
18726
6845
9070
21929
5475
27317
13167
24696
4201
9696
23856
12739
9321
5527
9956
4627
15515
11426
1850
17916
27621
10167
8033
25953
31609
5820
12614
7419
17252
9903
22165
29884
9979
18914
23779
22635
13969
2985
23864
23044
29824
8135
3734
30565
13693
30033
28905
11540
19786
26265
822
1447
24230
9631
12738
25371
11528
4866
6480
29820
20260
8683
1138
6210
20155
4202
18289
5397
14952
8992
19677
31762
15242
6342
17477
26586
18051
30385
15274
21393
4293
20612
12452
10750
10964
6860
156
12114
24653
14423
2989
17308
5190
9469
32164
17089
26978
28831
8543
16627
27147
18419
24151
30418
1372
218
10928
11060
7413
14202
23816
28659
31416
7653
27569
1137
27871
32000
12220
11083
2660
25292
28383
10726
18
25730
15912
21271
11932
9893
20015
6886
16887
24182
21758
18887
27705
19070
26506
21661
18808
17068
20469
5531
14027
32641
3750
23228
6792
7542
21155
3043
6433
6657
23429
21296
5512
24709
984
32735
12160
11338
19564
27213
11513
27971
28761
7670
16369
6066
30436
9145
7976
12541
25801
31008
20028
4031
6975
26443
4998
7270
3788
4935
14287
19346
3772
7729
23520
7855
9236
19304
22977
17591
28220
19862
1873
3420
26139
16130
21695
30833
26833
16475
18712
29848
32747
17339
28886
10182
26445
8540
19824
7481
24693
22512
8844
25755
8527
28230
30451
8945
19592
14314
10662
2176
20281
23896
950
18100
4913
5286
19500
10156
18434
18734
17730
18760
22402
29572
9092
27881
25673
7364
11439
22903
24420
16503
29340
10333
7903
6187
23187
9921
2053
20586
2592
23776
10942
27902
18088
444
12454
5733
5577
553
32577
21142
17854
6066
23629
28560
6925
14164
17911
3690
29687
552
21245
8304
28079
11570
26293
16484
13233
24843
26117
29587
23467
1514
31183
19038
16193
31488
1751
10997
1083
4370
30369
25896
533
30093
17337
21371
24562
19328
28634
4116
25435
4141
21427
14037
981
29635
16254
12636
25873
153
23579
6343
28128
27484
11505
19155
11634
15263
32376
7813
30092
32552
30897
19992
21545
7162
3965
31083
8763
8169
5806
12477
297
18541
6594
25178
8651
29931
10299
4078
732
25429
15945
20173
17407
20765
5867
21538
15460
3765
23706
15703
28192
10263
12528
11505
7942
4205
4400
14035
1852
11988
2021
30831
24031
2622
11706
22248
21324
21989
24452
3134
23470
13804
15837
21564
953
16408
2873
27507
5554
3781
26055
6154
28697
12283
22152
19469
13928
5927
13326
11088
20419
10639
6081
22270
2290
6430
8114
5148
2676
382
13142
389
7963
16957
20606
16098
15315
29458
17313
18084
3149
16070
3782
14065
16742
25381
21863
340
29045
881
15699
22307
2998
11303
31410
27161
24465
19170
1166
14479
28569
26251
20860
17439
780
23579
13524
30031
25814
18180
2203
6955
23431
6557
17623
10467
1691
19704
20965
22171
4730
23803
4304
26760
29082
24898
32376
21135
29878
13864
14460
8841
30486
1483
3488
11763
24881
1039
9813
17616
30359
24162
17603
31635
5299
6758
18613
8794
26359
11328
28547
14651
29505
30602
10072
18870
7196
18058
20481
4092
16366
18313
5429
877
16315
17937
12524
11708
19537
13293
20881
12330
17922
19947
7814
4705
29951
25404
15670
25039
9892
5214
1077
25447
19012
4390
7300
27972
20326
30606
19639
9358
15814
25676
32038
3396
15344
13511
14380
29709
22865
3687
24670
25077
25644
18927
2071
25638
14314
9540
19287
27710
4421
5646
19855
10804
4200
22063
934
24280
4099
2218
10470
25854
15208
32732
5613
11141
25884
27786
2239
31864
27655
29991
63
29321
9612
23279
19461
13403
387
27762
2239
31971
27091
24847
23517
19382
26814
12290
11776
11630
23378
4952
6042
10460
9106
3448
4337
4323
1184
21064
9811
28314
25704
11251
3501
556
17502
17910
15417
645
4384
5142
29432
18659
20467
838
10117
15069
23387
26220
5966
9238
27519
7503
26245
29628
239
1602
3812
14832
4380
6390
28637
22008
24605
13164
13138
8796
7459
3207
14163
19583
795
165
7527
2885
7639
21304
10725
14218
1794
12892
119
13692
32766
14400
12060
13686
5513
31559
8939
15123
14990
856
25492
11309
4885
5941
19342
6261
19380
14371
10333
6092
192
3657
13049
19494
29509
24770
7380
25694
5927
16165
28059
14446
31378
16948
7035
32602
8691
3169
378
19666
16684
22293
27160
7330
29089
8715
24029
947
1411
11487
6099
27344
7004
23639
3656
27465
20291
920
9628
28474
27715
20352
8366
23796
28919
5420
18422
16501
32117
16291
7248
29179
23274
29549
12549
3770
2674
4266
9830
6044
15684
30917
8378
28055
30616
24405
2211
23360
7540
28295
8474
1483
12392
7191
20332
29676
14588
19058
8798
7913
954
18614
31796
26976
27980
18922
30767
220
16602
23607
23213
20628
96
20895
29481
12313
22718
18518
14040
31828
8105
21726
30370
9867
15981
9101
20421
12117
7067
6289
12252
26281
5948
10059
31474
17580
18075
11315
906
10025
8198
17832
16791
16486
16821
11280
30839
29410
32648
466
9132
16923
20593
20776
19954
30049
21834
9279
31750
8779
5893
8501
27270
19950
2170
19994
24137
12640
15453
23313
4869
29621
19490
29170
1274
5011
22960
28145
3408
21197
16306
4185
24809
6113
2283
22599
21706
15786
3297
12462
8858
30
21583
16971
645
2293
19589
22689
24125
14436
20721
23165
32669
23947
10299
3477
31484
4862
10747
28664
23881
14916
9105
24416
13797
31229
8202
11744
29244
3475
27017
17014
6987
5533
19325
22156
20802
32196
32093
7144
21829
22880
28804
13384
15151
22926
22230
14114
18165
16957
24863
608
16900
16094
15221
8991
1203
21126
14279
10856
21149
2829
22673
29734
11453
1642
18313
15422
25929
30346
7397
8386
24867
27225
13303
15059
16025
28045
7403
9701
11456
6784
4339
27113
24480
7961
28424
20523
30659
26936
12560
21436
7020
10098
27792
8594
9197
28336
3827
8060
22964
3510
1430
3229
23281
14504
20639
11933
25718
13536
11396
14386
6747
32064
18302
18041
30320
29604
13885
6556
29474
31650
4126
20903
20026
4797
4536
27565
1218
10793
2443
21008
20429
29789
17282
17879
27079
13043
5455
10667
17461
16049
7711
22962
2677
22924
5833
14840
7001
5221
15874
18740
20952
497
7531
7668
7764
27901
29499
17910
18639
25952
10311
3140
3884
25939
24255
31482
21892
28709
13675
8746
8573
22299
19178
29881
25983
20706
20478
30199
27118
24634
20486
4245
31487
17424
9494
29278
14184
23864
13397
3809
5049
32416
29266
8785
10922
12642
20247
4277
12154
5841
9263
10142
10961
23460
16062
25707
31745
30375
5738
21716
29772
21823
20379
6197
28471
12988
11432
5639
18231
17080
26212
2866
15514
97
3657
5585
1836
8258
9345
16450
24840
29500
14971
8360
8829
24449
12592
4500
24218
6910
21066
17615
17589
26647
5576
15797
561
4376
32157
6547
7861
10255
12623
3567
32146
13620
6071
5071
11011
7206
14506
23451
25734
23319
2417
30852
20237
4224
32456
15158
29762
20317
6930
23753
22941
3711
1344
23603
22169
10326
25284
23758
19
2216
5184
13854
6972
24263
31850
28252
901
27134
32501
20721
16538
26131
12389
28757
10983
20235
13809
3472
16287
12943
32589
17039
30757
281
13024
24180
16908
31324
28797
15970
27744
20735
27344
8188
1028
24293
13954
13290
31544
16345
6139
5154
3218
28981
28561
14730
25718
12929
4239
22179
1300
14786
16420
7963
23966
22549
30813
27333
31468
29553
10758
4839
11157
6782
30294
22276
29113
18270
5581
4010
6905
28778
26670
31349
21434
4704
4900
16595
5646
17236
30615
4293
15713
28728
16738
21576
26947
21802
25247
24819
6537
17112
8357
25764
651
20306
11496
653
8371
7133
29002
2454
5325
22658
29014
25375
12219
15299
23467
23597
14080
9347
27408
7012
3897
7264
4412
8147
31040
5775
17470
24485
2690
5674
25920
4940
4224
3687
26030
18785
8809
23480
12891
11826
279
21904
8389
12827
20101
22157
28740
24077
24319
24014
15598
19001
4756
21816
2707
3875
32283
31605
2839
22845
21747
29100
30963
25838
3145
12316
10324
22742
6807
32538
24298
5461
15241
31749
19976
13270
17701
10190
777
6229
20987
24458
2810
16955
31727
16978
18932
22937
5853
13957
3509
6506
12619
30690
15862
11732
23373
26644
7970
18457
14114
28985
11791
8471
12613
1016
26776
12155
30622
29841
6796
5093
17920
24094
24669
11313
589
15871
27918
20710
22228
11781
7876
10756
7619
7613
322
19288
19937
10942
16038
15807
31318
25110
27191
29468
22475
1098
23402
23489
32621
10
19127
28539
7981
2816
2325
25565
27048
15060
30630
2112
23089
28827
31999
4969
12135
27915
11687
30739
22750
29757
7965
24193
2519
19985
27617
23841
24670
32589
17184
8437
30329
17524
24622
7469
17568
14332
9498
31070
10206
9985
24422
18501
31037
23149
19824
10227
4216
31235
1208
4089
21503
18619
17492
16371
11624
19450
23477
6959
25641
4685
17333
17984
18822
12867
9009
10888
27460
24401
23745
15775
16715
18696
25814
31325
14128
978
6668
25662
31057
23998
9806
31997
4203
7409
12739
11407
7490
5018
8520
17530
19060
25049
3645
30119
1212
1132
8002
28434
13819
9678
11058
10706
30374
24993
22072
18118
15507
1660
25941
32569
21519
28268
10945
2127
14213
18806
13560
15499
1323
29762
17616
3885
6581
3743
2433
13133
11157
7572
10616
14923
14685
17897
83
3732
15459
15393
17610
29822
16232
5857
22963
9018
23210
275
21630
26806
15968
18628
4729
28982
14012
18078
25066
6331
18932
20717
10631
12945
3743
16377
20856
20457
28618
319
4660
14815
4466
2140
3454
450
7064
14652
24053
13707
3180
25473
28062
18052
15998
1392
13026
16492
4013
20408
3598
30363
24292
10289
23940
11881
12728
30917
7554
27218
29741
23788
22546
17700
30626
20793
21017
2389
1163
25441
7731
23649
16796
2155
27921
15863
31600
19773
10992
5315
23101
9624
21830
13231
24496
23496
27999
19680
13472
13395
27881
23916
14875
31583
28274
11639
2330
24047
14737
13743
13496
15905
11123
20053
28784
31910
11097
9927
4401
30200
9107
14290
5093
28120
12706
14526
7764
25209
4852
31375
3880
10954
29494
8798
2478
7118
8810
11123
11614
7631
16838
2625
32725
20494
25474
6482
4915
9228
18736
14214
1170
17627
14871
25366
25348
25771
29231
8380
20973
24877
5697
15227
22263
5971
27927
11425
12232
7164
25806
11938
12933
6153
9796
1306
18474
2603
15717
29126
7158
287
15664
15016
2703
22709
30274
7591
4100
8286
12192
21474
21876
24215
17258
12077
1647
10539
31705
8129
23459
23736
30916
24367
15408
14212
23767
20969
14166
4847
13892
18811
779
7233
10670
12742
29066
16510
27120
20823
18247
17252
4827
9192
31833
22974
1575
2800
19128
11004
14963
9388
14094
20359
25629
28271
26872
19388
17299
17027
25874
21701
30118
13748
605
17706
31419
13578
19829
32365
22584
7651
27531
6380
26061
20220
21524
6661
30988
22341
18113
22063
28862
31629
2446
1522
11073
30618
16285
14004
14799
380
6168
28309
19576
13888
24759
27004
1878
19383
10582
2071
17896
18812
2545
28128
21898
6390
32422
1240
23915
20284
16797
29068
18321
15146
5500
23924
4306
2336
14655
11070
8959
16230
26905
1685
29043
30082
22253
16263
23141
24631
30972
11780
15665
5016
240
10929
28921
10060
10541
28636
32166
19341
23032
1750
10230
15466
11870
21154
24600
29176
5272
11988
6466
4864
4968
25561
28748
11025
5543
25917
11449
32669
23749
16517
8769
31642
25773
27970
15147
9421
22276
27052
29966
12870
25751
16105
32083
29639
20854
28380
24757
15641
1138
907
26484
15630
1618
4474
1219
17462
23421
5161
26874
17075
18384
30830
23047
16419
28024
9734
31314
24367
9275
31804
30646
30779
12103
5796
14615
28905
289
29803
20986
19174
416
25591
13093
29974
11850
14410
17329
28904
20622
29663
27839
18270
6386
29096
9837
4009
20890
1659
9179
13796
25613
18768
19721
14895
16500
20260
7934
2488
18926
26717
32134
13641
27573
27859
13376
7600
17260
9462
19848
20230
24799
11666
27598
32608
15158
607
32357
22625
3449
12795
8133
29480
30283
31553
4523
10350
9886
9906
6182
14177
29442
23187
6812
9782
21932
13267
14929
22045
15813
32643
7338
5354
19523
25104
12878
27588
15609
15064
5570
12723
11149
26740
27273
3743
11789
9631
2932
5369
8883
24360
25457
18600
25340
16869
25495
11051
21173
6698
30677
7566
7987
4198
28229
20111
26244
11368
4003
22385
27885
27101
19095
15637
21938
23909
26627
29600
13009
1406
19321
15371
6204
24512
29173
21642
28242
27335
31316
24453
14994
26634
4751
7121
385
512
4130
28356
19039
32019
18103
23746
367
22858
24957
6264
18631
14266
20351
19424
12935
3735
4538
4972
16831
13702
6703
12581
15184
11203
23225
380
13534
9401
11807
4878
16204
13983
13563
32130
3676
3822
21080
26521
18260
30877
11591
27298
24756
5513
11285
21702
26123
14196
29923
8210
10217
24878
26965
29277
943
1234
7840
20774
25667
15387
27475
14620
7274
12698
8359
3440
4495
3816
29428
9811
28782
7717
19329
17016
29998
25937
17830
14260
25346
24655
6512
12823
18811
26949
24689
19683
10517
25755
22413
12113
14624
8531
28779
20934
22848
7638
5266
15735
29474
29822
8568
5634
14277
16908
31438
13537
23978
30998
23403
8890
6053
4134
926
11933
2097
3373
9123
18741
31055
26699
17888
9742
2277
17355
5762
24354
25279
2750
32621
32257
5485
23767
26472
31790
30373
4537
22723
14746
23072
13262
23958
17274
22657
15209
16051
13278
23142
14879
26345
5214
1119
11429
16367
11554
19550
25000
10998
8776
129
18849
12352
31715
8390
25345
7732
9278
16624
5543
18938
2446
7227
12977
12280
5544
27347
6512
17009
17493
26623
27555
14010
5662
21241
3732
27709
16506
25600
25962
21471
32219
27325
30385
32127
17998
666
8535
12387
30799
25977
17822
17993
8626
32668
32097
6973
577
12542
20469
3995
25552
14137
23509
16339
2611
17268
19781
15269
8365
25975
14738
27178
4929
20506
6071
5127
8990
14846
11328
30293
31338
2014
13893
12672
8193
16363
8588
9009
16847
12504
24429
12378
12901
15227
24455
18587
25118
29163
15323
28893
30307
9827
668
30889
15555
361
21482
19721
15391
25103
6665
26635
29983
27056
24661
7411
16260
19753
5233
14420
15989
11620
20647
16914
31101
20887
16333
1582
32621
32579
16724
17079
10848
21580
5197
8964
865
10669
20089
15297
20890
1659
4869
21805
10584
1310
12546
13354
27023
30769
10074
22689
1906
32256
31001
11889
10216
5866
13124
27804
15070
28550
30112
931
27079
16706
10332
29595
26498
19744
9380
25564
11241
4195
6578
5360
19528
10822
12505
10644
30683
1811
6754
23265
4756
1838
4430
21852
25710
4331
629
29696
158
24851
31098
26350
14066
9162
16232
30563
13624
18189
21806
28573
695
27178
11087
27790
8816
11342
515
21730
29064
15280
28281
1242
10121
18803
23854
18866
28703
12340
26570
7046
18196
8516
7601
28755
2474
11386
7654
14743
17847
15598
2276
29035
26985
10406
31821
20775
32166
16568
3988
5959
361
19475
10441
28117
27158
9822
14982
25915
23242
8461
8331
19414
5561
28045
29927
4936
14766
29038
9105
23648
19559
21978
1698
8299
10770
8338
9946
23127
24337
31577
14980
25097
4126
30094
1868
26108
20244
24635
24687
14924
8680
9948
31180
231
30461
5721
30323
16924
4951
32460
14535
16060
30408
26724
23019
6928
31209
30160
28441
8945
19463
13267
377
27002
5563
26599
13520
24978
4690
30981
2525
18446
13696
7095
23047
21726
25122
1245
26306
9701
6734
15231
22375
20311
31767
32289
23888
1573
13419
6263
23808
22261
10199
26248
18546
31195
24555
4372
1679
20105
12011
30629
12933
27271
30535
5141
15212
2036
26892
25987
14122
20019
6024
3584
18184
14098
13652
20643
14235
31123
21842
7621
7382
19779
16472
30363
3658
16328
5701
18316
4562
3984
31403
19636
3273
32164
18181
21238
24121
9034
31614
23553
25690
32286
452
3107
6275
31771
30344
11964
31658
4287
9384
23666
1657
10548
28017
24747
21664
10179
20464
22612
5715
30975
26889
8773
3626
13122
21269
12226
2176
18863
23590
26161
19434
17872
31912
18989
7361
2993
17173
30314
24845
30743
26949
26051
6484
11168
22179
6907
8582
9838
23293
20365
25979
15623
27966
13686
3036
27336
4843
24113
1868
24780
16880
7452
28279
25778
16194
23153
25888
19997
2942
13135
12695
25491
4480
5448
21495
9129
2188
16034
19444
15370
27634
6533
2221
26897
5137
6903
626
25539
13267
5586
24613
25581
12185
16826
15736
24917
23739
20478
32103
16242
3975
3356
30353
24015
27460
28189
21932
17289
7576
2471
1112
27918
30864
30050
18097
16133
8094
30195
31585
21571
10808
25351
3233
25582
18195
27475
18997
10124
1938
16239
12327
10898
2424
24938
17383
7101
27819
32392
14280
32514
9002
15303
20083
5444
29188
2033
1374
13459
15589
14534
32020
30846
14508
25325
21191
12037
20194
2438
6113
26921
22240
15154
11641
10278
30677
28243
20698
19792
28958
7760
17438
10958
22523
29343
29000
28003
21595
31261
22879
5700
1232
7317
14766
4759
5854
8449
30024
8725
19690
14093
24602
31637
20918
20466
13914
30035
26018
11339
6630
31556
28409
28010
3141
17614
30479
19082
23359
14014
9636
1472
21209
24684
10947
4456
29695
6052
17006
26231
15757
4986
29150
17986
21706
29738
9255
10887
22024
21944
29957
30580
31973
16765
20647
24230
2115
9150
16170
7659
26421
30864
4143
14784
14612
1813
16732
18352
6418
10444
10194
99
7480
32180
26981
14839
16863
19619
2749
10423
15338
7783
11333
2427
17035
29035
21141
27344
7766
29976
9234
28301
2261
6970
6702
26628
2402
13034
25903
15417
5684
32207
18255
27261
32060
12831
16362
22259
10274
11921
32752
7641
19069
7090
26331
30784
21651
9318
18017
20746
15386
29630
5735
28885
22846
14034
19785
18431
2353
10617
26624
12645
2013
24557
24581
11812
2246
14929
17229
19580
32606
4929
12877
6525
13413
11476
22718
24505
14458
2909
11534
5889
31684
21358
30876
26573
29433
32531
973
24244
17333
31812
3013
20698
22612
4643
3845
12791
3610
4706
4949
84
23546
19904
18329
22322
20904
5175
1113
16523
14179
26877
29914
27744
17189
21851
7480
29493
18693
7218
25511
8638
27182
12602
10602
18670
20764
24226
2462
1021
13061
21740
1258
20039
20323
14237
22808
26039
6555
16887
31448
8555
20669
28258
13454
4640
15796
16066
21867
13405
5445
436
2468
18904
10828
4701
18460
24344
21026
29614
32712
22044
31036
11946
16654
14720
14952
17996
779
910
4257
6030
13414
19492
5569
23049
15348
26028
11772
21407
7910
13747
20909
30650
9692
15617
21305
25893
12056
2855
23401
1791
32043
16410
18743
1090
25025
25628
11922
17995
8637
16362
22078
18986
21694
21337
20719
7069
1635
6683
1162
23011
29995
11839
26298
3152
7006
24129
23631
8847
3940
15729
7696
29394
3128
28010
27467
18895
29955
24159
2652
23894
22263
5773
18617
17451
6969
32370
6191
4586
21917
4245
19183
24355
20093
7737
28152
23704
11446
7331
18036
7477
20118
7498
3568
23582
22578
23080
20870
27603
4915
13745
19986
13813
5170
7629
13759
15238
31967
19421
16627
21130
5225
7005
5295
6272
11413
15683
14936
7056
26191
7670
9465
6156
1099
13682
4895
47
11348
29757
31194
6235
11040
3874
18528
17716
30421
20362
3100
11640
18540
27618
32616
10430
1004
7821
29115
20124
5451
3529
11615
1756
31488
3966
14008
6430
16206
14333
30828
11161
8943
20058
19488
1868
25855
30197
23755
17182
4815
12161
30068
19364
7235
10564
1361
25587
6051
2064
9091
5216
24144
11061
25157
26085
18686
26035
6208
14994
31209
1383
23838
8107
21256
26078
7714
29010
32232
11243
5529
14356
25601
19570
1759
15710
2709
31854
16214
32570
29450
17604
22052
11849
23849
21883
7259
22462
19740
11514
31321
18037
31890
7280
10546
27838
31590
9496
2279
15885
25704
10012
16916
30541
11033
7054
15064
22940
28164
26106
15143
15970
26368
26248
8398
4367
6631
26423
32257
20234
28119
30695
10328
31754
4527
12140
32652
2566
13017
2822
23625
45
26540
7500
1718
17065
6548
6171
14966
29655
23193
10261
17915
6324
581
16790
3575
12286
4912
21590
8641
23431
19662
16823
597
14722
19839
3641
26137
5505
26563
24327
30255
20394
19068
23810
22771
5924
5573
27581
31451
25206
27231
8269
27275
28033
22882
30828
7190
4824
18105
15733
2976
25170
11192
4819
8549
18287
2439
23470
14110
26297
11864
18830
22621
31551
3435
3005
18150
22539
28059
3203
6862
796
17507
31014
28690
20110
29606
18561
20903
18539
3136
28572
6941
14891
4821
5529
17920
819
24759
27258
13476
12989
27696
1164
17521
6399
27283
1348
31095
8047
23956
17187
32466
19645
14598
32641
6161
13996
13386
15030
23697
24482
16706
29138
15067
20726
28009
10053
25107
1506
570
19242
24364
6843
7383
9972
2649
8884
1898
4884
19331
15187
29403
17328
437
17703
14669
10125
26080
2239
26032
9176
6010
30211
5555
16534
25386
5690
5599
9544
28164
32171
10840
18129
28846
24451
21006
24197
11565
5451
15447
14472
1813
8755
30986
11033
17948
1750
1919
28129
7083
20624
29348
9797
20744
2485
30081
16071
12560
18779
20129
32527
22657
10697
2702
17353
24811
13583
7114
13406
13417
4211
18939
20760
15255
30398
1289
20001
30442
22997
30388
25214
5468
3531
15404
7836
15637
28270
8720
31208
16922
29076
30352
2430
31460
11086
12483
5672
17409
18524
12617
28508
16853
15228
28617
9633
15903
10583
24482
12137
13500
19510
10543
2413
10811
20294
12851
22040
3230
8865
9396
24468
12045
19935
4341
28197
32708
21519
19732
31693
32314
26393
28956
4533
17888
11449
27790
11465
28456
29737
19717
10059
28731
24244
11557
2692
2689
17611
3540
2819
14331
31543
31412
6099
25125
4876
7345
28529
11011
6041
32704
24782
19544
28929
18387
8679
7014
25055
20164
19534
23563
12302
6060
29561
26274
24666
2485
8075
2592
3075
14744
19435
31392
25481
27777
23536
3698
8892
5384
6061
4064
25119
13371
11418
21785
11570
24958
19195
31684
18577
22217
25639
24735
6476
28025
20811
19623
11793
7106
10441
21572
32259
8255
23129
18710
28536
22269
20535
31070
26444
28929
13352
29983
5582
17866
10779
32420
4561
29599
7796
367
29132
18695
18487
17260
17049
643
14589
15149
24312
17394
25003
32649
10597
30870
7075
17013
21931
967
16668
18831
8070
28874
9322
24984
6795
22039
23516
30532
23229
28470
32370
6812
10809
15668
19799
11448
13289
13570
13430
2527
24428
1338
22673
21482
28119
30725
18795
20292
11192
5619
12967
17546
4770
28983
4763
15979
2040
20344
2057
23669
21137
1365
11460
12491
15122
24298
6958
16852
31076
21881
7630
1405
147
29976
19721
10233
492
31390
17173
27354
22302
16292
17735
4205
6223
13071
29463
14777
31824
9921
4145
14760
26086
15599
19121
22368
8123
27335
23644
17374
431
12347
11388
20164
18939
13759
20168
21561
11449
19581
18422
14118
19643
21525
32293
28985
30230
23467
22713
13551
32130
8040
11915
770
6554
4081
24635
28342
12946
21730
29575
516
1681
16500
23340
20197
20612
19324
24627
774
9207
31789
5312
8710
30847
5214
22599
23365
17407
28411
27743
8990
21851
1223
25318
2209
17466
28057
10366
2688
4001
17339
28416
10928
17632
445
18854
3116
18607
225
26178
14044
22427
9526
19687
30700
21502
855
25549
31566
6601
8987
6379
12608
4742
19715
13676
31995
2716
19405
14099
32484
31979
18208
15191
29356
9223
29479
11640
31291
5398
6658
10491
9280
10726
1341
4115
4661
29749
27681
15546
7205
3785
21198
31105
12590
6771
4384
28520
16730
10648
22655
7222
29464
28646
13213
22380
15302
31780
29161
19722
29771
11565
16548
7964
7849
10000
20916
17320
141
23032
29104
5075
12348
28902
10843
28358
20886
9506
12479
859
8817
23388
19946
31337
19692
19955
26672
26791
30879
15879
4020
14265
29549
15756
23987
13597
20735
16015
27235
22199
25856
16340
10533
28207
252
20552
31719
21657
23102
20951
9689
7341
31062
14668
20475
13767
27167
29266
14155
28381
16936
6891
26518
19504
11127
12737
14927
24198
20741
19281
978
30912
15305
20541
6618
3810
25334
11968
24999
18882
5120
20300
24672
31848
11731
16939
17367
3464
1031
9855
6507
341
17786
27463
19211
24577
7018
458
16267
28016
32033
13396
19261
27989
8962
9662
11698
14025
32124
11503
23479
27566
16432
26498
11806
1972
1305
21719
14721
6388
2807
1772
13999
22996
18089
15736
27749
5398
620
12926
10207
28463
18648
31146
17163
23493
16062
2126
1539
31996
13068
32226
22397
30975
19421
20456
12205
19376
13159
27645
1084
22196
8191
22015
8047
3336
19696
25248
10319
5318
10215
24200
30397
11749
26079
19663
658
5545
19813
32471
1978
28581
32033
17989
14077
24428
22851
5115
30016
32672
14662
18012
2172
11910
8149
13041
17918
18287
31794
31073
10609
5546
7541
7467
17252
8961
21943
10789
4628
8386
23184
30899
20809
23419
17563
15847
20094
30917
5413
20370
11756
14942
20132
14743
5214
25987
6412
10549
5788
5541
16589
2594
5288
19623
13955
6945
27102
17616
24413
9727
11108
2602
617
2471
30562
4838
22146
11807
4670
26783
20670
14701
29697
17573
31570
2754
29491
17082
30215
3508
30152
23512
26571
24823
11801
18153
15832
23073
21935
11112
3250
7828
21369
22595
14881
29851
8471
3858
6534
22802
19556
23864
13930
1873
1151
22554
12620
19936
31159
986
5175
20260
4512
31694
17556
1528
8762
27651
4101
24847
18228
20468
15025
23465
1150
10542
13704
18557
22807
9117
17942
4671
15470
2692
12776
18885
27636
2915
27415
23665
15028
10806
29192
9629
9122
3724
11728
2567
29867
16823
8437
22643
7070
16524
814
31761
380
10343
22732
3896
20445
26363
4474
2778
17882
10037
21876
3620
7565
22492
26086
6032
9937
10317
12695
29061
366
14311
19895
28370
24893
9940
23310
19521
27320
5399
27010
901
11992
11245
30019
16635
18217
30570
4202
25164
18391
15708
7399
18264
1511
22422
28762
25910
32545
28117
31484
26742
16272
12583
11846
7335
23224
10643
5993
12656
1944
20551
16782
32092
31517
21140
6633
16656
24254
20135
21204
11896
32230
14671
6340
